[1, 3, 4, 7]
[6, 8, 9, 10]
[3, 9, 10, 16]
[6, 10, 13, 22]
[6, 10, 13, 26]
[11, 15, 21, 24]
[15, 16, 21, 24]
[4, 11, 15, 24]
[4, 5, 11, 28]
[4, 11, 13, 28]
[10, 13, 20, 26]
[3, 11, 14, 16]
[3, 9, 14, 16]
[6, 8, 10, 23]
[1, 6, 8, 23]
[1, 3, 23, 29]
[2, 6, 8, 23]
[6, 10, 22, 23]
[2, 6, 22, 23]
[2, 22, 23, 29]
[2, 13, 22, 29]
[1, 4, 5, 25]
[2, 4, 13, 26]
[2, 6, 13, 26]
[2, 4, 13, 22]
[2, 4, 5, 22]
[2, 5, 6, 22]
[2, 6, 13, 22]
[3, 11, 23, 29]
[1, 3, 12, 29]
[3, 11, 12, 29]
[3, 12, 17, 29]
[4, 11, 15, 28]
[11, 13, 15, 28]
[4, 13, 15, 28]
[6, 13, 15, 28]
[4, 7, 13, 22]
[7, 10, 13, 22]
[2, 5, 22, 24]
[4, 5, 22, 24]
[2, 4, 22, 24]
[2, 22, 24, 29]
[22, 23, 24, 29]
[11, 23, 24, 29]
[2, 23, 24, 29]
[11, 21, 24, 29]
[11, 16, 21, 24]
[2, 4, 24, 26]
[4, 5, 11, 24]
[5, 11, 16, 24]
[6, 7, 10, 13]
[1, 4, 7, 19]
[4, 5, 19, 28]
[1, 4, 5, 19]
[16, 18, 19, 21]
[10, 16, 18, 19]
[19, 21, 27, 29]
[7, 10, 19, 27]
[15, 19, 27, 28]
[15, 19, 21, 27]
[7, 10, 18, 19]
[2, 6, 13, 18]
[6, 13, 17, 18]
[6, 13, 18, 28]
[6, 10, 13, 18]
[6, 13, 27, 28]
[6, 13, 17, 27]
[6, 10, 13, 27]
[11, 13, 18, 28]
[6, 13, 26, 27]
[6, 13, 18, 26]
[10, 13, 26, 27]
[2, 13, 18, 26]
[13, 18, 20, 26]
[10, 13, 18, 26]
[11, 13, 27, 28]
[11, 13, 27, 29]
[5, 16, 18, 19]
[3, 10, 16, 18]
[3, 10, 12, 18]
[10, 12, 18, 20]
[10, 16, 18, 20]
[10, 18, 20, 23]
[3, 10, 18, 23]
[3, 11, 12, 18]
[11, 16, 18, 21]
[3, 11, 16, 18]
[3, 12, 17, 18]
[3, 11, 18, 23]
[5, 11, 16, 18]
[5, 11, 18, 28]
[11, 18, 23, 28]
[11, 15, 18, 28]
[11, 24, 27, 29]
[11, 21, 24, 27]
[3, 11, 27, 29]
[3, 17, 27, 29]
[17, 24, 27, 29]
[11, 15, 16, 24]
[2, 22, 23, 24]
[2, 18, 22, 23]
[7, 10, 18, 23]
[3, 7, 10, 23]
[7, 10, 19, 25]
[10, 18, 19, 25]
[10, 16, 19, 25]
[7, 10, 18, 25]
[10, 16, 18, 25]
[7, 18, 19, 25]
[4, 7, 19, 25]
[1, 7, 19, 25]
[5, 18, 19, 25]
[5, 16, 19, 25]
[4, 5, 19, 25]
[1, 5, 19, 25]
[16, 18, 19, 25]
[1, 19, 25, 29]
[1, 4, 19, 25]
[4, 5, 24, 25]
[1, 4, 7, 25]
[5, 16, 18, 25]
[7, 10, 18, 22]
[7, 10, 22, 23]
[10, 18, 22, 23]
[2, 5, 18, 22]
[7, 18, 22, 23]
[2, 4, 5, 24]
[5, 16, 20, 24]
[5, 16, 18, 20]
[5, 18, 19, 28]
[0, 3, 7, 10]
[0, 3, 9, 10]
[0, 8, 9, 10]
[0, 7, 10, 18]
[0, 1, 3, 7]
[5, 6, 18, 28]
[15, 18, 19, 28]
[0, 3, 10, 18]
[0, 5, 18, 28]
[6, 15, 17, 18]
[5, 6, 17, 18]
[2, 5, 6, 18]
[2, 6, 18, 26]
[2, 6, 18, 22]
[6, 7, 18, 22]
[6, 7, 10, 18]
[18, 19, 21, 25]
[19, 21, 25, 29]
[16, 18, 21, 25]
[16, 19, 21, 25]
[3, 7, 10, 18]
[10, 18, 20, 26]
[6, 7, 10, 22]
[6, 10, 18, 22]
[6, 10, 18, 26]
[5, 6, 18, 22]
[6, 10, 26, 27]
[6, 10, 22, 27]
[6, 7, 13, 27]
[6, 13, 22, 27]
[6, 7, 13, 18]
[6, 7, 13, 22]
[6, 13, 18, 22]
[0, 5, 6, 18]
[0, 5, 6, 28]
[13, 15, 17, 27]
[1, 3, 7, 23]
[2, 13, 18, 22]
[7, 13, 18, 22]
[10, 13, 18, 20]
[10, 13, 18, 22]
[0, 3, 11, 18]
[0, 11, 16, 18]
[7, 10, 13, 18]
[13, 22, 27, 29]
[13, 17, 27, 29]
[7, 13, 22, 27]
[10, 13, 22, 27]
[19, 21, 25, 27]
[21, 24, 25, 27]
[21, 25, 27, 29]
[0, 21, 24, 27]
[0, 11, 21, 27]
[0, 18, 23, 28]
[0, 3, 18, 23]
[0, 11, 18, 23]
[0, 1, 3, 23]
[0, 1, 8, 23]
[0, 3, 11, 23]
[0, 3, 14, 16]
[0, 3, 9, 16]
[0, 9, 14, 16]
[0, 3, 9, 14]
[0, 3, 11, 14]
[4, 15, 19, 28]
[4, 15, 19, 25]
[4, 13, 15, 25]
[4, 7, 13, 25]
[4, 11, 13, 15]
[6, 13, 15, 17]
[15, 16, 19, 21]
[15, 16, 19, 25]
[7, 10, 13, 25]
[0, 3, 11, 16]
[0, 11, 15, 16]
[0, 11, 14, 16]
[0, 11, 15, 28]
[0, 5, 11, 28]
[0, 5, 11, 16]
[0, 5, 9, 16]
[0, 9, 10, 16]
[0, 3, 10, 16]
[15, 19, 21, 25]
[15, 16, 21, 25]
[6, 8, 23, 28]
[0, 6, 8, 28]
[13, 15, 18, 28]
[3, 10, 18, 26]
[10, 13, 18, 25]
[3, 7, 10, 27]
[7, 10, 22, 27]
[7, 10, 13, 27]
[11, 21, 27, 29]
[11, 15, 21, 27]
[15, 21, 25, 27]
[7, 10, 25, 27]
[7, 19, 25, 27]
[7, 13, 25, 27]
[6, 7, 10, 27]
[6, 7, 22, 27]
[3, 10, 26, 27]
[10, 19, 25, 27]
[19, 25, 27, 29]
[13, 25, 27, 29]
[10, 13, 25, 27]
[24, 25, 27, 29]
[21, 24, 27, 29]
[21, 24, 26, 27]
[11, 15, 27, 28]
[13, 15, 27, 28]
[11, 13, 15, 27]
[22, 24, 27, 29]
[6, 7, 10, 23]
[1, 6, 7, 23]
[6, 18, 23, 28]
[2, 6, 18, 23]
[6, 18, 22, 23]
[3, 7, 18, 23]
[6, 10, 18, 23]
[6, 7, 22, 23]
[21, 24, 25, 29]
[16, 21, 24, 25]
[5, 16, 24, 25]
[7, 13, 18, 25]
[6, 7, 18, 23]
[15, 18, 21, 25]
[15, 18, 19, 25]
[15, 16, 18, 25]
[11, 15, 18, 21]
[0, 11, 18, 28]
[0, 5, 11, 18]
[0, 11, 18, 21]
[0, 16, 18, 21]
[0, 3, 7, 18]
[0, 3, 16, 18]
[0, 11, 16, 21]
[0, 5, 16, 18]
[0, 10, 16, 18]
[0, 11, 23, 28]
[0, 8, 23, 28]
[0, 7, 18, 23]
[0, 1, 7, 23]
[0, 3, 7, 23]
[0, 10, 18, 23]
[0, 7, 10, 23]
[0, 8, 10, 23]
[0, 3, 10, 23]
[0, 15, 18, 21]
[0, 6, 18, 23]
[0, 6, 23, 28]
[0, 1, 6, 23]
[0, 6, 8, 23]
[0, 6, 10, 23]
[0, 6, 7, 23]
[0, 6, 10, 18]
[0, 11, 15, 18]
[0, 6, 18, 28]
[0, 11, 15, 21]
[0, 15, 16, 21]
[11, 15, 16, 21]
[15, 21, 24, 25]
[4, 15, 24, 25]
[15, 16, 24, 25]
[15, 16, 20, 24]
[0, 15, 21, 24]
[0, 11, 15, 24]
[0, 6, 15, 28]
[0, 1, 6, 7]
[0, 1, 5, 6]
[0, 1, 6, 8]
[0, 5, 6, 9]
[13, 15, 18, 25]
[13, 15, 18, 20]
[13, 15, 25, 27]
[6, 13, 15, 18]
[13, 15, 17, 18]
[11, 13, 15, 18]
[15, 18, 19, 21]
[11, 15, 16, 18]
[15, 16, 18, 20]
[0, 16, 21, 24]
[0, 11, 21, 24]
[0, 5, 16, 24]
[0, 11, 16, 24]
[0, 15, 18, 28]
[15, 16, 18, 21]
[15, 21, 24, 27]
[0, 5, 11, 24]
[0, 11, 23, 24]
[0, 15, 21, 27]
[0, 3, 10, 27]
[0, 7, 10, 27]
[0, 15, 16, 24]
[0, 15, 16, 18]
[15, 16, 18, 19]
[0, 11, 24, 27]
[11, 15, 24, 27]
[15, 24, 25, 27]
[0, 6, 8, 9]
[0, 6, 7, 18]
[0, 15, 24, 27]
[15, 19, 25, 27]
[0, 15, 27, 28]
[0, 11, 15, 27]
[0, 11, 27, 28]
[0, 3, 11, 27]
[0, 3, 7, 27]
[15, 17, 24, 27]
[0, 6, 7, 27]
[0, 6, 27, 28]
[0, 6, 15, 27]
[0, 6, 10, 27]
[0, 6, 15, 18]
[0, 6, 8, 10]
[0, 6, 9, 10]
[0, 6, 7, 10]
[6, 15, 18, 28]
[6, 13, 15, 27]
[6, 15, 17, 27]
[6, 15, 27, 28]
