[7, 8, 22, 35]
[3, 8, 22, 35]
[5, 7, 19, 22]
[3, 7, 19, 22]
[7, 17, 20, 29]
[12, 17, 20, 29]
[5, 7, 9, 29]
[5, 7, 21, 29]
[5, 29, 32, 36]
[6, 29, 32, 36]
[6, 23, 27, 36]
[5, 23, 27, 36]
[20, 23, 27, 36]
[17, 23, 27, 36]
[7, 21, 25, 26]
[2, 21, 25, 26]
[14, 20, 27, 36]
[14, 17, 27, 36]
[21, 26, 27, 38]
[11, 21, 26, 38]
[10, 18, 21, 38]
[11, 18, 21, 38]
[10, 11, 21, 38]
[6, 10, 21, 38]
[18, 21, 22, 38]
[6, 21, 22, 38]
[5, 21, 22, 38]
[6, 18, 21, 38]
[5, 21, 27, 38]
[6, 21, 27, 38]
[6, 11, 21, 38]
[5, 18, 21, 38]
[5, 9, 21, 38]
[9, 10, 21, 38]
[9, 21, 27, 38]
[10, 12, 21, 38]
[12, 18, 21, 38]
[9, 12, 21, 38]
[12, 21, 26, 38]
[5, 15, 22, 38]
[5, 18, 22, 38]
[7, 25, 26, 39]
[11, 25, 26, 39]
[26, 28, 33, 39]
[11, 26, 28, 39]
[16, 25, 26, 39]
[7, 26, 35, 39]
[11, 26, 35, 39]
[16, 26, 35, 39]
[13, 16, 26, 39]
[13, 26, 33, 39]
[5, 19, 32, 36]
[5, 7, 19, 32]
[11, 13, 26, 39]
[5, 23, 27, 39]
[5, 7, 27, 39]
[5, 27, 38, 39]
[9, 27, 38, 39]
[6, 27, 36, 38]
[17, 27, 36, 38]
[8, 20, 27, 36]
[0, 8, 20, 27]
[13, 25, 26, 39]
[3, 26, 28, 30]
[11, 26, 28, 30]
[2, 26, 28, 30]
[2, 3, 26, 30]
[3, 11, 26, 30]
[2, 3, 26, 28]
[3, 11, 26, 28]
[11, 26, 28, 34]
[3, 26, 28, 34]
[2, 3, 7, 26]
[8, 15, 22, 33]
[3, 7, 8, 22]
[3, 7, 8, 20]
[8, 10, 20, 33]
[1, 8, 11, 18]
[1, 8, 11, 21]
[8, 10, 11, 21]
[7, 8, 21, 22]
[8, 10, 18, 33]
[8, 10, 11, 18]
[8, 18, 22, 33]
[3, 8, 20, 34]
[8, 18, 21, 22]
[15, 19, 22, 33]
[6, 15, 22, 33]
[6, 18, 22, 33]
[6, 10, 11, 18]
[6, 10, 11, 31]
[3, 14, 20, 34]
[3, 11, 14, 34]
[9, 14, 27, 34]
[3, 11, 34, 35]
[11, 14, 17, 34]
[6, 10, 17, 33]
[10, 17, 20, 33]
[14, 17, 20, 33]
[14, 15, 19, 33]
[0, 6, 15, 22]
[0, 15, 22, 25]
[5, 15, 19, 22]
[5, 15, 22, 25]
[8, 15, 22, 35]
[3, 7, 22, 35]
[13, 14, 16, 32]
[2, 13, 16, 32]
[6, 13, 16, 32]
[2, 6, 13, 16]
[13, 14, 19, 36]
[3, 13, 14, 19]
[5, 7, 22, 39]
[5, 18, 22, 39]
[0, 13, 22, 39]
[13, 22, 33, 39]
[13, 18, 22, 39]
[13, 19, 22, 33]
[3, 13, 19, 22]
[2, 3, 7, 22]
[2, 3, 6, 22]
[3, 6, 19, 22]
[6, 19, 22, 33]
[14, 24, 29, 36]
[14, 17, 24, 29]
[14, 19, 24, 36]
[14, 19, 24, 32]
[14, 16, 24, 29]
[13, 14, 32, 36]
[3, 13, 14, 32]
[2, 13, 16, 37]
[6, 13, 16, 37]
[13, 14, 19, 33]
[13, 14, 19, 27]
[6, 13, 19, 36]
[11, 17, 18, 38]
[6, 10, 11, 17]
[4, 17, 20, 36]
[4, 20, 30, 36]
[3, 11, 30, 35]
[24, 36, 37, 38]
[17, 24, 36, 38]
[10, 17, 24, 38]
[5, 24, 38, 39]
[11, 24, 38, 39]
[10, 11, 24, 38]
[11, 17, 24, 38]
[5, 24, 37, 38]
[12, 24, 37, 38]
[10, 12, 24, 38]
[12, 17, 24, 38]
[5, 24, 36, 38]
[5, 36, 37, 38]
[5, 22, 37, 38]
[5, 9, 37, 38]
[5, 15, 37, 38]
[15, 22, 37, 38]
[15, 26, 37, 38]
[21, 26, 37, 38]
[21, 22, 37, 38]
[9, 21, 37, 38]
[5, 21, 37, 38]
[5, 22, 38, 39]
[11, 26, 38, 39]
[11, 26, 34, 38]
[3, 11, 26, 34]
[5, 7, 21, 22]
[3, 8, 11, 34]
[0, 8, 15, 22]
[0, 8, 13, 22]
[0, 8, 20, 34]
[0, 8, 10, 20]
[3, 7, 8, 35]
[3, 8, 34, 35]
[8, 11, 34, 35]
[3, 8, 11, 35]
[5, 7, 32, 39]
[7, 22, 35, 39]
[5, 7, 9, 39]
[5, 7, 9, 21]
[13, 14, 17, 33]
[13, 14, 17, 36]
[11, 13, 14, 17]
[10, 11, 17, 24]
[11, 24, 35, 39]
[5, 13, 32, 39]
[11, 13, 32, 39]
[13, 16, 32, 39]
[5, 13, 32, 36]
[3, 11, 13, 32]
[11, 13, 14, 32]
[5, 13, 22, 39]
[12, 28, 31, 33]
[1, 12, 28, 31]
[11, 14, 28, 31]
[5, 9, 38, 39]
[6, 17, 36, 38]
[6, 10, 17, 38]
[0, 22, 28, 39]
[22, 28, 33, 39]
[0, 1, 28, 39]
[6, 22, 28, 33]
[5, 7, 29, 39]
[3, 11, 28, 34]
[3, 11, 28, 30]
[5, 13, 19, 22]
[5, 13, 19, 36]
[5, 15, 22, 23]
[5, 22, 23, 39]
[4, 28, 30, 31]
[1, 28, 31, 39]
[28, 31, 33, 39]
[2, 28, 30, 31]
[6, 28, 31, 33]
[9, 16, 25, 34]
[0, 9, 25, 34]
[8, 12, 18, 33]
[0, 8, 12, 18]
[6, 11, 18, 23]
[6, 11, 17, 18]
[8, 11, 18, 34]
[10, 11, 18, 30]
[8, 12, 15, 29]
[8, 9, 12, 29]
[0, 1, 8, 12]
[0, 8, 9, 12]
[0, 8, 9, 34]
[0, 8, 9, 10]
[0, 9, 23, 39]
[15, 22, 23, 35]
[11, 24, 31, 35]
[11, 24, 31, 39]
[11, 26, 30, 31]
[11, 26, 31, 39]
[10, 11, 24, 31]
[8, 13, 18, 22]
[8, 13, 18, 33]
[13, 26, 33, 37]
[13, 16, 26, 37]
[3, 13, 26, 37]
[4, 9, 30, 37]
[4, 30, 36, 37]
[5, 7, 23, 39]
[5, 7, 9, 23]
[5, 9, 23, 39]
[7, 9, 23, 39]
[0, 9, 10, 23]
[1, 11, 28, 39]
[9, 14, 16, 34]
[14, 17, 20, 36]
[14, 17, 20, 34]
[3, 14, 19, 34]
[3, 14, 28, 34]
[3, 11, 14, 28]
[10, 11, 17, 38]
[11, 14, 28, 34]
[14, 28, 31, 34]
[5, 19, 22, 37]
[5, 15, 19, 37]
[15, 19, 22, 37]
[15, 22, 35, 37]
[5, 15, 22, 37]
[15, 19, 31, 33]
[15, 31, 33, 37]
[5, 19, 36, 37]
[19, 30, 36, 37]
[30, 35, 36, 37]
[3, 19, 22, 37]
[3, 22, 35, 37]
[10, 17, 18, 38]
[17, 18, 34, 38]
[5, 18, 37, 38]
[18, 22, 37, 38]
[5, 18, 22, 37]
[4, 9, 12, 37]
[0, 8, 18, 22]
[6, 10, 17, 18]
[5, 18, 21, 37]
[1, 18, 21, 37]
[16, 18, 21, 37]
[18, 21, 37, 38]
[1, 8, 18, 21]
[8, 10, 18, 21]
[3, 30, 35, 37]
[0, 1, 8, 18]
[0, 8, 18, 34]
[0, 8, 10, 18]
[19, 22, 33, 37]
[14, 19, 31, 33]
[14, 15, 31, 33]
[10, 17, 18, 33]
[16, 18, 24, 37]
[6, 16, 32, 37]
[6, 32, 36, 37]
[6, 16, 18, 37]
[6, 18, 32, 37]
[18, 24, 37, 38]
[10, 18, 24, 38]
[6, 16, 18, 32]
[6, 17, 18, 38]
[6, 10, 18, 38]
[6, 18, 37, 38]
[0, 6, 10, 18]
[6, 18, 33, 37]
[6, 10, 18, 33]
[17, 18, 24, 38]
[5, 18, 24, 38]
[5, 18, 24, 37]
[18, 24, 32, 37]
[4, 15, 31, 37]
[15, 31, 35, 37]
[14, 15, 29, 33]
[14, 20, 29, 34]
[9, 14, 29, 34]
[14, 16, 29, 34]
[9, 14, 16, 29]
[14, 20, 29, 36]
[9, 16, 29, 34]
[20, 29, 30, 36]
[8, 20, 29, 36]
[7, 8, 20, 29]
[7, 8, 9, 29]
[8, 9, 29, 34]
[0, 9, 27, 34]
[4, 27, 30, 36]
[4, 9, 27, 30]
[19, 27, 30, 36]
[3, 19, 30, 37]
[9, 27, 34, 38]
[14, 19, 27, 36]
[14, 19, 27, 34]
[7, 9, 29, 39]
[26, 27, 34, 38]
[24, 35, 36, 37]
[3, 26, 30, 37]
[3, 26, 35, 37]
[26, 30, 35, 37]
[15, 26, 35, 37]
[16, 26, 35, 37]
[3, 26, 30, 35]
[3, 7, 26, 35]
[13, 19, 27, 36]
[13, 14, 27, 36]
[3, 26, 34, 35]
[16, 26, 34, 35]
[11, 26, 34, 35]
[3, 11, 26, 35]
[11, 26, 30, 35]
[3, 11, 13, 26]
[3, 11, 13, 14]
[11, 17, 34, 38]
[17, 27, 34, 38]
[4, 17, 27, 36]
[14, 17, 27, 34]
[13, 14, 17, 27]
[13, 17, 27, 36]
[13, 17, 26, 27]
[13, 17, 26, 33]
[11, 13, 17, 26]
[7, 17, 26, 27]
[17, 26, 27, 34]
[17, 26, 27, 38]
[11, 17, 26, 38]
[17, 26, 34, 38]
[11, 17, 26, 34]
[17, 20, 27, 34]
[4, 17, 20, 27]
[7, 17, 20, 27]
[17, 20, 27, 36]
[14, 17, 20, 27]
[14, 20, 27, 34]
[4, 20, 27, 30]
[20, 27, 30, 36]
[4, 20, 27, 36]
[0, 20, 27, 34]
[8, 20, 27, 34]
[7, 8, 20, 27]
[2, 3, 7, 20]
[7, 8, 9, 27]
[5, 7, 9, 27]
[5, 7, 19, 27]
[5, 19, 27, 36]
[8, 9, 27, 34]
[6, 19, 27, 36]
[6, 15, 19, 22]
[6, 15, 19, 33]
[2, 6, 15, 22]
[6, 15, 22, 38]
[6, 18, 22, 38]
[6, 11, 18, 38]
[11, 18, 34, 38]
[8, 20, 29, 34]
[0, 6, 18, 22]
[2, 3, 20, 30]
[5, 9, 27, 38]
[6, 11, 18, 32]
[2, 6, 16, 32]
[2, 3, 6, 32]
[6, 19, 32, 36]
[3, 6, 19, 32]
[3, 6, 11, 32]
[3, 6, 32, 37]
[2, 3, 7, 32]
[4, 20, 25, 36]
[11, 18, 24, 25]
[5, 27, 36, 38]
[10, 11, 18, 38]
[2, 10, 20, 30]
[11, 18, 24, 38]
[5, 19, 24, 36]
[0, 8, 9, 27]
[0, 8, 27, 34]
[6, 10, 11, 38]
[12, 14, 16, 24]
[12, 16, 24, 35]
[10, 11, 18, 24]
[11, 14, 24, 28]
[2, 3, 22, 28]
[2, 3, 28, 30]
[26, 27, 28, 34]
[26, 27, 28, 30]
[14, 27, 28, 34]
[4, 27, 28, 30]
[0, 27, 28, 34]
[3, 6, 13, 22]
[3, 6, 13, 19]
[3, 6, 11, 13]
[6, 13, 19, 22]
[6, 13, 19, 27]
[6, 13, 27, 36]
[5, 13, 19, 27]
[2, 6, 15, 23]
[3, 8, 11, 13]
[8, 13, 27, 36]
[8, 13, 22, 33]
[3, 8, 13, 22]
[12, 16, 26, 35]
[9, 12, 14, 16]
[8, 12, 15, 35]
[12, 15, 26, 35]
[12, 14, 20, 33]
[12, 14, 15, 33]
[8, 10, 12, 33]
[10, 12, 20, 33]
[0, 9, 10, 12]
[0, 10, 12, 20]
[8, 12, 15, 33]
[8, 12, 20, 33]
[12, 15, 26, 33]
[6, 13, 22, 33]
[6, 13, 19, 33]
[10, 12, 18, 33]
[13, 18, 33, 39]
[18, 22, 33, 39]
[13, 18, 22, 33]
[1, 11, 23, 39]
[11, 23, 35, 39]
[7, 23, 35, 39]
[7, 23, 27, 39]
[7, 22, 23, 39]
[22, 23, 35, 39]
[9, 23, 27, 39]
[7, 20, 23, 27]
[5, 7, 23, 27]
[7, 9, 23, 27]
[5, 9, 23, 27]
[7, 22, 23, 35]
[5, 7, 22, 23]
[5, 13, 27, 36]
[2, 10, 17, 20]
[2, 7, 17, 26]
[2, 13, 17, 26]
[2, 10, 17, 24]
[2, 7, 17, 20]
[17, 20, 29, 34]
[1, 11, 18, 21]
[1, 11, 28, 31]
[11, 26, 28, 31]
[3, 7, 19, 32]
[3, 14, 19, 32]
[14, 19, 32, 36]
[3, 11, 14, 32]
[5, 7, 21, 27]
[2, 13, 16, 25]
[5, 13, 21, 25]
[13, 16, 21, 25]
[5, 7, 9, 25]
[7, 9, 21, 27]
[5, 9, 21, 27]
[7, 21, 26, 27]
[0, 9, 23, 27]
[0, 15, 22, 23]
[0, 20, 23, 27]
[0, 20, 25, 34]
[5, 7, 22, 25]
[11, 18, 24, 32]
[16, 18, 24, 32]
[5, 18, 24, 32]
[5, 18, 22, 23]
[5, 18, 21, 22]
[18, 21, 22, 23]
[16, 18, 25, 34]
[13, 16, 18, 32]
[19, 24, 32, 36]
[5, 19, 24, 32]
[13, 19, 32, 36]
[3, 13, 19, 32]
[5, 13, 19, 32]
[6, 13, 19, 32]
[6, 11, 13, 32]
[6, 10, 11, 23]
[0, 6, 10, 23]
[0, 8, 10, 12]
[8, 9, 10, 12]
[9, 10, 12, 38]
[12, 15, 26, 38]
[8, 10, 12, 20]
[0, 8, 12, 20]
[0, 6, 15, 23]
[0, 6, 22, 23]
[0, 8, 12, 15]
[12, 14, 16, 32]
[12, 14, 24, 32]
[5, 24, 32, 39]
[5, 24, 32, 36]
[24, 32, 36, 37]
[0, 22, 23, 39]
[7, 9, 27, 39]
[5, 9, 27, 39]
[0, 1, 23, 39]
[5, 13, 36, 37]
[2, 7, 20, 23]
[0, 9, 27, 39]
[0, 23, 27, 39]
[7, 26, 27, 39]
[0, 8, 13, 27]
[7, 17, 23, 27]
[12, 26, 28, 33]
[12, 14, 28, 33]
[0, 1, 12, 28]
[12, 14, 24, 28]
[12, 15, 26, 31]
[0, 10, 20, 23]
[12, 16, 24, 32]
[12, 24, 28, 32]
[12, 14, 17, 20]
[12, 14, 20, 31]
[4, 12, 20, 31]
[10, 12, 20, 31]
[12, 14, 28, 31]
[4, 12, 28, 31]
[10, 12, 24, 31]
[12, 14, 24, 31]
[1, 11, 23, 31]
[14, 17, 29, 34]
[14, 17, 29, 36]
[11, 30, 31, 35]
[11, 31, 34, 35]
[7, 17, 20, 23]
[10, 17, 20, 23]
[17, 20, 23, 36]
[17, 20, 23, 27]
[10, 11, 17, 23]
[11, 23, 31, 35]
[5, 13, 27, 39]
[0, 27, 28, 39]
[11, 14, 28, 32]
[0, 13, 27, 39]
[0, 13, 18, 22]
[13, 17, 18, 33]
[0, 8, 13, 18]
[3, 11, 28, 32]
[13, 14, 19, 32]
[3, 14, 28, 32]
[5, 13, 18, 32]
[11, 13, 18, 32]
[2, 3, 28, 32]
[2, 3, 13, 32]
[5, 13, 25, 36]
[5, 13, 22, 25]
[0, 13, 22, 25]
[9, 16, 21, 25]
[7, 8, 9, 21]
[10, 11, 21, 23]
[1, 11, 21, 23]
[5, 7, 21, 23]
[7, 21, 22, 23]
[7, 21, 23, 27]
[7, 8, 21, 27]
[14, 24, 32, 36]
[14, 16, 24, 32]
[14, 24, 28, 32]
[13, 16, 21, 26]
[13, 21, 26, 27]
[21, 26, 27, 28]
[2, 7, 21, 26]
[7, 9, 21, 23]
[11, 21, 26, 28]
[8, 13, 21, 22]
[1, 11, 21, 28]
[8, 11, 13, 21]
[8, 13, 21, 27]
[10, 11, 17, 18]
[1, 18, 21, 23]
[10, 18, 21, 23]
[13, 21, 25, 26]
[13, 21, 22, 25]
[12, 16, 21, 25]
[9, 12, 21, 25]
[12, 21, 25, 26]
[12, 18, 21, 25]
[12, 15, 25, 26]
[12, 16, 25, 26]
[4, 12, 15, 25]
[13, 16, 25, 26]
[11, 13, 25, 26]
[0, 1, 18, 23]
[0, 18, 22, 23]
[0, 10, 18, 23]
[0, 18, 23, 39]
[18, 22, 23, 39]
[1, 18, 23, 39]
[0, 6, 18, 23]
[6, 10, 18, 23]
[6, 18, 22, 23]
[6, 17, 18, 23]
[6, 10, 17, 23]
[10, 11, 23, 31]
[10, 11, 30, 31]
[10, 20, 30, 31]
[10, 20, 31, 33]
[14, 19, 31, 34]
[14, 28, 29, 34]
[14, 28, 29, 33]
[14, 20, 29, 33]
[8, 20, 29, 33]
[8, 15, 29, 33]
[26, 30, 31, 35]
[26, 31, 34, 35]
[11, 14, 31, 34]
[14, 20, 31, 34]
[4, 20, 30, 31]
[10, 20, 23, 31]
[14, 20, 31, 33]
[9, 10, 21, 23]
[14, 15, 19, 31]
[13, 14, 19, 31]
[13, 14, 31, 33]
[13, 19, 31, 33]
[14, 19, 24, 31]
[14, 17, 24, 36]
[15, 26, 31, 35]
[15, 26, 31, 33]
[13, 26, 31, 33]
[12, 26, 31, 33]
[12, 17, 26, 33]
[10, 12, 17, 24]
[4, 12, 15, 31]
[12, 15, 31, 35]
[12, 24, 31, 35]
[12, 15, 31, 33]
[12, 14, 17, 24]
[10, 12, 17, 38]
[10, 12, 17, 33]
[12, 17, 20, 33]
[2, 7, 21, 22]
[10, 12, 31, 33]
[12, 20, 31, 33]
[8, 9, 21, 27]
[5, 13, 21, 27]
[8, 9, 10, 21]
[5, 13, 21, 22]
[1, 8, 12, 21]
[8, 10, 12, 21]
[1, 12, 18, 21]
[8, 12, 18, 21]
[9, 12, 16, 21]
[8, 9, 12, 21]
[5, 9, 21, 23]
[9, 21, 23, 27]
[5, 21, 22, 23]
[7, 21, 22, 25]
[5, 21, 22, 25]
[5, 7, 21, 25]
[1, 12, 21, 28]
[13, 26, 27, 39]
[26, 28, 31, 39]
[13, 18, 32, 39]
[0, 13, 18, 39]
[16, 24, 32, 39]
[4, 12, 28, 32]
[12, 14, 28, 32]
[10, 12, 17, 20]
[26, 27, 38, 39]
[26, 27, 28, 39]
[5, 21, 23, 27]
[24, 28, 32, 39]
[16, 24, 35, 39]
[11, 14, 17, 24]
[13, 32, 36, 37]
[3, 13, 32, 37]
[13, 19, 32, 37]
[11, 28, 32, 39]
[11, 13, 21, 26]
[11, 14, 24, 32]
[11, 24, 28, 32]
[11, 24, 28, 39]
[13, 16, 25, 39]
[0, 13, 25, 39]
[28, 29, 32, 39]
[28, 29, 33, 39]
[17, 20, 29, 36]
[16, 29, 32, 39]
[14, 28, 29, 32]
[9, 16, 21, 29]
[7, 9, 21, 29]
[17, 20, 29, 33]
[14, 17, 20, 29]
[14, 17, 29, 33]
[14, 29, 32, 36]
[5, 7, 29, 32]
[2, 17, 20, 23]
[2, 10, 20, 23]
[11, 25, 26, 34]
[11, 13, 25, 39]
[13, 22, 25, 39]
[2, 15, 22, 25]
[8, 9, 21, 29]
[7, 8, 21, 29]
[5, 9, 21, 29]
[7, 29, 32, 39]
[8, 11, 18, 21]
[10, 11, 18, 21]
[10, 17, 18, 23]
[11, 17, 18, 23]
[11, 18, 21, 23]
[12, 28, 29, 33]
[12, 14, 28, 29]
[12, 17, 18, 38]
[10, 12, 17, 18]
[9, 12, 16, 29]
[12, 14, 16, 29]
[12, 16, 29, 32]
[9, 12, 14, 29]
[14, 16, 29, 32]
[5, 29, 32, 39]
[5, 9, 29, 39]
[9, 16, 29, 39]
[11, 17, 18, 34]
[5, 32, 36, 37]
[5, 19, 32, 37]
[11, 13, 17, 18]
[11, 18, 32, 39]
[11, 24, 32, 39]
[24, 29, 32, 39]
[16, 18, 32, 39]
[5, 7, 25, 39]
[0, 1, 18, 39]
[5, 18, 38, 39]
[1, 11, 18, 39]
[11, 18, 38, 39]
[1, 11, 18, 23]
[10, 11, 18, 23]
[11, 18, 23, 39]
[5, 18, 23, 39]
[2, 10, 21, 23]
[2, 7, 21, 23]
[2, 26, 30, 37]
[2, 3, 26, 37]
[5, 18, 21, 23]
[0, 18, 22, 39]
[18, 22, 38, 39]
[5, 18, 32, 39]
[2, 7, 17, 23]
[2, 10, 17, 23]
[2, 7, 22, 23]
[2, 7, 20, 25]
[0, 18, 25, 34]
[12, 20, 29, 33]
[12, 28, 29, 32]
[12, 15, 29, 33]
[12, 14, 15, 29]
[8, 12, 29, 33]
[10, 12, 18, 38]
[12, 14, 29, 33]
[5, 18, 25, 39]
[5, 9, 25, 39]
[0, 18, 25, 39]
[0, 9, 25, 39]
[7, 9, 25, 39]
[11, 18, 25, 39]
[18, 24, 38, 39]
[18, 24, 25, 39]
[5, 24, 25, 39]
[11, 24, 25, 39]
[11, 18, 24, 39]
[5, 24, 29, 39]
[18, 24, 32, 39]
[2, 13, 21, 25]
[11, 13, 21, 25]
[13, 18, 21, 25]
[11, 13, 18, 25]
[11, 18, 25, 34]
[11, 18, 21, 25]
[5, 9, 21, 25]
[7, 9, 21, 25]
[5, 18, 21, 25]
[0, 10, 12, 18]
[8, 10, 12, 18]
[2, 16, 21, 25]
[4, 9, 12, 25]
[0, 9, 12, 25]
[16, 18, 21, 25]
[18, 21, 22, 25]
[16, 18, 25, 39]
[0, 18, 22, 25]
[18, 22, 25, 39]
[9, 16, 25, 39]
[5, 22, 25, 39]
[0, 22, 25, 39]
[7, 22, 25, 39]
[16, 25, 26, 34]
[11, 21, 25, 26]
[16, 21, 25, 26]
[5, 18, 22, 25]
[5, 13, 25, 39]
[12, 14, 20, 29]
[12, 16, 21, 26]
[2, 26, 30, 31]
[2, 15, 26, 31]
[6, 21, 22, 23]
[0, 6, 22, 28]
[8, 12, 21, 29]
[0, 12, 15, 25]
[4, 12, 20, 25]
[12, 14, 29, 32]
[0, 12, 20, 25]
[8, 12, 20, 29]
[12, 14, 17, 29]
[12, 17, 29, 33]
[12, 14, 17, 33]
[12, 17, 26, 38]
[4, 12, 17, 20]
[9, 12, 16, 25]
[2, 15, 22, 23]
[6, 17, 23, 36]
[6, 11, 17, 23]
[6, 13, 17, 33]
[3, 6, 13, 32]
[6, 13, 32, 36]
[0, 6, 13, 22]
[6, 17, 29, 33]
[6, 15, 22, 23]
[6, 17, 29, 36]
[6, 11, 17, 38]
[6, 17, 27, 36]
[6, 17, 23, 27]
[6, 15, 29, 33]
[6, 15, 22, 25]
[0, 6, 15, 25]
[0, 6, 22, 25]
[0, 6, 23, 27]
[2, 6, 15, 25]
[2, 15, 25, 26]
[2, 6, 22, 25]
[6, 17, 27, 38]
[12, 17, 24, 29]
[17, 24, 29, 36]
[2, 6, 17, 23]
[6, 11, 13, 17]
[6, 13, 17, 36]
[6, 13, 17, 27]
[2, 6, 13, 17]
[6, 13, 17, 18]
[2, 6, 10, 17]
[6, 17, 18, 33]
[12, 17, 18, 33]
[6, 13, 16, 21]
[2, 6, 10, 23]
[6, 16, 29, 32]
[2, 16, 25, 26]
[0, 13, 18, 25]
[0, 12, 18, 25]
[0, 1, 12, 18]
[2, 3, 13, 26]
[9, 10, 12, 21]
[9, 12, 21, 29]
[2, 21, 22, 23]
[12, 21, 28, 29]
[2, 21, 22, 28]
[12, 21, 26, 28]
[12, 16, 21, 29]
[2, 16, 21, 26]
[2, 21, 26, 28]
[2, 21, 22, 25]
[6, 21, 22, 37]
[6, 21, 37, 38]
[2, 7, 21, 25]
[2, 7, 22, 25]
[2, 7, 25, 26]
[2, 13, 21, 22]
[14, 28, 31, 33]
[12, 14, 15, 31]
[12, 14, 31, 33]
[11, 31, 35, 39]
[1, 11, 31, 39]
[2, 13, 16, 21]
[12, 16, 18, 21]
[10, 12, 18, 21]
[12, 16, 18, 32]
[1, 8, 12, 18]
[8, 13, 18, 21]
[5, 13, 18, 21]
[13, 18, 21, 22]
[11, 13, 18, 21]
[13, 16, 18, 21]
[13, 16, 18, 39]
[5, 13, 18, 39]
[11, 13, 18, 39]
[8, 11, 13, 18]
[5, 13, 18, 22]
[6, 13, 16, 18]
[6, 13, 18, 33]
[2, 3, 13, 22]
[2, 10, 20, 31]
[15, 23, 31, 35]
[2, 10, 23, 31]
[2, 20, 23, 31]
[2, 15, 23, 31]
[2, 10, 30, 31]
[2, 20, 30, 31]
[12, 18, 24, 38]
[12, 18, 24, 32]
[24, 29, 32, 36]
[5, 24, 29, 32]
[14, 24, 29, 32]
[5, 24, 29, 36]
[2, 10, 24, 31]
[2, 13, 21, 26]
[2, 13, 26, 31]
[26, 28, 31, 33]
[24, 28, 29, 32]
[2, 26, 28, 31]
[14, 24, 28, 29]
[14, 24, 28, 31]
[10, 12, 18, 24]
[2, 24, 28, 31]
[10, 17, 18, 24]
[2, 20, 25, 31]
[2, 15, 25, 31]
[2, 13, 25, 31]
[2, 24, 25, 31]
[11, 24, 28, 31]
[11, 28, 30, 31]
[11, 28, 31, 34]
[11, 14, 24, 31]
[11, 13, 14, 31]
[11, 17, 18, 24]
[16, 24, 29, 32]
[2, 16, 24, 32]
[2, 24, 28, 32]
[11, 26, 31, 35]
[11, 13, 26, 31]
[11, 26, 31, 34]
[26, 28, 30, 31]
[26, 28, 31, 34]
[12, 26, 28, 31]
[12, 26, 31, 35]
[4, 12, 25, 31]
[12, 16, 18, 25]
[12, 24, 28, 31]
[12, 17, 18, 24]
[12, 14, 24, 29]
[12, 16, 24, 29]
[12, 16, 18, 24]
[2, 13, 16, 26]
[6, 16, 21, 29]
[11, 28, 31, 39]
[1, 23, 31, 39]
[23, 31, 35, 39]
[4, 20, 25, 31]
[12, 20, 25, 31]
[20, 25, 31, 34]
[4, 15, 25, 31]
[11, 25, 31, 34]
[11, 25, 31, 39]
[11, 23, 31, 39]
[12, 15, 25, 31]
[5, 9, 23, 37]
[1, 18, 23, 37]
[11, 24, 25, 31]
[19, 24, 36, 37]
[5, 24, 36, 37]
[5, 24, 25, 36]
[24, 25, 36, 37]
[5, 18, 24, 25]
[5, 24, 25, 37]
[5, 24, 32, 37]
[5, 18, 24, 39]
[5, 18, 23, 37]
[2, 28, 32, 37]
[5, 13, 32, 37]
[18, 22, 33, 37]
[22, 23, 35, 37]
[15, 22, 33, 37]
[18, 22, 23, 37]
[18, 22, 25, 37]
[18, 21, 22, 37]
[4, 30, 31, 37]
[30, 31, 35, 37]
[19, 31, 33, 37]
[15, 19, 31, 37]
[15, 19, 33, 37]
[5, 15, 23, 37]
[1, 23, 31, 37]
[5, 23, 36, 37]
[23, 31, 35, 37]
[19, 32, 36, 37]
[9, 16, 21, 37]
[16, 18, 24, 39]
[4, 32, 36, 37]
[3, 19, 32, 37]
[16, 18, 32, 37]
[16, 18, 25, 37]
[9, 16, 25, 37]
[16, 24, 35, 37]
[16, 24, 29, 39]
[16, 24, 32, 37]
[19, 24, 32, 37]
[15, 26, 33, 37]
[5, 18, 32, 37]
[4, 9, 25, 37]
[4, 25, 36, 37]
[5, 19, 24, 37]
[2, 25, 26, 37]
[2, 22, 25, 37]
[16, 25, 26, 37]
[4, 15, 25, 37]
[5, 22, 23, 37]
[23, 35, 36, 37]
[15, 23, 35, 37]
[13, 25, 26, 37]
[13, 25, 36, 37]
[1, 21, 23, 37]
[9, 21, 23, 37]
[2, 24, 32, 37]
[2, 16, 24, 37]
[2, 16, 32, 37]
[2, 16, 26, 37]
[2, 3, 32, 37]
[2, 3, 30, 37]
[4, 12, 32, 37]
[2, 13, 26, 37]
[2, 13, 32, 37]
[9, 12, 37, 38]
[12, 26, 37, 38]
[12, 26, 33, 37]
[12, 26, 35, 37]
[12, 16, 26, 37]
[5, 13, 19, 37]
[2, 13, 22, 37]
[5, 13, 22, 37]
[13, 22, 33, 37]
[13, 19, 33, 37]
[13, 19, 36, 37]
[3, 13, 19, 37]
[13, 16, 32, 37]
[4, 12, 15, 37]
[5, 15, 25, 37]
[12, 15, 25, 37]
[4, 12, 25, 37]
[9, 12, 25, 37]
[12, 24, 25, 37]
[5, 9, 25, 37]
[5, 25, 36, 37]
[12, 16, 25, 37]
[2, 24, 25, 37]
[2, 24, 28, 37]
[2, 3, 28, 37]
[2, 26, 28, 37]
[2, 15, 26, 37]
[2, 28, 30, 37]
[2, 15, 23, 37]
[2, 15, 22, 37]
[2, 3, 22, 37]
[2, 22, 23, 37]
[2, 22, 28, 37]
[2, 21, 22, 37]
[2, 21, 28, 37]
[2, 21, 23, 37]
[2, 21, 26, 37]
[2, 26, 31, 37]
[2, 23, 31, 37]
[2, 16, 21, 37]
[5, 9, 21, 37]
[12, 15, 35, 37]
[12, 15, 37, 38]
[9, 12, 16, 37]
[12, 16, 35, 37]
[15, 22, 23, 37]
[12, 15, 33, 37]
[12, 15, 26, 37]
[3, 22, 28, 37]
[12, 16, 18, 37]
[12, 16, 32, 37]
[12, 18, 33, 37]
[12, 18, 37, 38]
[1, 12, 18, 37]
[12, 18, 32, 37]
[2, 3, 13, 37]
[13, 18, 33, 37]
[5, 13, 18, 37]
[9, 12, 21, 37]
[1, 12, 21, 37]
[12, 21, 37, 38]
[3, 13, 22, 37]
[13, 16, 18, 37]
[13, 18, 32, 37]
[26, 31, 35, 37]
[13, 19, 22, 37]
[13, 18, 22, 37]
[1, 12, 31, 37]
[2, 30, 31, 37]
[2, 15, 31, 37]
[15, 23, 31, 37]
[19, 30, 31, 37]
[26, 31, 35, 39]
[13, 19, 31, 37]
[11, 13, 31, 39]
[13, 22, 25, 37]
[13, 18, 22, 25]
[5, 13, 25, 37]
[13, 31, 33, 37]
[13, 31, 33, 39]
[24, 28, 29, 39]
[24, 28, 31, 39]
[24, 31, 35, 39]
[12, 24, 28, 29]
[12, 24, 29, 32]
[2, 6, 23, 31]
[2, 6, 22, 23]
[2, 6, 13, 22]
[2, 6, 13, 32]
[13, 26, 31, 39]
[13, 18, 25, 39]
[5, 13, 18, 25]
[13, 16, 18, 25]
[12, 18, 24, 25]
[16, 18, 24, 25]
[2, 16, 24, 25]
[2, 13, 25, 26]
[2, 13, 22, 25]
[16, 24, 25, 39]
[12, 16, 24, 25]
[2, 25, 26, 31]
[24, 25, 31, 39]
[25, 26, 31, 39]
[12, 24, 25, 31]
[12, 25, 26, 31]
[25, 26, 31, 34]
[11, 25, 26, 31]
[15, 25, 26, 31]
[26, 31, 33, 39]
[18, 24, 25, 37]
[16, 24, 25, 37]
[12, 25, 26, 37]
[15, 25, 31, 37]
[6, 10, 23, 31]
[6, 11, 23, 31]
[6, 15, 23, 31]
[6, 15, 19, 31]
[6, 15, 31, 33]
[6, 15, 31, 37]
[15, 26, 31, 37]
[12, 15, 31, 37]
[0, 6, 13, 27]
[0, 6, 13, 18]
[6, 11, 13, 18]
[6, 13, 18, 32]
[6, 13, 18, 22]
[12, 24, 35, 37]
[12, 16, 24, 37]
[6, 15, 22, 37]
[6, 10, 31, 33]
[12, 18, 24, 37]
[6, 18, 22, 37]
[6, 13, 18, 37]
[3, 6, 13, 37]
[6, 13, 19, 37]
[2, 3, 6, 13]
[2, 6, 13, 37]
[2, 3, 6, 37]
[6, 11, 18, 21]
[6, 10, 18, 21]
[6, 16, 18, 21]
[6, 10, 11, 21]
[6, 19, 31, 33]
[12, 26, 31, 37]
[26, 30, 31, 37]
[12, 24, 32, 37]
[6, 19, 32, 37]
[12, 24, 31, 37]
[12, 16, 21, 37]
[12, 21, 26, 37]
[4, 12, 31, 37]
[12, 31, 35, 37]
[6, 13, 22, 37]
[6, 13, 36, 37]
[6, 13, 33, 37]
[2, 6, 21, 23]
[2, 6, 10, 21]
[2, 6, 13, 31]
[19, 24, 31, 37]
[6, 13, 19, 31]
[12, 18, 25, 37]
[6, 13, 31, 33]
[6, 11, 13, 31]
[6, 13, 31, 37]
[2, 13, 31, 37]
[2, 6, 13, 21]
[2, 6, 21, 28]
[2, 6, 16, 21]
[2, 6, 21, 22]
[2, 6, 21, 37]
[2, 6, 22, 28]
[6, 28, 29, 33]
[0, 6, 27, 28]
[6, 28, 29, 32]
[6, 11, 28, 32]
[3, 6, 11, 28]
[3, 6, 28, 32]
[3, 6, 22, 28]
[2, 3, 6, 28]
[2, 6, 28, 32]
[6, 16, 18, 25]
[0, 6, 18, 25]
[6, 11, 18, 25]
[6, 18, 22, 25]
[2, 6, 16, 25]
[2, 16, 25, 37]
[2, 6, 16, 37]
[2, 6, 23, 37]
[5, 18, 25, 37]
[12, 28, 33, 37]
[22, 28, 33, 37]
[12, 28, 32, 37]
[24, 28, 32, 37]
[4, 28, 30, 37]
[6, 13, 21, 22]
[6, 13, 18, 21]
[6, 13, 21, 37]
[26, 28, 33, 37]
[26, 28, 30, 37]
[3, 26, 28, 37]
[24, 28, 31, 37]
[4, 28, 32, 37]
[3, 28, 32, 37]
[3, 28, 30, 37]
[1, 12, 28, 37]
[4, 12, 28, 37]
[12, 26, 28, 37]
[12, 24, 28, 37]
[6, 18, 23, 37]
[6, 23, 36, 37]
[6, 19, 36, 37]
[3, 6, 19, 37]
[6, 15, 23, 37]
[6, 36, 37, 38]
[2, 6, 32, 37]
[6, 23, 31, 37]
[2, 24, 31, 37]
[2, 6, 31, 37]
[2, 6, 10, 31]
[2, 28, 31, 37]
[2, 6, 28, 31]
[2, 6, 15, 31]
[13, 26, 31, 37]
[2, 13, 21, 37]
[12, 28, 31, 37]
[28, 30, 31, 37]
[3, 6, 22, 37]
[6, 22, 37, 38]
[26, 28, 31, 37]
[6, 21, 22, 28]
[6, 21, 27, 28]
[6, 13, 21, 27]
[6, 11, 13, 21]
[6, 18, 21, 22]
[6, 18, 21, 23]
[6, 10, 21, 23]
[6, 21, 23, 27]
[6, 11, 21, 23]
[6, 19, 33, 37]
[5, 21, 23, 37]
[21, 22, 23, 37]
[6, 22, 23, 37]
[6, 19, 22, 37]
[2, 6, 22, 37]
[6, 13, 32, 37]
[2, 6, 15, 37]
[6, 15, 19, 37]
[6, 15, 33, 37]
[6, 31, 33, 37]
[6, 22, 33, 37]
[6, 15, 37, 38]
[6, 28, 33, 37]
[6, 28, 32, 37]
[2, 6, 28, 37]
[6, 22, 28, 37]
[3, 6, 28, 37]
[18, 21, 23, 37]
[13, 16, 21, 37]
[13, 21, 26, 37]
[24, 31, 35, 37]
[6, 15, 25, 31]
[6, 25, 31, 37]
[2, 6, 25, 31]
[6, 11, 25, 31]
[12, 25, 31, 37]
[24, 25, 31, 37]
[4, 25, 31, 37]
[2, 25, 31, 37]
[25, 26, 31, 37]
[13, 25, 31, 37]
[12, 31, 33, 37]
[6, 19, 31, 37]
[6, 28, 31, 37]
[6, 18, 21, 37]
[6, 21, 23, 37]
[13, 25, 31, 39]
[11, 13, 25, 31]
[6, 13, 25, 31]
[13, 25, 26, 31]
[6, 15, 25, 37]
[13, 16, 25, 37]
[13, 21, 25, 37]
[15, 25, 26, 37]
[15, 22, 25, 37]
[2, 15, 25, 37]
[21, 25, 26, 37]
[9, 21, 25, 37]
[12, 21, 25, 37]
[28, 31, 33, 37]
[4, 28, 31, 37]
[1, 28, 31, 37]
[26, 31, 33, 37]
[2, 21, 25, 37]
[5, 21, 25, 37]
[18, 21, 25, 37]
[21, 22, 25, 37]
[5, 22, 25, 37]
[16, 21, 25, 37]
[2, 13, 25, 37]
[13, 18, 25, 37]
[12, 21, 28, 37]
[21, 22, 28, 37]
[1, 21, 28, 37]
[6, 21, 28, 37]
[6, 11, 21, 28]
[6, 21, 28, 29]
[6, 11, 28, 31]
[12, 18, 21, 37]
[16, 21, 26, 37]
[5, 13, 21, 37]
[13, 18, 21, 37]
[6, 13, 25, 37]
[6, 18, 25, 37]
[13, 21, 22, 37]
[6, 13, 25, 36]
[6, 13, 21, 25]
[6, 16, 21, 25]
[21, 26, 28, 37]
[2, 6, 13, 25]
[6, 11, 13, 25]
[0, 6, 13, 25]
[6, 11, 21, 25]
[6, 21, 25, 37]
[6, 25, 36, 37]
[2, 6, 21, 25]
[6, 18, 21, 25]
[5, 21, 22, 37]
[6, 13, 16, 25]
[6, 16, 25, 37]
[6, 16, 21, 37]
[2, 6, 25, 37]
[6, 13, 18, 25]
[6, 22, 25, 37]
[6, 13, 22, 25]
[6, 21, 22, 25]
