[1, 3, 5, 8]
[3, 5, 6, 8]
[2, 4, 7, 10]
[3, 5, 6, 14]
[1, 3, 5, 14]
[3, 5, 8, 14]
[2, 3, 11, 14]
[1, 3, 11, 14]
[3, 6, 11, 14]
[3, 5, 6, 11]
[3, 5, 11, 14]
[2, 3, 10, 11]
[5, 6, 11, 13]
[1, 4, 5, 11]
[1, 3, 5, 11]
[1, 5, 11, 13]
[5, 6, 11, 14]
[1, 5, 11, 14]
[2, 10, 11, 14]
[5, 6, 8, 14]
[3, 10, 11, 14]
[1, 10, 11, 14]
[1, 5, 8, 14]
[1, 3, 10, 11]
[2, 3, 10, 14]
[1, 3, 10, 14]
[2, 4, 10, 11]
[1, 4, 10, 11]
[4, 10, 11, 12]
[3, 10, 11, 12]
[3, 6, 11, 12]
[6, 8, 9, 12]
[3, 6, 8, 12]
[2, 3, 8, 14]
[3, 6, 8, 14]
[1, 3, 8, 14]
[0, 1, 8, 9]
[0, 1, 4, 9]
