[8, 39, 42]
[21, 39, 42]
[35, 39, 55]
[19, 27, 55]
[2, 27, 55]
[22, 27, 55]
[19, 27, 63]
[2, 27, 63]
[10, 27, 63]
[13, 27, 63]
[22, 27, 63]
[24, 27, 63]
[26, 27, 63]
[2, 21, 63]
[7, 21, 63]
[14, 21, 39]
[5, 21, 39]
[9, 42, 56]
[11, 49, 52]
[17, 49, 52]
[9, 17, 42]
[17, 18, 42]
[17, 20, 42]
[9, 20, 42]
[39, 42, 68]
[33, 39, 68]
[5, 39, 68]
[8, 39, 68]
[29, 39, 68]
[29, 39, 42]
[10, 20, 42]
[14, 29, 64]
[12, 14, 29]
[14, 17, 29]
[14, 16, 29]
[6, 14, 29]
[13, 14, 29]
[14, 28, 29]
[14, 29, 61]
[14, 29, 44]
[14, 29, 66]
[14, 29, 56]
[14, 29, 40]
[14, 29, 67]
[14, 29, 68]
[17, 29, 33]
[23, 29, 33]
[3, 20, 33]
[3, 12, 33]
[3, 17, 33]
[3, 15, 17]
[3, 10, 17]
[3, 10, 33]
[3, 23, 33]
[10, 17, 33]
[9, 10, 33]
[9, 15, 17]
[7, 9, 17]
[11, 13, 15]
[11, 13, 18]
[5, 34, 40]
[11, 22, 40]
[5, 22, 40]
[18, 22, 40]
[17, 22, 40]
[4, 22, 40]
[5, 18, 40]
[5, 17, 40]
[5, 11, 40]
[11, 18, 40]
[2, 9, 10]
[2, 7, 9]
[2, 9, 15]
[2, 9, 16]
[2, 7, 23]
[13, 17, 63]
[8, 13, 63]
[8, 38, 63]
[17, 38, 63]
[28, 38, 63]
[19, 38, 63]
[38, 48, 63]
[38, 62, 63]
[8, 17, 38]
[8, 19, 38]
[17, 19, 38]
[17, 38, 48]
[19, 38, 48]
[8, 38, 48]
[17, 37, 38]
[8, 37, 38]
[28, 37, 38]
[37, 38, 62]
[37, 38, 52]
[6, 37, 38]
[37, 38, 49]
[37, 38, 60]
[17, 38, 62]
[8, 38, 62]
[19, 38, 62]
[38, 48, 62]
[17, 38, 52]
[8, 39, 61]
[8, 17, 63]
[7, 8, 63]
[7, 17, 63]
[17, 19, 63]
[7, 19, 63]
[8, 19, 63]
[12, 29, 56]
[5, 45, 61]
[5, 26, 61]
[5, 28, 61]
[5, 8, 61]
[5, 48, 61]
[5, 10, 61]
[5, 50, 61]
[5, 60, 61]
[5, 25, 61]
[5, 32, 61]
[5, 61, 65]
[5, 26, 53]
[5, 46, 53]
[5, 10, 53]
[5, 45, 53]
[5, 26, 46]
[5, 8, 26]
[1, 14, 26]
[1, 14, 46]
[1, 14, 19]
[5, 15, 25]
[5, 15, 48]
[5, 15, 17]
[5, 8, 15]
[5, 15, 53]
[5, 15, 60]
[5, 15, 21]
[5, 15, 58]
[5, 15, 57]
[5, 15, 41]
[5, 21, 25]
[5, 29, 50]
[16, 29, 48]
[16, 28, 29]
[16, 29, 44]
[17, 29, 48]
[8, 29, 48]
[17, 29, 64]
[8, 29, 64]
[29, 52, 64]
[29, 59, 64]
[17, 29, 52]
[28, 29, 52]
[29, 39, 52]
[8, 29, 39]
[39, 55, 60]
[39, 53, 60]
[9, 10, 56]
[9, 19, 56]
[9, 17, 56]
[9, 56, 59]
[17, 19, 56]
[19, 56, 62]
[17, 56, 62]
[10, 17, 56]
[10, 19, 56]
[10, 56, 62]
[19, 44, 56]
[19, 56, 59]
[10, 56, 59]
[55, 56, 59]
[55, 56, 62]
[19, 55, 56]
[21, 46, 63]
[21, 28, 63]
[7, 21, 46]
[21, 28, 44]
[21, 28, 30]
[7, 21, 30]
[21, 30, 63]
[13, 24, 67]
[13, 24, 44]
[13, 24, 28]
[13, 19, 24]
[13, 24, 48]
[13, 24, 63]
[13, 24, 27]
[13, 24, 53]
[13, 24, 38]
[13, 24, 32]
[13, 23, 24]
[24, 28, 69]
[24, 44, 69]
[24, 67, 69]
[6, 24, 69]
[24, 53, 69]
[24, 50, 69]
[24, 43, 69]
[24, 38, 69]
[19, 24, 44]
[24, 28, 44]
[12, 19, 24]
[12, 24, 28]
[10, 12, 24]
[12, 24, 48]
[10, 24, 28]
[10, 19, 24]
[10, 11, 24]
[11, 24, 28]
[11, 24, 53]
[11, 24, 67]
[11, 16, 24]
[11, 24, 69]
[11, 13, 24]
[11, 24, 57]
[11, 24, 41]
[11, 15, 24]
[11, 60, 66]
[11, 28, 66]
[11, 52, 66]
[10, 11, 59]
[11, 52, 59]
[12, 30, 33]
[9, 30, 33]
[19, 30, 33]
[9, 19, 30]
[9, 28, 30]
[7, 9, 30]
[9, 10, 30]
[9, 30, 64]
[10, 19, 30]
[10, 28, 30]
[10, 30, 63]
[7, 19, 30]
[19, 30, 63]
[28, 30, 63]
[7, 30, 63]
[10, 30, 64]
[7, 30, 64]
[19, 30, 45]
[28, 30, 45]
[30, 45, 64]
[19, 27, 30]
[27, 30, 63]
[10, 27, 30]
[6, 28, 30]
[6, 7, 30]
[10, 11, 28]
[10, 11, 62]
[9, 28, 33]
[9, 17, 33]
[33, 39, 61]
[33, 39, 52]
[33, 39, 46]
[33, 39, 53]
[33, 39, 60]
[33, 39, 67]
[33, 34, 39]
[33, 39, 54]
[33, 39, 47]
[24, 33, 39]
[39, 46, 55]
[14, 35, 39]
[14, 27, 40]
[14, 40, 46]
[14, 17, 40]
[6, 14, 40]
[14, 19, 56]
[14, 17, 56]
[10, 14, 56]
[14, 44, 56]
[9, 14, 56]
[6, 14, 56]
[14, 19, 27]
[10, 14, 27]
[14, 26, 27]
[9, 14, 19]
[9, 14, 17]
[14, 17, 19]
[7, 14, 19]
[13, 14, 19]
[13, 14, 28]
[13, 14, 17]
[13, 14, 44]
[13, 14, 26]
[13, 14, 64]
[13, 14, 27]
[13, 14, 67]
[13, 14, 66]
[13, 14, 38]
[7, 9, 14]
[9, 14, 28]
[14, 29, 39]
[8, 9, 23]
[9, 17, 23]
[7, 9, 23]
[9, 19, 23]
[9, 23, 48]
[9, 23, 26]
[9, 23, 64]
[8, 17, 23]
[7, 8, 23]
[11, 22, 49]
[11, 22, 59]
[10, 11, 22]
[11, 22, 28]
[11, 22, 64]
[11, 22, 60]
[11, 22, 25]
[11, 16, 22]
[0, 11, 22]
[11, 22, 57]
[11, 22, 36]
[4, 11, 22]
[10, 11, 46]
[11, 49, 59]
[11, 26, 49]
[23, 26, 33]
[23, 33, 48]
[19, 23, 33]
[17, 23, 33]
[11, 28, 49]
[11, 46, 49]
[10, 11, 49]
[11, 49, 64]
[11, 49, 53]
[11, 28, 52]
[25, 28, 52]
[31, 49, 59]
[27, 49, 59]
[10, 27, 59]
[10, 58, 59]
[9, 10, 59]
[10, 33, 59]
[9, 33, 59]
[9, 31, 59]
[9, 47, 59]
[7, 9, 59]
[10, 31, 59]
[9, 48, 59]
[31, 33, 59]
[33, 48, 59]
[33, 59, 61]
[29, 59, 61]
[25, 61, 66]
[25, 37, 66]
[36, 37, 66]
[7, 36, 66]
[8, 17, 36]
[7, 8, 36]
[7, 17, 36]
[17, 36, 37]
[8, 36, 37]
[8, 36, 54]
[17, 36, 54]
[7, 36, 54]
[36, 37, 54]
[17, 36, 58]
[36, 54, 58]
[17, 36, 40]
[36, 37, 40]
[36, 58, 66]
[36, 40, 66]
[5, 8, 36]
[5, 17, 36]
[5, 7, 36]
[5, 36, 58]
[5, 36, 40]
[9, 17, 20]
[7, 9, 20]
[9, 20, 34]
[3, 20, 34]
[20, 34, 40]
[20, 40, 45]
[7, 20, 34]
[20, 34, 36]
[20, 34, 48]
[20, 34, 42]
[20, 34, 47]
[20, 34, 43]
[20, 34, 56]
[20, 33, 34]
[20, 34, 65]
[20, 30, 34]
[20, 34, 38]
[20, 34, 60]
[20, 45, 62]
[20, 45, 58]
[20, 43, 45]
[20, 30, 45]
[20, 40, 62]
[17, 20, 40]
[17, 20, 62]
[12, 35, 62]
[12, 35, 55]
[7, 12, 35]
[12, 35, 46]
[12, 35, 58]
[12, 35, 48]
[12, 35, 63]
[12, 35, 42]
[1, 12, 35]
[3, 12, 35]
[12, 35, 56]
[5, 35, 39]
[2, 33, 56]
[2, 27, 33]
[2, 33, 54]
[23, 35, 54]
[7, 23, 35]
[7, 19, 23]
[17, 19, 23]
[13, 19, 23]
[8, 19, 23]
[19, 23, 55]
[19, 23, 61]
[19, 23, 48]
[1, 19, 23]
[16, 19, 23]
[19, 23, 45]
[19, 23, 38]
[19, 23, 26]
[19, 23, 41]
[0, 19, 23]
[19, 23, 65]
[19, 23, 53]
[19, 23, 30]
[13, 19, 27]
[13, 17, 19]
[13, 17, 23]
[8, 13, 23]
[13, 23, 61]
[13, 23, 48]
[3, 13, 23]
[13, 23, 64]
[13, 23, 29]
[13, 23, 51]
[13, 23, 57]
[13, 23, 35]
[13, 23, 38]
[13, 23, 26]
[13, 23, 42]
[8, 23, 42]
[17, 23, 42]
[9, 23, 42]
[9, 16, 23]
[9, 23, 32]
[23, 29, 32]
[17, 23, 29]
[8, 23, 29]
[23, 29, 40]
[23, 29, 61]
[23, 29, 48]
[23, 29, 50]
[16, 23, 29]
[23, 29, 64]
[3, 17, 23]
[3, 23, 55]
[9, 23, 47]
[5, 11, 15]
[11, 15, 62]
[11, 15, 40]
[11, 15, 25]
[11, 25, 62]
[11, 25, 66]
[11, 31, 40]
[11, 31, 46]
[1, 12, 25]
[1, 12, 40]
[11, 36, 40]
[11, 36, 66]
[11, 15, 36]
[5, 11, 36]
[11, 31, 36]
[11, 25, 36]
[31, 36, 40]
[31, 36, 54]
[7, 31, 36]
[25, 52, 63]
[25, 52, 66]
[25, 52, 58]
[25, 37, 52]
[27, 52, 58]
[17, 52, 58]
[31, 36, 58]
[23, 30, 40]
[11, 40, 46]
[11, 40, 62]
[8, 13, 15]
[13, 15, 17]
[13, 15, 58]
[13, 15, 48]
[3, 13, 15]
[13, 27, 66]
[13, 58, 66]
[13, 29, 66]
[8, 13, 29]
[27, 30, 40]
[27, 30, 54]
[30, 39, 54]
[7, 30, 54]
[5, 30, 40]
[5, 30, 39]
[5, 7, 30]
[30, 31, 39]
[7, 30, 31]
[30, 31, 54]
[27, 30, 31]
[30, 31, 40]
[5, 30, 31]
[30, 54, 63]
[30, 31, 63]
[25, 30, 63]
[2, 30, 63]
[2, 27, 30]
[47, 55, 59]
[47, 48, 59]
[21, 31, 59]
[7, 21, 59]
[21, 59, 63]
[21, 50, 59]
[21, 57, 59]
[6, 21, 59]
[21, 38, 59]
[16, 21, 31]
[16, 21, 46]
[16, 21, 37]
[3, 16, 21]
[15, 16, 21]
[21, 39, 46]
[15, 35, 48]
[13, 48, 58]
[31, 36, 66]
[8, 36, 69]
[7, 36, 69]
[17, 36, 69]
[36, 54, 69]
[31, 36, 69]
[36, 50, 69]
[36, 43, 69]
[11, 36, 69]
[36, 64, 69]
[36, 57, 69]
[7, 43, 69]
[17, 43, 69]
[8, 43, 69]
[7, 8, 69]
[8, 17, 69]
[7, 17, 69]
[7, 62, 69]
[17, 62, 69]
[8, 62, 69]
[55, 62, 69]
[7, 14, 35]
[14, 35, 46]
[13, 14, 35]
[13, 14, 58]
[13, 14, 61]
[3, 13, 14]
[13, 14, 57]
[13, 48, 63]
[13, 27, 48]
[13, 17, 48]
[8, 13, 48]
[4, 13, 23]
[8, 13, 19]
[13, 19, 48]
[13, 19, 44]
[13, 19, 59]
[13, 19, 63]
[13, 15, 19]
[13, 19, 67]
[13, 19, 66]
[13, 19, 53]
[13, 23, 53]
[2, 13, 23]
[13, 18, 19]
[13, 19, 61]
[9, 23, 33]
[23, 33, 40]
[31, 33, 39]
[31, 33, 54]
[12, 25, 63]
[12, 25, 62]
[5, 11, 25]
[11, 15, 16]
[15, 17, 56]
[17, 29, 40]
[8, 17, 29]
[35, 39, 46]
[35, 46, 55]
[7, 35, 46]
[35, 54, 55]
[7, 35, 54]
[23, 35, 37]
[23, 35, 55]
[13, 27, 35]
[13, 35, 48]
[13, 35, 63]
[13, 28, 35]
[13, 35, 64]
[13, 15, 35]
[13, 35, 67]
[13, 35, 44]
[13, 35, 42]
[13, 18, 35]
[13, 35, 61]
[13, 35, 53]
[3, 13, 35]
[13, 32, 35]
[13, 35, 58]
[13, 24, 35]
[13, 35, 38]
[13, 26, 35]
[13, 15, 57]
[13, 17, 57]
[13, 48, 57]
[11, 13, 57]
[13, 57, 66]
[13, 57, 59]
[13, 28, 57]
[13, 57, 64]
[13, 29, 57]
[13, 57, 67]
[13, 42, 57]
[13, 57, 61]
[13, 53, 57]
[3, 13, 57]
[2, 13, 57]
[8, 13, 17]
[11, 13, 66]
[13, 17, 51]
[8, 13, 51]
[8, 13, 38]
[13, 17, 38]
[13, 38, 63]
[13, 38, 48]
[13, 38, 51]
[13, 38, 59]
[13, 28, 38]
[13, 38, 67]
[13, 18, 38]
[3, 13, 38]
[2, 13, 38]
[13, 32, 38]
[13, 38, 57]
[13, 38, 44]
[13, 26, 38]
[4, 13, 38]
[2, 13, 63]
[2, 13, 27]
[2, 13, 51]
[2, 13, 59]
[2, 13, 64]
[13, 51, 63]
[13, 48, 51]
[13, 51, 66]
[34, 37, 60]
[1, 8, 38]
[1, 38, 52]
[17, 38, 69]
[8, 38, 69]
[39, 60, 61]
[55, 60, 61]
[25, 60, 61]
[50, 60, 61]
[60, 61, 66]
[10, 60, 61]
[59, 60, 61]
[33, 60, 61]
[25, 48, 61]
[25, 43, 61]
[39, 55, 61]
[7, 12, 66]
[12, 40, 66]
[27, 40, 66]
[37, 40, 66]
[11, 40, 66]
[6, 7, 66]
[6, 37, 66]
[6, 40, 66]
[7, 21, 66]
[21, 37, 66]
[6, 21, 66]
[21, 36, 66]
[21, 25, 66]
[21, 50, 66]
[7, 21, 34]
[21, 34, 37]
[21, 25, 34]
[21, 25, 36]
[35, 37, 62]
[7, 35, 62]
[35, 48, 62]
[35, 56, 62]
[35, 55, 62]
[27, 35, 55]
[35, 48, 55]
[30, 35, 45]
[7, 30, 35]
[27, 30, 35]
[30, 35, 56]
[1, 30, 35]
[30, 35, 54]
[12, 30, 35]
[30, 35, 64]
[30, 35, 63]
[30, 35, 42]
[30, 35, 53]
[28, 30, 35]
[5, 30, 35]
[15, 35, 56]
[1, 15, 35]
[15, 35, 62]
[35, 55, 56]
[4, 45, 61]
[4, 54, 61]
[7, 44, 54]
[44, 48, 54]
[37, 50, 66]
[27, 50, 55]
[48, 50, 55]
[38, 52, 63]
[6, 12, 66]
[23, 33, 64]
[23, 33, 54]
[23, 33, 37]
[6, 23, 33]
[23, 33, 47]
[23, 33, 36]
[23, 33, 53]
[23, 30, 33]
[23, 37, 65]
[7, 23, 65]
[17, 23, 65]
[8, 23, 65]
[23, 55, 65]
[23, 51, 65]
[23, 36, 65]
[23, 48, 65]
[23, 40, 65]
[23, 37, 54]
[7, 23, 54]
[17, 23, 54]
[8, 23, 54]
[23, 54, 55]
[8, 23, 37]
[1, 8, 23]
[17, 23, 37]
[7, 17, 23]
[16, 23, 37]
[16, 23, 55]
[16, 23, 54]
[9, 23, 53]
[12, 48, 63]
[12, 48, 62]
[16, 37, 62]
[15, 16, 62]
[15, 48, 62]
[15, 17, 48]
[23, 37, 40]
[23, 48, 54]
[9, 23, 65]
[17, 23, 48]
[23, 40, 48]
[17, 23, 40]
[9, 32, 65]
[7, 9, 65]
[9, 15, 16]
[9, 16, 42]
[9, 14, 16]
[9, 16, 48]
[3, 16, 42]
[3, 16, 37]
[3, 16, 55]
[16, 45, 62]
[16, 18, 45]
[6, 18, 45]
[6, 40, 45]
[6, 38, 45]
[18, 40, 45]
[18, 45, 62]
[40, 45, 62]
[10, 32, 56]
[10, 36, 56]
[6, 55, 56]
[6, 18, 56]
[6, 44, 56]
[17, 18, 56]
[18, 56, 62]
[17, 48, 63]
[46, 48, 63]
[10, 48, 63]
[10, 48, 62]
[10, 46, 48]
[10, 17, 48]
[21, 36, 63]
[10, 12, 48]
[10, 12, 56]
[10, 18, 56]
[21, 25, 63]
[21, 44, 63]
[21, 38, 63]
[21, 50, 63]
[6, 7, 21]
[6, 21, 46]
[6, 21, 37]
[6, 21, 44]
[6, 21, 38]
[7, 21, 44]
[21, 25, 44]
[21, 42, 44]
[21, 36, 42]
[21, 23, 42]
[21, 23, 38]
[21, 23, 37]
[21, 57, 66]
[10, 19, 60]
[10, 17, 19]
[14, 21, 66]
[21, 28, 66]
[21, 31, 66]
[14, 21, 57]
[21, 42, 57]
[8, 10, 42]
[8, 10, 62]
[8, 10, 46]
[8, 10, 17]
[8, 10, 36]
[5, 8, 10]
[8, 10, 61]
[8, 10, 63]
[8, 10, 54]
[10, 17, 62]
[17, 40, 62]
[10, 17, 36]
[10, 36, 54]
[32, 36, 54]
[8, 15, 36]
[8, 15, 17]
[9, 10, 17]
[9, 10, 32]
[9, 10, 14]
[9, 10, 42]
[9, 10, 52]
[12, 29, 40]
[12, 29, 51]
[18, 38, 69]
[18, 45, 69]
[45, 62, 69]
[27, 40, 55]
[40, 55, 62]
[40, 46, 55]
[40, 51, 55]
[46, 51, 55]
[39, 51, 55]
[7, 17, 62]
[10, 59, 60]
[10, 32, 59]
[10, 24, 32]
[10, 24, 27]
[17, 37, 40]
[25, 37, 60]
[25, 37, 62]
[17, 37, 62]
[37, 40, 62]
[25, 36, 37]
[25, 32, 36]
[10, 32, 36]
[10, 17, 18]
[10, 18, 62]
[17, 18, 62]
[18, 40, 62]
[17, 18, 40]
[10, 18, 59]
[10, 18, 24]
[40, 46, 51]
[17, 40, 51]
[37, 40, 51]
[17, 37, 51]
[32, 51, 59]
[39, 46, 51]
[18, 24, 44]
[51, 55, 59]
[55, 59, 60]
[27, 55, 59]
[38, 51, 59]
[38, 59, 60]
[17, 38, 51]
[37, 38, 51]
[38, 51, 63]
[8, 38, 51]
[38, 48, 51]
[38, 44, 48]
[6, 38, 44]
[38, 44, 63]
[38, 44, 52]
[38, 52, 59]
[6, 38, 59]
[38, 59, 63]
[38, 48, 59]
[24, 38, 48]
[24, 38, 44]
[6, 24, 38]
[24, 38, 63]
[24, 32, 38]
[32, 38, 51]
[32, 38, 52]
[32, 38, 59]
[32, 36, 38]
[17, 36, 38]
[36, 37, 38]
[1, 36, 38]
[36, 38, 63]
[8, 36, 38]
[17, 18, 38]
[18, 38, 62]
[18, 38, 44]
[6, 18, 38]
[1, 18, 38]
[18, 38, 52]
[18, 38, 59]
[18, 24, 38]
[6, 18, 24]
[18, 24, 42]
[18, 24, 54]
[15, 18, 24]
[16, 18, 24]
[18, 24, 43]
[18, 24, 31]
[11, 18, 24]
[13, 18, 24]
[13, 17, 18]
[13, 18, 44]
[13, 18, 42]
[13, 15, 18]
[13, 18, 64]
[17, 18, 64]
[18, 62, 64]
[10, 18, 64]
[6, 18, 64]
[1, 18, 64]
[18, 42, 64]
[18, 52, 64]
[18, 43, 64]
[18, 31, 64]
[11, 18, 64]
[11, 18, 62]
[10, 11, 18]
[5, 11, 18]
[11, 18, 52]
[11, 18, 65]
[11, 15, 18]
[11, 16, 18]
[11, 18, 31]
[11, 18, 47]
[17, 18, 47]
[18, 44, 47]
[18, 42, 47]
[18, 47, 56]
[16, 18, 47]
[18, 43, 47]
[17, 18, 43]
[18, 40, 43]
[18, 42, 43]
[18, 43, 52]
[18, 43, 56]
[18, 44, 56]
[18, 42, 56]
[15, 18, 56]
[15, 17, 18]
[15, 18, 40]
[15, 18, 62]
[5, 15, 18]
[1, 15, 18]
[1, 18, 40]
[6, 18, 40]
[6, 18, 44]
[5, 18, 44]
[5, 17, 18]
[5, 10, 18]
[10, 18, 42]
[18, 40, 42]
[18, 42, 44]
[1, 18, 42]
[18, 42, 54]
[17, 18, 54]
[18, 54, 62]
[10, 18, 54]
[18, 44, 54]
[6, 18, 54]
[17, 18, 52]
[10, 18, 52]
[18, 44, 52]
[1, 18, 52]
[18, 52, 65]
[17, 18, 65]
[18, 40, 65]
[18, 62, 65]
[18, 44, 65]
[5, 18, 65]
[16, 18, 62]
[10, 16, 18]
[16, 18, 44]
[16, 18, 42]
[16, 18, 54]
[15, 16, 18]
[16, 18, 31]
[18, 31, 40]
[10, 18, 31]
[18, 31, 44]
[6, 18, 31]
[5, 18, 31]
[18, 31, 42]
[18, 31, 54]
[18, 31, 43]
[18, 31, 59]
[6, 18, 59]
[18, 52, 59]
[18, 59, 65]
[18, 56, 59]
[18, 47, 59]
[11, 18, 59]
[18, 59, 64]
[13, 18, 59]
[13, 27, 59]
[13, 51, 59]
[13, 59, 61]
[13, 59, 63]
[13, 58, 59]
[13, 48, 59]
[13, 29, 59]
[11, 13, 59]
[13, 59, 64]
[7, 59, 64]
[10, 59, 64]
[6, 59, 64]
[58, 59, 64]
[52, 59, 64]
[9, 59, 64]
[33, 59, 64]
[31, 59, 64]
[11, 59, 64]
[11, 31, 66]
[11, 24, 31]
[11, 31, 59]
[12, 31, 63]
[7, 31, 63]
[31, 46, 63]
[27, 31, 63]
[10, 31, 63]
[31, 59, 63]
[24, 31, 63]
[31, 44, 63]
[7, 31, 49]
[31, 46, 49]
[27, 31, 49]
[10, 31, 49]
[31, 40, 49]
[31, 49, 66]
[7, 31, 46]
[10, 31, 46]
[10, 31, 60]
[31, 45, 59]
[31, 40, 45]
[6, 31, 59]
[6, 31, 46]
[8, 17, 37]
[8, 37, 62]
[8, 37, 51]
[8, 46, 51]
[8, 17, 51]
[8, 39, 51]
[7, 8, 46]
[7, 8, 17]
[7, 8, 62]
[8, 17, 62]
[8, 46, 63]
[8, 62, 63]
[8, 13, 67]
[8, 13, 42]
[8, 51, 63]
[39, 41, 55]
[27, 41, 55]
[8, 39, 46]
[39, 46, 67]
[24, 39, 67]
[24, 32, 67]
[25, 32, 67]
[24, 27, 67]
[40, 46, 67]
[10, 46, 49]
[10, 17, 49]
[25, 28, 44]
[24, 31, 44]
[27, 40, 67]
[27, 49, 66]
[7, 49, 66]
[23, 24, 29]
[17, 29, 69]
[29, 59, 69]
[29, 32, 64]
[7, 17, 49]
[7, 46, 49]
[10, 27, 49]
[27, 49, 58]
[17, 49, 58]
[27, 34, 49]
[34, 46, 49]
[31, 46, 67]
[27, 31, 67]
[31, 59, 60]
[18, 28, 44]
[18, 24, 28]
[10, 18, 28]
[25, 28, 37]
[28, 37, 51]
[40, 51, 67]
[18, 45, 59]
[18, 31, 45]
[32, 45, 59]
[18, 28, 45]
[7, 31, 59]
[27, 31, 59]
[10, 27, 31]
[10, 24, 31]
[24, 27, 31]
[31, 45, 58]
[45, 58, 59]
[32, 45, 58]
[5, 18, 45]
[5, 40, 45]
[5, 32, 45]
[5, 31, 45]
[5, 28, 45]
[5, 45, 58]
[31, 43, 45]
[18, 43, 45]
[40, 43, 45]
[28, 43, 45]
[31, 39, 67]
[24, 31, 67]
[10, 30, 31]
[20, 48, 62]
[17, 20, 48]
[25, 28, 30]
[8, 39, 67]
[8, 46, 67]
[8, 51, 67]
[1, 8, 67]
[1, 8, 46]
[8, 9, 67]
[8, 9, 10]
[8, 9, 17]
[1, 8, 36]
[10, 49, 59]
[28, 49, 66]
[32, 49, 66]
[40, 49, 66]
[37, 49, 66]
[49, 51, 66]
[7, 49, 59]
[32, 49, 59]
[24, 34, 39]
[34, 39, 46]
[34, 39, 60]
[9, 14, 67]
[9, 24, 34]
[7, 9, 34]
[9, 31, 34]
[9, 28, 34]
[9, 34, 56]
[25, 28, 34]
[28, 29, 34]
[24, 28, 34]
[28, 34, 37]
[18, 28, 34]
[7, 34, 46]
[7, 31, 44]
[7, 14, 44]
[7, 14, 46]
[31, 39, 46]
[45, 53, 62]
[9, 52, 53]
[49, 52, 53]
[10, 52, 53]
[27, 52, 53]
[52, 53, 59]
[32, 52, 53]
[39, 52, 53]
[52, 53, 66]
[33, 52, 53]
[10, 24, 53]
[24, 27, 53]
[10, 53, 62]
[10, 53, 60]
[53, 55, 60]
[27, 53, 55]
[46, 53, 55]
[53, 55, 62]
[10, 27, 53]
[45, 53, 59]
[13, 27, 53]
[13, 53, 59]
[15, 25, 36]
[15, 17, 36]
[9, 10, 24]
[9, 24, 32]
[13, 19, 38]
[13, 38, 41]
[17, 54, 62]
[17, 51, 56]
[51, 55, 56]
[0, 11, 46]
[0, 11, 25]
[0, 11, 52]
[0, 11, 36]
[0, 11, 60]
[0, 10, 11]
[0, 11, 59]
[0, 11, 40]
[0, 11, 28]
[0, 11, 49]
[0, 36, 56]
[0, 25, 36]
[0, 25, 52]
[0, 10, 52]
[0, 38, 52]
[0, 36, 38]
[0, 38, 60]
[0, 38, 59]
[0, 28, 38]
[0, 1, 38]
[0, 38, 49]
[0, 14, 38]
[0, 3, 61]
[3, 14, 61]
[14, 36, 38]
[14, 38, 60]
[40, 62, 65]
[40, 46, 65]
[40, 55, 65]
[17, 40, 65]
[36, 40, 65]
[55, 59, 65]
[7, 59, 65]
[52, 59, 65]
[25, 52, 65]
[17, 52, 65]
[44, 52, 65]
[32, 52, 65]
[37, 52, 65]
[28, 52, 65]
[49, 52, 65]
[9, 52, 65]
[51, 59, 65]
[17, 51, 65]
[46, 51, 65]
[51, 55, 65]
[32, 51, 65]
[40, 51, 65]
[37, 51, 65]
[51, 65, 67]
[25, 36, 65]
[7, 36, 65]
[6, 45, 64]
[18, 45, 64]
[45, 59, 64]
[45, 62, 64]
[32, 45, 64]
[45, 58, 64]
[31, 45, 64]
[43, 45, 64]
[22, 45, 64]
[45, 64, 69]
[26, 45, 64]
[4, 45, 64]
[45, 57, 64]
[0, 45, 64]
[45, 53, 64]
[2, 45, 64]
[35, 45, 64]
[19, 45, 59]
[19, 45, 62]
[18, 19, 45]
[19, 31, 45]
[43, 45, 58]
[29, 40, 67]
[29, 40, 51]
[29, 40, 66]
[11, 29, 40]
[29, 40, 41]
[28, 29, 66]
[29, 32, 66]
[29, 32, 67]
[24, 29, 67]
[29, 39, 67]
[29, 32, 59]
[24, 29, 32]
[11, 29, 59]
[11, 24, 29]
[11, 29, 67]
[11, 28, 29]
[11, 29, 66]
[11, 29, 52]
[24, 29, 44]
[24, 29, 39]
[29, 51, 59]
[17, 29, 51]
[29, 32, 51]
[29, 39, 51]
[8, 9, 26]
[8, 26, 46]
[8, 10, 26]
[8, 26, 51]
[8, 26, 63]
[8, 19, 26]
[8, 26, 47]
[8, 13, 26]
[1, 8, 26]
[8, 50, 62]
[7, 8, 9]
[8, 15, 62]
[9, 53, 59]
[9, 24, 53]
[49, 53, 59]
[46, 49, 53]
[27, 49, 53]
[32, 49, 53]
[49, 53, 66]
[32, 53, 59]
[32, 36, 49]
[7, 36, 49]
[17, 36, 49]
[24, 32, 53]
[36, 37, 49]
[8, 36, 47]
[8, 46, 47]
[17, 37, 49]
[49, 51, 59]
[46, 49, 51]
[17, 49, 51]
[32, 49, 51]
[37, 49, 51]
[28, 49, 51]
[0, 49, 59]
[7, 59, 69]
[55, 59, 69]
[17, 18, 69]
[3, 15, 25]
[3, 15, 51]
[3, 15, 41]
[3, 15, 16]
[3, 15, 21]
[3, 25, 32]
[3, 17, 51]
[3, 51, 55]
[3, 32, 51]
[15, 17, 40]
[15, 40, 62]
[2, 13, 67]
[2, 13, 44]
[31, 40, 66]
[14, 40, 66]
[40, 41, 66]
[40, 51, 66]
[20, 40, 66]
[13, 41, 66]
[13, 32, 66]
[13, 21, 66]
[13, 20, 66]
[14, 27, 66]
[7, 14, 66]
[2, 3, 13]
[2, 13, 32]
[37, 51, 66]
[2, 5, 30]
[2, 5, 45]
[30, 45, 54]
[16, 30, 54]
[30, 54, 69]
[30, 33, 54]
[45, 54, 69]
[7, 54, 69]
[54, 55, 69]
[18, 54, 69]
[54, 62, 69]
[17, 54, 69]
[54, 55, 62]
[7, 54, 62]
[33, 36, 54]
[24, 54, 61]
[45, 54, 61]
[45, 54, 62]
[18, 45, 54]
[27, 54, 55]
[7, 17, 54]
[16, 54, 55]
[16, 54, 62]
[16, 45, 54]
[33, 54, 69]
[9, 10, 64]
[8, 10, 48]
[10, 33, 56]
[10, 27, 33]
[10, 33, 46]
[10, 33, 60]
[9, 10, 16]
[10, 16, 62]
[3, 10, 16]
[3, 5, 10]
[3, 13, 32]
[3, 13, 42]
[3, 13, 17]
[3, 13, 51]
[3, 13, 61]
[3, 13, 58]
[3, 13, 20]
[0, 3, 13]
[3, 13, 41]
[3, 13, 21]
[13, 15, 51]
[13, 15, 24]
[13, 24, 42]
[13, 42, 44]
[13, 42, 48]
[13, 17, 42]
[13, 42, 67]
[13, 42, 51]
[13, 23, 32]
[13, 32, 67]
[13, 32, 51]
[13, 44, 48]
[4, 13, 18]
[4, 13, 24]
[13, 26, 63]
[13, 44, 63]
[13, 28, 63]
[23, 35, 65]
[1, 23, 38]
[15, 25, 60]
[15, 35, 60]
[5, 15, 35]
[15, 18, 35]
[1, 15, 40]
[5, 15, 40]
[1, 15, 25]
[16, 23, 47]
[23, 47, 55]
[23, 37, 47]
[17, 23, 47]
[23, 47, 50]
[23, 47, 48]
[33, 43, 47]
[9, 33, 47]
[33, 37, 47]
[23, 38, 45]
[23, 37, 38]
[23, 35, 38]
[17, 23, 38]
[6, 23, 38]
[23, 38, 48]
[6, 38, 69]
[38, 45, 69]
[38, 62, 69]
[38, 45, 62]
[35, 38, 48]
[34, 38, 48]
[1, 35, 38]
[35, 38, 62]
[18, 35, 38]
[35, 37, 38]
[4, 11, 13]
[4, 13, 51]
[13, 18, 28]
[33, 40, 46]
[33, 37, 40]
[33, 40, 43]
[33, 37, 43]
[9, 33, 43]
[9, 33, 52]
[33, 43, 52]
[43, 52, 53]
[19, 52, 53]
[19, 53, 60]
[19, 38, 60]
[18, 19, 38]
[1, 19, 38]
[19, 34, 38]
[14, 19, 38]
[19, 38, 52]
[19, 38, 45]
[19, 38, 49]
[19, 38, 44]
[19, 38, 67]
[19, 22, 38]
[19, 24, 38]
[19, 38, 59]
[19, 38, 41]
[15, 19, 62]
[9, 15, 19]
[15, 19, 53]
[19, 53, 62]
[19, 53, 55]
[9, 19, 53]
[19, 59, 60]
[19, 27, 59]
[19, 55, 59]
[7, 19, 59]
[9, 19, 59]
[19, 33, 59]
[10, 19, 59]
[19, 59, 65]
[19, 31, 59]
[19, 48, 59]
[18, 19, 59]
[19, 52, 59]
[19, 49, 59]
[19, 22, 59]
[19, 59, 63]
[19, 55, 62]
[7, 19, 62]
[7, 9, 19]
[5, 10, 36]
[10, 36, 42]
[36, 42, 43]
[7, 36, 43]
[25, 36, 43]
[33, 36, 69]
[36, 65, 69]
[50, 62, 69]
[50, 55, 69]
[7, 46, 69]
[46, 55, 69]
[33, 46, 69]
[33, 43, 69]
[11, 62, 69]
[11, 46, 69]
[7, 65, 69]
[55, 65, 69]
[62, 65, 69]
[46, 65, 69]
[11, 65, 69]
[17, 33, 69]
[36, 42, 69]
[42, 43, 69]
[36, 38, 69]
[28, 38, 69]
[34, 38, 69]
[31, 46, 69]
[7, 31, 69]
[30, 33, 69]
[30, 43, 69]
[8, 46, 69]
[8, 50, 69]
[1, 23, 40]
[1, 40, 67]
[1, 25, 67]
[10, 16, 48]
[5, 10, 48]
[5, 10, 60]
[10, 11, 60]
[4, 45, 69]
[4, 39, 60]
[5, 39, 60]
[12, 28, 29]
[28, 29, 43]
[36, 50, 54]
[29, 33, 52]
[39, 52, 58]
[52, 58, 66]
[2, 37, 52]
[2, 9, 52]
[11, 31, 60]
[31, 39, 60]
[31, 60, 66]
[12, 31, 60]
[5, 31, 60]
[31, 40, 46]
[31, 33, 36]
[33, 36, 43]
[24, 31, 43]
[24, 31, 39]
[9, 24, 31]
[12, 24, 31]
[16, 24, 31]
[15, 24, 48]
[9, 24, 48]
[9, 19, 24]
[12, 46, 55]
[7, 12, 46]
[1, 40, 46]
[1, 25, 30]
[50, 57, 61]
[45, 57, 61]
[13, 17, 58]
[13, 27, 58]
[13, 32, 58]
[13, 24, 58]
[14, 17, 58]
[14, 27, 58]
[14, 39, 58]
[10, 14, 58]
[14, 58, 66]
[12, 14, 58]
[15, 17, 58]
[15, 25, 58]
[12, 25, 58]
[12, 55, 58]
[10, 27, 58]
[39, 55, 58]
[27, 55, 58]
[27, 58, 66]
[25, 58, 66]
[10, 17, 58]
[10, 12, 58]
[3, 5, 58]
[3, 10, 58]
[3, 25, 58]
[12, 58, 66]
[18, 19, 62]
[19, 55, 60]
[1, 18, 19]
[1, 19, 30]
[10, 19, 62]
[10, 19, 27]
[7, 19, 66]
[19, 60, 66]
[19, 23, 24]
[14, 19, 66]
[10, 14, 19]
[9, 10, 19]
[10, 18, 19]
[9, 16, 19]
[16, 19, 62]
[16, 19, 55]
[16, 18, 19]
[16, 19, 30]
[10, 16, 19]
[15, 16, 19]
[16, 19, 48]
[14, 16, 19]
[19, 27, 66]
[18, 19, 56]
[10, 12, 19]
[10, 19, 48]
[18, 19, 44]
[7, 19, 44]
[9, 19, 20]
[19, 20, 62]
[19, 20, 44]
[20, 38, 44]
[7, 20, 44]
[20, 45, 69]
[20, 44, 69]
[20, 62, 69]
[7, 20, 69]
[20, 38, 69]
[25, 32, 52]
[18, 52, 69]
[46, 51, 69]
[51, 55, 69]
[21, 30, 69]
[7, 21, 69]
[21, 46, 69]
[21, 38, 69]
[21, 59, 69]
[18, 62, 69]
[7, 30, 69]
[23, 37, 51]
[15, 18, 19]
[6, 23, 37]
[6, 28, 37]
[16, 55, 62]
[46, 47, 55]
[16, 47, 55]
[23, 26, 47]
[1, 19, 52]
[5, 28, 57]
[28, 38, 57]
[28, 29, 57]
[21, 28, 57]
[5, 29, 57]
[29, 39, 57]
[23, 29, 57]
[7, 23, 57]
[23, 55, 57]
[1, 12, 52]
[1, 12, 67]
[1, 12, 46]
[1, 12, 30]
[1, 12, 26]
[7, 12, 30]
[9, 10, 28]
[7, 14, 21]
[12, 51, 56]
[10, 52, 58]
[2, 13, 21]
[2, 7, 21]
[7, 21, 35]
[21, 35, 37]
[21, 35, 46]
[11, 13, 28]
[5, 8, 46]
[5, 7, 8]
[28, 51, 61]
[25, 28, 61]
[38, 59, 69]
[34, 40, 43]
[17, 40, 43]
[40, 43, 51]
[15, 40, 51]
[5, 40, 46]
[51, 59, 69]
[6, 28, 69]
[28, 52, 69]
[28, 30, 69]
[28, 51, 69]
[18, 28, 69]
[21, 28, 69]
[28, 29, 69]
[28, 44, 69]
[28, 34, 69]
[28, 43, 69]
[28, 50, 69]
[28, 33, 69]
[28, 30, 33]
[28, 33, 37]
[10, 28, 33]
[12, 28, 30]
[12, 28, 51]
[8, 23, 38]
[8, 23, 51]
[5, 8, 17]
[8, 17, 19]
[12, 41, 60]
[12, 41, 58]
[7, 12, 41]
[12, 25, 41]
[17, 42, 58]
[12, 19, 60]
[12, 29, 67]
[29, 56, 67]
[13, 29, 67]
[29, 33, 67]
[29, 56, 59]
[29, 52, 59]
[52, 58, 59]
[27, 52, 59]
[19, 33, 60]
[19, 27, 33]
[17, 19, 33]
[17, 19, 62]
[7, 17, 19]
[17, 19, 52]
[17, 18, 19]
[9, 17, 19]
[15, 17, 19]
[17, 19, 49]
[9, 17, 52]
[17, 37, 52]
[10, 17, 52]
[5, 17, 58]
[16, 46, 55]
[8, 38, 67]
[36, 38, 49]
[21, 36, 38]
[21, 22, 38]
[22, 38, 59]
[38, 45, 59]
[18, 38, 45]
[35, 38, 45]
[32, 38, 45]
[28, 38, 45]
[38, 49, 59]
[1, 38, 49]
[34, 38, 49]
[38, 49, 52]
[32, 38, 49]
[6, 38, 49]
[21, 35, 38]
[38, 49, 51]
[38, 51, 67]
[28, 38, 51]
[28, 38, 49]
[14, 28, 38]
[18, 28, 38]
[28, 38, 44]
[28, 35, 38]
[28, 34, 38]
[28, 38, 52]
[6, 28, 38]
[24, 28, 38]
[24, 38, 67]
[9, 16, 24]
[9, 24, 67]
[24, 35, 38]
[36, 47, 66]
[25, 36, 47]
[10, 30, 54]
[45, 54, 58]
[24, 34, 38]
[32, 35, 38]
[34, 36, 38]
[12, 25, 30]
[10, 12, 30]
[10, 12, 62]
[10, 12, 46]
[10, 12, 60]
[12, 25, 60]
[7, 12, 62]
[12, 55, 62]
[12, 55, 60]
[12, 60, 66]
[12, 25, 66]
[25, 60, 66]
[37, 60, 66]
[5, 11, 60]
[5, 11, 46]
[5, 10, 11]
[5, 10, 46]
[5, 7, 46]
[5, 39, 46]
[5, 10, 30]
[1, 30, 40]
[10, 16, 30]
[10, 16, 46]
[9, 16, 30]
[11, 16, 62]
[11, 16, 46]
[10, 11, 16]
[10, 30, 56]
[9, 30, 56]
[5, 7, 44]
[5, 30, 45]
[30, 40, 45]
[16, 30, 45]
[1, 34, 36]
[25, 34, 36]
[7, 34, 36]
[34, 36, 37]
[34, 36, 56]
[34, 36, 40]
[1, 34, 46]
[1, 18, 34]
[10, 22, 30]
[7, 22, 30]
[22, 27, 30]
[9, 22, 30]
[22, 25, 30]
[10, 18, 22]
[10, 18, 68]
[10, 60, 68]
[41, 60, 66]
[27, 41, 66]
[41, 55, 60]
[55, 57, 69]
[7, 57, 69]
[45, 57, 69]
[46, 57, 69]
[24, 57, 69]
[17, 57, 69]
[38, 57, 69]
[28, 57, 69]
[11, 57, 69]
[57, 67, 69]
[29, 57, 69]
[21, 57, 69]
[50, 57, 69]
[57, 59, 69]
[42, 57, 69]
[53, 57, 69]
[6, 57, 69]
[0, 57, 69]
[24, 33, 69]
[18, 43, 69]
[43, 45, 69]
[43, 67, 69]
[21, 43, 69]
[43, 51, 69]
[43, 52, 69]
[43, 53, 69]
[20, 43, 69]
[43, 64, 69]
[34, 43, 69]
[29, 43, 69]
[31, 43, 69]
[0, 43, 69]
[33, 44, 69]
[30, 50, 69]
[10, 32, 58]
[10, 12, 26]
[12, 26, 60]
[12, 26, 46]
[12, 25, 26]
[9, 10, 26]
[10, 26, 46]
[10, 26, 60]
[10, 26, 27]
[13, 26, 51]
[26, 46, 51]
[12, 26, 51]
[26, 51, 66]
[12, 46, 51]
[12, 51, 55]
[12, 40, 51]
[7, 31, 66]
[27, 31, 66]
[12, 31, 44]
[3, 32, 61]
[3, 25, 61]
[3, 55, 61]
[3, 10, 61]
[1, 3, 61]
[3, 22, 61]
[3, 25, 37]
[12, 31, 66]
[27, 31, 40]
[12, 31, 40]
[7, 9, 31]
[9, 10, 31]
[12, 31, 49]
[3, 15, 57]
[3, 55, 57]
[26, 49, 66]
[26, 27, 49]
[10, 26, 49]
[26, 46, 49]
[1, 26, 49]
[12, 26, 49]
[12, 49, 66]
[7, 20, 66]
[17, 40, 49]
[29, 32, 33]
[22, 32, 49]
[29, 42, 69]
[29, 67, 69]
[25, 41, 67]
[13, 41, 67]
[13, 29, 41]
[14, 29, 41]
[29, 41, 66]
[29, 61, 66]
[25, 41, 66]
[7, 41, 66]
[29, 57, 66]
[37, 40, 65]
[5, 40, 65]
[35, 37, 65]
[7, 35, 65]
[33, 37, 60]
[14, 60, 66]
[27, 50, 63]
[27, 41, 50]
[27, 40, 50]
[50, 62, 63]
[5, 31, 46]
[5, 10, 31]
[5, 7, 31]
[9, 19, 31]
[10, 19, 31]
[7, 19, 31]
[4, 58, 64]
[4, 23, 64]
[4, 13, 64]
[4, 7, 64]
[4, 37, 64]
[1, 4, 64]
[4, 60, 64]
[4, 22, 64]
[4, 8, 64]
[4, 57, 64]
[4, 36, 64]
[4, 18, 64]
[4, 11, 64]
[4, 53, 64]
[0, 4, 64]
[4, 59, 64]
[4, 52, 64]
[4, 31, 64]
[43, 64, 67]
[43, 58, 64]
[9, 43, 64]
[37, 43, 64]
[7, 43, 64]
[25, 43, 64]
[22, 43, 64]
[8, 43, 64]
[36, 43, 64]
[17, 43, 64]
[2, 43, 64]
[43, 53, 64]
[42, 43, 64]
[0, 43, 64]
[30, 43, 64]
[29, 43, 64]
[43, 52, 64]
[33, 43, 64]
[31, 43, 64]
[8, 37, 64]
[8, 10, 64]
[10, 11, 64]
[11, 62, 64]
[11, 13, 64]
[11, 25, 64]
[11, 60, 64]
[11, 57, 64]
[11, 36, 64]
[7, 9, 64]
[8, 9, 64]
[8, 13, 64]
[8, 62, 64]
[10, 62, 64]
[7, 62, 64]
[37, 62, 64]
[25, 37, 64]
[25, 62, 64]
[8, 23, 64]
[8, 15, 51]
[8, 50, 51]
[41, 50, 51]
[5, 41, 50]
[5, 40, 50]
[5, 50, 60]
[40, 41, 50]
[40, 50, 62]
[40, 50, 55]
[40, 50, 51]
[50, 51, 55]
[37, 50, 51]
[29, 41, 52]
[18, 28, 52]
[18, 19, 52]
[20, 42, 48]
[20, 42, 57]
[13, 20, 42]
[20, 40, 42]
[20, 42, 60]
[3, 20, 42]
[20, 42, 47]
[20, 42, 56]
[20, 36, 42]
[20, 23, 42]
[20, 42, 58]
[3, 42, 51]
[40, 42, 51]
[39, 42, 51]
[41, 42, 51]
[8, 42, 51]
[3, 10, 42]
[1, 3, 42]
[1, 40, 42]
[10, 42, 60]
[10, 16, 42]
[42, 57, 60]
[39, 42, 60]
[39, 42, 57]
[14, 39, 60]
[14, 39, 46]
[10, 14, 60]
[10, 14, 28]
[14, 16, 28]
[10, 16, 28]
[10, 22, 28]
[9, 22, 28]
[22, 25, 28]
[22, 28, 38]
[16, 22, 28]
[5, 22, 28]
[22, 28, 57]
[10, 12, 28]
[12, 25, 28]
[12, 14, 28]
[12, 28, 47]
[12, 28, 63]
[12, 28, 35]
[5, 10, 28]
[10, 28, 61]
[21, 28, 38]
[13, 21, 28]
[11, 25, 28]
[11, 16, 28]
[5, 11, 28]
[11, 28, 57]
[9, 16, 28]
[16, 28, 37]
[5, 25, 28]
[28, 37, 50]
[5, 28, 50]
[19, 59, 61]
[28, 35, 37]
[5, 28, 35]
[28, 35, 61]
[21, 28, 35]
[14, 28, 35]
[28, 35, 65]
[18, 28, 35]
[28, 35, 63]
[28, 50, 57]
[10, 59, 61]
[11, 20, 57]
[20, 48, 58]
[20, 38, 48]
[13, 20, 48]
[20, 40, 48]
[9, 20, 48]
[20, 48, 57]
[20, 38, 57]
[13, 20, 57]
[13, 20, 38]
[20, 38, 62]
[7, 20, 62]
[20, 38, 60]
[7, 20, 36]
[20, 36, 38]
[10, 20, 36]
[10, 20, 62]
[10, 17, 20]
[3, 20, 38]
[20, 40, 43]
[17, 20, 43]
[8, 17, 54]
[8, 37, 54]
[9, 32, 59]
[37, 54, 62]
[17, 37, 54]
[27, 40, 41]
[11, 40, 41]
[40, 41, 55]
[32, 56, 59]
[11, 25, 41]
[41, 51, 55]
[51, 56, 59]
[44, 48, 63]
[48, 62, 63]
[48, 59, 63]
[27, 48, 63]
[48, 51, 63]
[24, 48, 63]
[8, 48, 63]
[25, 48, 63]
[48, 58, 63]
[48, 54, 63]
[7, 59, 63]
[27, 59, 63]
[34, 37, 43]
[7, 34, 43]
[30, 34, 43]
[34, 43, 56]
[31, 34, 43]
[18, 34, 43]
[24, 34, 43]
[25, 34, 43]
[9, 34, 43]
[34, 36, 43]
[34, 40, 46]
[27, 34, 40]
[32, 51, 56]
[16, 22, 45]
[7, 22, 63]
[22, 38, 63]
[17, 22, 63]
[22, 59, 63]
[10, 22, 63]
[22, 30, 63]
[8, 22, 63]
[22, 25, 63]
[2, 22, 63]
[22, 36, 63]
[21, 22, 63]
[22, 48, 63]
[22, 27, 48]
[22, 38, 48]
[22, 45, 61]
[22, 55, 61]
[22, 59, 61]
[22, 32, 61]
[10, 22, 61]
[8, 22, 61]
[22, 25, 61]
[2, 22, 61]
[22, 43, 61]
[22, 48, 61]
[22, 61, 68]
[9, 22, 48]
[17, 22, 48]
[22, 36, 38]
[7, 22, 36]
[17, 22, 36]
[22, 36, 40]
[22, 36, 56]
[22, 32, 36]
[10, 22, 36]
[8, 22, 36]
[22, 25, 36]
[3, 22, 36]
[2, 22, 36]
[21, 22, 28]
[22, 28, 30]
[18, 22, 28]
[22, 28, 45]
[22, 28, 43]
[22, 28, 63]
[22, 28, 49]
[21, 28, 34]
[16, 21, 28]
[16, 28, 30]
[16, 18, 28]
[28, 35, 44]
[13, 28, 51]
[13, 41, 51]
[13, 51, 67]
[15, 17, 51]
[3, 37, 51]
[17, 62, 64]
[7, 17, 64]
[21, 39, 50]
[30, 40, 50]
[3, 35, 54]
[1, 3, 35]
[3, 35, 55]
[3, 35, 37]
[35, 39, 54]
[35, 54, 62]
[12, 35, 60]
[0, 35, 60]
[0, 35, 39]
[0, 35, 46]
[0, 35, 55]
[0, 1, 35]
[0, 35, 54]
[0, 3, 35]
[0, 35, 56]
[0, 35, 64]
[0, 35, 38]
[0, 30, 35]
[0, 40, 46]
[0, 40, 55]
[0, 46, 55]
[0, 19, 38]
[0, 3, 38]
[0, 10, 19]
[0, 19, 55]
[0, 1, 19]
[0, 19, 60]
[0, 19, 56]
[0, 54, 55]
[0, 39, 54]
[0, 10, 54]
[0, 39, 55]
[0, 39, 46]
[0, 45, 69]
[0, 30, 69]
[0, 11, 69]
[0, 54, 69]
[0, 46, 69]
[0, 55, 69]
[0, 36, 69]
[0, 64, 69]
[0, 59, 69]
[0, 38, 69]
[0, 52, 69]
[0, 1, 40]
[0, 1, 46]
[0, 4, 46]
[0, 4, 40]
[0, 4, 45]
[0, 4, 38]
[0, 38, 45]
[0, 40, 45]
[0, 19, 45]
[0, 45, 54]
[0, 45, 59]
[0, 30, 45]
[0, 35, 45]
[0, 19, 52]
[0, 39, 52]
[0, 10, 46]
[0, 14, 39]
[0, 14, 46]
[6, 46, 67]
[6, 40, 67]
[11, 13, 67]
[24, 33, 67]
[24, 50, 67]
[31, 33, 67]
[33, 40, 67]
[2, 57, 67]
[2, 56, 57]
[25, 47, 63]
[36, 47, 63]
[46, 47, 63]
[17, 47, 63]
[8, 47, 63]
[44, 47, 63]
[47, 50, 63]
[47, 48, 63]
[47, 59, 63]
[25, 36, 63]
[25, 62, 63]
[14, 39, 57]
[7, 14, 57]
[14, 46, 57]
[14, 36, 57]
[14, 57, 60]
[14, 17, 57]
[14, 56, 57]
[3, 14, 57]
[14, 57, 67]
[14, 38, 57]
[14, 57, 64]
[14, 57, 66]
[14, 20, 57]
[6, 14, 57]
[14, 29, 57]
[14, 19, 60]
[13, 14, 20]
[2, 20, 65]
[20, 40, 65]
[27, 35, 63]
[7, 35, 63]
[24, 31, 33]
[31, 33, 60]
[31, 33, 40]
[27, 31, 33]
[11, 31, 69]
[7, 14, 20]
[14, 20, 40]
[14, 20, 56]
[9, 14, 20]
[14, 20, 60]
[32, 59, 65]
[11, 59, 65]
[20, 33, 43]
[7, 20, 43]
[10, 12, 63]
[50, 54, 63]
[42, 56, 57]
[15, 56, 57]
[36, 56, 57]
[36, 57, 64]
[7, 57, 64]
[12, 33, 56]
[32, 33, 64]
[33, 37, 64]
[31, 33, 64]
[10, 33, 64]
[33, 36, 64]
[9, 33, 64]
[17, 33, 64]
[7, 31, 64]
[10, 31, 64]
[31, 34, 54]
[27, 34, 54]
[7, 34, 54]
[34, 37, 54]
[34, 39, 54]
[34, 36, 54]
[18, 34, 54]
[33, 34, 54]
[27, 33, 54]
[21, 34, 38]
[21, 37, 38]
[3, 21, 38]
[21, 31, 34]
[21, 34, 46]
[21, 34, 39]
[21, 34, 36]
[9, 21, 34]
[21, 31, 39]
[21, 31, 46]
[21, 25, 37]
[21, 37, 50]
[6, 21, 28]
[2, 29, 51]
[23, 48, 51]
[8, 23, 48]
[8, 48, 51]
[40, 48, 51]
[48, 51, 55]
[48, 51, 59]
[46, 48, 51]
[17, 48, 51]
[27, 40, 48]
[40, 48, 62]
[40, 48, 55]
[27, 48, 58]
[48, 55, 58]
[25, 48, 58]
[48, 58, 59]
[17, 48, 58]
[10, 48, 58]
[15, 48, 58]
[27, 58, 59]
[55, 58, 59]
[32, 58, 59]
[25, 32, 58]
[19, 27, 48]
[2, 27, 53]
[2, 53, 55]
[42, 51, 56]
[17, 42, 51]
[30, 39, 42]
[15, 51, 56]
[50, 51, 59]
[15, 25, 62]
[15, 17, 62]
[15, 56, 62]
[32, 51, 66]
[0, 23, 55]
[0, 23, 40]
[0, 23, 30]
[0, 23, 45]
[0, 23, 47]
[0, 23, 61]
[0, 1, 23]
[0, 3, 23]
[0, 23, 38]
[0, 55, 59]
[0, 30, 40]
[0, 28, 45]
[0, 25, 30]
[0, 30, 56]
[0, 56, 59]
[0, 55, 56]
[0, 28, 30]
[0, 59, 61]
[0, 55, 61]
[0, 25, 61]
[0, 60, 61]
[0, 28, 61]
[14, 28, 66]
[14, 46, 67]
[14, 27, 67]
[14, 40, 67]
[14, 56, 67]
[14, 61, 67]
[1, 14, 67]
[14, 38, 67]
[12, 14, 67]
[14, 19, 67]
[14, 39, 67]
[14, 41, 67]
[14, 35, 67]
[31, 40, 67]
[17, 48, 62]
[17, 40, 48]
[8, 17, 48]
[8, 48, 62]
[48, 55, 62]
[27, 48, 55]
[25, 48, 62]
[27, 48, 59]
[48, 55, 59]
[25, 44, 48]
[8, 46, 48]
[40, 46, 48]
[23, 35, 48]
[23, 32, 35]
[1, 18, 35]
[1, 35, 46]
[31, 34, 49]
[18, 31, 34]
[31, 34, 40]
[31, 49, 58]
[10, 31, 58]
[31, 58, 59]
[27, 31, 58]
[31, 58, 66]
[31, 58, 63]
[30, 31, 45]
[9, 32, 52]
[9, 52, 59]
[11, 53, 69]
[11, 59, 69]
[11, 18, 69]
[11, 28, 69]
[11, 52, 69]
[11, 29, 69]
[11, 49, 66]
[11, 41, 66]
[11, 41, 60]
[11, 15, 41]
[11, 13, 20]
[11, 20, 47]
[11, 20, 66]
[11, 20, 40]
[11, 20, 62]
[11, 20, 60]
[10, 11, 20]
[11, 20, 52]
[11, 20, 69]
[11, 41, 47]
[11, 41, 52]
[11, 29, 41]
[11, 13, 41]
[11, 25, 47]
[11, 47, 59]
[43, 48, 61]
[43, 45, 61]
[28, 43, 61]
[43, 51, 61]
[8, 43, 61]
[43, 48, 51]
[25, 43, 48]
[40, 43, 48]
[8, 43, 48]
[48, 55, 61]
[23, 48, 55]
[16, 23, 48]
[23, 48, 61]
[23, 55, 61]
[2, 23, 55]
[2, 23, 32]
[2, 23, 37]
[2, 23, 61]
[2, 23, 30]
[2, 23, 45]
[23, 30, 45]
[23, 40, 45]
[23, 40, 55]
[23, 32, 45]
[9, 33, 56]
[9, 32, 33]
[9, 33, 48]
[2, 9, 33]
[9, 33, 53]
[9, 22, 33]
[29, 33, 39]
[29, 33, 56]
[33, 44, 56]
[33, 56, 59]
[30, 33, 56]
[17, 33, 56]
[33, 47, 56]
[32, 33, 56]
[6, 33, 56]
[30, 33, 39]
[17, 33, 37]
[17, 33, 40]
[17, 33, 52]
[27, 33, 40]
[27, 33, 59]
[17, 33, 43]
[17, 33, 47]
[17, 33, 48]
[17, 33, 54]
[17, 33, 68]
[23, 32, 33]
[32, 33, 59]
[10, 32, 33]
[32, 33, 52]
[32, 33, 61]
[3, 32, 33]
[32, 33, 53]
[32, 33, 54]
[28, 33, 44]
[10, 12, 33]
[8, 9, 15]
[9, 15, 21]
[17, 38, 49]
[16, 23, 45]
[35, 38, 60]
[25, 28, 66]
[16, 28, 45]
[16, 28, 44]
[50, 60, 66]
[27, 50, 66]
[35, 38, 44]
[35, 55, 60]
[50, 55, 60]
[50, 55, 62]
[5, 25, 36]
[0, 39, 60]
[0, 39, 61]
[0, 39, 58]
[39, 50, 60]
[39, 50, 55]
[39, 50, 61]
[39, 50, 51]
[39, 51, 61]
[1, 40, 50]
[50, 59, 60]
[27, 50, 59]
[50, 56, 59]
[50, 55, 56]
[9, 28, 52]
[36, 42, 56]
[25, 36, 66]
[36, 50, 66]
[3, 36, 38]
[1, 3, 36]
[3, 25, 36]
[3, 23, 36]
[3, 36, 37]
[3, 36, 58]
[3, 36, 41]
[0, 3, 36]
[3, 15, 36]
[3, 14, 36]
[1, 36, 40]
[1, 25, 36]
[23, 36, 40]
[7, 23, 36]
[23, 36, 38]
[23, 36, 50]
[23, 36, 54]
[16, 44, 54]
[50, 54, 55]
[50, 54, 62]
[27, 50, 54]
[1, 23, 36]
[13, 24, 61]
[10, 24, 54]
[23, 45, 54]
[13, 21, 44]
[13, 21, 38]
[13, 21, 59]
[13, 21, 23]
[16, 21, 44]
[49, 58, 59]
[6, 49, 59]
[49, 52, 59]
[49, 50, 59]
[49, 59, 64]
[49, 59, 65]
[0, 59, 60]
[5, 25, 44]
[5, 25, 30]
[9, 30, 34]
[9, 15, 56]
[3, 25, 34]
[3, 30, 34]
[3, 21, 34]
[3, 21, 25]
[3, 21, 30]
[3, 5, 21]
[3, 21, 35]
[3, 21, 37]
[3, 14, 21]
[5, 7, 21]
[5, 21, 46]
[13, 21, 63]
[13, 15, 21]
[13, 21, 35]
[15, 21, 25]
[21, 25, 28]
[3, 21, 36]
[15, 21, 36]
[9, 15, 24]
[9, 24, 28]
[20, 36, 43]
[20, 36, 40]
[20, 36, 56]
[20, 36, 65]
[20, 36, 66]
[20, 36, 58]
[11, 20, 36]
[17, 20, 36]
[20, 33, 36]
[10, 36, 49]
[34, 36, 49]
[36, 40, 49]
[36, 49, 65]
[31, 36, 49]
[36, 49, 66]
[10, 31, 36]
[25, 36, 64]
[7, 36, 64]
[10, 36, 64]
[31, 36, 64]
[6, 46, 55]
[6, 12, 55]
[9, 10, 20]
[9, 20, 56]
[9, 20, 65]
[9, 20, 43]
[13, 26, 66]
[13, 28, 66]
[13, 24, 29]
[13, 29, 44]
[11, 13, 29]
[6, 12, 24]
[12, 51, 66]
[12, 24, 67]
[12, 24, 44]
[24, 27, 34]
[18, 24, 34]
[25, 34, 60]
[12, 25, 44]
[7, 12, 44]
[12, 25, 67]
[12, 46, 67]
[12, 56, 67]
[12, 56, 62]
[12, 44, 56]
[18, 34, 56]
[12, 55, 56]
[12, 24, 58]
[12, 40, 62]
[12, 40, 46]
[12, 40, 55]
[12, 28, 44]
[24, 27, 58]
[10, 24, 58]
[24, 39, 58]
[12, 30, 56]
[12, 30, 40]
[10, 16, 24]
[16, 24, 44]
[16, 24, 28]
[24, 32, 58]
[15, 24, 58]
[15, 16, 24]
[46, 51, 67]
[39, 51, 67]
[51, 56, 67]
[32, 51, 67]
[32, 56, 67]
[32, 38, 67]
[12, 40, 67]
[12, 51, 67]
[18, 34, 40]
[18, 34, 38]
[34, 38, 60]
[27, 30, 34]
[7, 30, 34]
[25, 30, 34]
[30, 34, 39]
[30, 34, 56]
[30, 34, 40]
[28, 30, 34]
[25, 34, 37]
[34, 37, 40]
[34, 37, 65]
[34, 37, 49]
[3, 34, 37]
[34, 37, 38]
[4, 34, 37]
[4, 37, 60]
[4, 8, 37]
[4, 37, 40]
[4, 37, 51]
[4, 16, 37]
[4, 37, 54]
[4, 37, 52]
[4, 6, 37]
[4, 37, 65]
[4, 37, 38]
[4, 28, 37]
[4, 23, 37]
[4, 36, 37]
[4, 37, 47]
[25, 37, 47]
[8, 37, 47]
[17, 37, 47]
[16, 37, 47]
[37, 47, 66]
[37, 47, 68]
[37, 47, 50]
[2, 37, 47]
[37, 43, 47]
[3, 37, 47]
[28, 37, 47]
[34, 37, 47]
[36, 37, 47]
[36, 37, 43]
[21, 36, 37]
[23, 36, 37]
[36, 37, 50]
[36, 37, 65]
[2, 36, 37]
[33, 36, 37]
[36, 37, 68]
[36, 37, 64]
[8, 36, 64]
[14, 36, 64]
[17, 36, 64]
[32, 36, 64]
[36, 58, 64]
[1, 36, 64]
[0, 36, 64]
[36, 49, 64]
[23, 36, 64]
[22, 36, 64]
[2, 36, 64]
[2, 7, 36]
[2, 15, 36]
[2, 36, 56]
[2, 36, 63]
[2, 36, 41]
[2, 36, 43]
[2, 36, 38]
[2, 5, 36]
[2, 20, 36]
[2, 36, 54]
[2, 36, 65]
[2, 3, 36]
[2, 10, 36]
[2, 32, 36]
[2, 36, 58]
[2, 36, 68]
[2, 36, 49]
[2, 23, 36]
[2, 36, 57]
[2, 21, 36]
[7, 21, 36]
[21, 36, 69]
[21, 36, 50]
[21, 36, 43]
[14, 21, 36]
[5, 21, 36]
[21, 23, 36]
[21, 31, 36]
[21, 22, 36]
[21, 36, 57]
[7, 36, 57]
[15, 36, 57]
[36, 38, 57]
[16, 31, 45]
[6, 30, 45]
[12, 31, 58]
[6, 12, 58]
[6, 58, 59]
[6, 55, 58]
[6, 24, 58]
[6, 31, 58]
[24, 31, 58]
[2, 58, 59]
[2, 55, 58]
[2, 27, 58]
[2, 10, 58]
[2, 15, 58]
[2, 12, 58]
[2, 53, 58]
[2, 41, 58]
[31, 39, 58]
[9, 16, 31]
[39, 41, 67]
[40, 41, 67]
[38, 41, 67]
[27, 41, 67]
[24, 41, 67]
[41, 51, 67]
[12, 41, 67]
[41, 50, 67]
[41, 61, 67]
[11, 41, 67]
[24, 39, 41]
[36, 50, 56]
[8, 36, 50]
[8, 51, 61]
[24, 38, 41]
[24, 27, 41]
[38, 41, 60]
[25, 41, 60]
[39, 41, 60]
[40, 41, 51]
[38, 41, 51]
[56, 57, 59]
[55, 56, 57]
[11, 16, 31]
[10, 11, 31]
[11, 31, 67]
[11, 31, 49]
[49, 58, 66]
[32, 61, 66]
[25, 32, 61]
[32, 59, 61]
[10, 32, 61]
[24, 32, 61]
[32, 51, 61]
[32, 45, 61]
[32, 61, 67]
[8, 61, 67]
[25, 61, 67]
[51, 61, 66]
[41, 61, 66]
[51, 59, 61]
[29, 61, 67]
[8, 29, 61]
[24, 29, 61]
[29, 39, 61]
[29, 41, 61]
[29, 51, 61]
[29, 32, 61]
[2, 29, 61]
[13, 29, 61]
[29, 33, 61]
[29, 48, 61]
[29, 43, 61]
[29, 61, 65]
[5, 29, 61]
[29, 57, 61]
[28, 29, 61]
[29, 61, 68]
[29, 50, 61]
[16, 24, 29]
[29, 44, 56]
[29, 32, 56]
[21, 38, 44]
[11, 59, 60]
[11, 36, 49]
[36, 49, 58]
[40, 49, 51]
[12, 49, 51]
[26, 49, 51]
[7, 34, 49]
[34, 40, 49]
[7, 12, 49]
[12, 46, 49]
[10, 32, 49]
[40, 46, 49]
[7, 46, 57]
[16, 31, 44]
[13, 27, 67]
[17, 62, 63]
[17, 37, 64]
[37, 40, 43]
[25, 37, 43]
[7, 8, 43]
[8, 37, 43]
[17, 37, 43]
[7, 17, 43]
[8, 17, 43]
[10, 59, 63]
[10, 46, 63]
[10, 62, 63]
[7, 46, 63]
[7, 62, 63]
[10, 24, 63]
[10, 17, 63]
[24, 33, 34]
[33, 34, 56]
[33, 34, 40]
[27, 33, 34]
[33, 34, 37]
[33, 34, 60]
[3, 33, 34]
[33, 34, 46]
[9, 33, 34]
[24, 27, 33]
[24, 32, 33]
[24, 33, 43]
[33, 43, 56]
[33, 43, 67]
[33, 34, 43]
[30, 33, 43]
[33, 43, 53]
[24, 41, 43]
[20, 43, 56]
[17, 43, 56]
[21, 34, 43]
[13, 32, 59]
[3, 10, 32]
[3, 32, 38]
[3, 37, 38]
[3, 17, 38]
[3, 17, 37]
[1, 3, 14]
[3, 16, 47]
[3, 47, 55]
[17, 43, 47]
[8, 43, 47]
[8, 43, 67]
[40, 43, 67]
[43, 56, 67]
[25, 43, 67]
[24, 43, 67]
[25, 41, 43]
[25, 32, 66]
[4, 16, 45]
[4, 40, 45]
[4, 39, 46]
[14, 16, 46]
[35, 39, 60]
[4, 8, 39]
[4, 7, 46]
[6, 14, 21]
[14, 21, 38]
[13, 14, 21]
[14, 16, 21]
[14, 21, 46]
[33, 60, 64]
[37, 60, 64]
[7, 8, 64]
[37, 43, 52]
[17, 43, 52]
[19, 52, 65]
[4, 52, 65]
[41, 43, 52]
[25, 43, 52]
[29, 43, 52]
[43, 52, 58]
[0, 43, 52]
[9, 43, 52]
[20, 43, 52]
[12, 43, 52]
[22, 43, 45]
[7, 22, 43]
[7, 21, 43]
[21, 25, 43]
[7, 8, 65]
[4, 8, 65]
[4, 7, 65]
[9, 21, 30]
[10, 30, 33]
[30, 33, 40]
[3, 30, 33]
[27, 30, 33]
[30, 33, 64]
[30, 33, 34]
[30, 33, 53]
[29, 30, 33]
[30, 33, 68]
[27, 33, 67]
[33, 56, 67]
[12, 33, 67]
[12, 33, 40]
[12, 33, 60]
[12, 33, 46]
[12, 24, 33]
[9, 33, 67]
[9, 24, 33]
[9, 26, 33]
[9, 33, 68]
[12, 29, 33]
[12, 33, 47]
[9, 31, 33]
[9, 19, 33]
[33, 61, 67]
[32, 33, 67]
[33, 59, 60]
[10, 33, 61]
[10, 33, 36]
[33, 36, 40]
[33, 36, 56]
[33, 53, 67]
[33, 46, 67]
[37, 50, 62]
[8, 37, 50]
[8, 39, 50]
[49, 50, 51]
[50, 51, 66]
[8, 50, 54]
[0, 35, 58]
[0, 58, 59]
[0, 3, 65]
[2, 59, 65]
[2, 55, 65]
[2, 7, 65]
[2, 37, 65]
[2, 44, 65]
[2, 32, 65]
[2, 49, 65]
[2, 51, 65]
[2, 5, 65]
[2, 61, 65]
[2, 3, 65]
[2, 9, 65]
[2, 65, 67]
[2, 23, 65]
[2, 29, 65]
[0, 55, 65]
[0, 46, 65]
[0, 59, 65]
[0, 11, 65]
[0, 25, 65]
[0, 35, 65]
[46, 55, 65]
[7, 46, 65]
[18, 65, 69]
[59, 65, 69]
[44, 65, 69]
[22, 27, 33]
[22, 33, 59]
[22, 32, 33]
[10, 22, 33]
[22, 33, 60]
[22, 33, 56]
[22, 28, 33]
[22, 33, 40]
[22, 30, 33]
[22, 33, 61]
[3, 22, 33]
[22, 33, 36]
[19, 22, 33]
[17, 22, 33]
[6, 12, 33]
[6, 33, 69]
[6, 33, 37]
[6, 33, 46]
[6, 33, 59]
[6, 33, 44]
[6, 33, 54]
[6, 31, 33]
[6, 33, 53]
[6, 28, 33]
[33, 59, 69]
[33, 37, 54]
[12, 33, 44]
[12, 31, 33]
[12, 28, 33]
[12, 26, 33]
[33, 44, 54]
[10, 33, 54]
[27, 33, 53]
[33, 46, 53]
[33, 53, 59]
[33, 53, 69]
[10, 33, 53]
[33, 53, 60]
[31, 33, 46]
[33, 44, 47]
[20, 44, 65]
[7, 20, 65]
[6, 7, 57]
[6, 55, 57]
[5, 41, 60]
[5, 7, 41]
[5, 11, 41]
[5, 25, 41]
[5, 40, 41]
[5, 39, 41]
[5, 41, 58]
[5, 26, 41]
[5, 41, 61]
[3, 5, 41]
[5, 29, 41]
[7, 23, 41]
[23, 41, 55]
[7, 44, 63]
[46, 51, 63]
[51, 59, 63]
[11, 25, 60]
[7, 34, 69]
[25, 44, 63]
[18, 35, 44]
[30, 35, 39]
[2, 30, 45]
[2, 7, 30]
[2, 10, 30]
[2, 30, 56]
[2, 9, 30]
[2, 27, 59]
[2, 10, 27]
[2, 10, 59]
[35, 44, 56]
[9, 32, 56]
[7, 44, 69]
[18, 44, 69]
[32, 58, 66]
[15, 57, 58]
[15, 36, 58]
[25, 36, 58]
[10, 36, 58]
[32, 36, 58]
[36, 57, 58]
[14, 36, 58]
[36, 41, 58]
[0, 36, 58]
[4, 36, 58]
[36, 43, 58]
[36, 58, 63]
[36, 42, 58]
[10, 11, 36]
[52, 59, 69]
[15, 36, 40]
[1, 15, 36]
[15, 36, 56]
[8, 23, 36]
[1, 36, 49]
[23, 40, 51]
[9, 21, 59]
[18, 59, 69]
[45, 59, 69]
[11, 67, 69]
[11, 46, 67]
[21, 28, 37]
[16, 21, 30]
[21, 30, 39]
[10, 27, 52]
[10, 52, 59]
[12, 14, 56]
[14, 60, 61]
[14, 39, 61]
[23, 51, 55]
[23, 38, 51]
[7, 23, 30]
[21, 31, 63]
[10, 26, 63]
[10, 28, 63]
[12, 24, 63]
[12, 51, 63]
[7, 12, 63]
[12, 46, 63]
[12, 62, 63]
[12, 44, 63]
[12, 30, 63]
[12, 26, 63]
[28, 51, 63]
[26, 51, 63]
[26, 46, 63]
[26, 38, 63]
[26, 44, 63]
[28, 44, 63]
[24, 44, 63]
[11, 40, 67]
[1, 46, 67]
[28, 51, 66]
[10, 28, 49]
[11, 18, 28]
[11, 40, 49]
[27, 40, 49]
[4, 13, 28]
[4, 18, 28]
[4, 11, 28]
[4, 11, 59]
[4, 11, 60]
[4, 11, 46]
[4, 11, 18]
[4, 11, 16]
[4, 11, 40]
[4, 11, 69]
[4, 59, 60]
[4, 7, 59]
[4, 13, 59]
[4, 40, 46]
[4, 40, 51]
[4, 18, 40]
[1, 4, 40]
[4, 40, 41]
[4, 39, 51]
[4, 46, 51]
[4, 16, 46]
[4, 8, 46]
[4, 7, 8]
[33, 67, 69]
[27, 50, 67]
[50, 51, 67]
[39, 50, 67]
[8, 50, 67]
[1, 50, 67]
[50, 67, 69]
[37, 49, 50]
[27, 49, 50]
[49, 50, 66]
[37, 50, 60]
[50, 55, 59]
[1, 49, 50]
[1, 8, 50]
[50, 59, 69]
[50, 51, 69]
[21, 50, 69]
[29, 50, 67]
[29, 39, 50]
[29, 50, 51]
[8, 29, 50]
[29, 50, 66]
[29, 50, 59]
[29, 50, 69]
[11, 15, 60]
[4, 45, 59]
[9, 32, 67]
[4, 24, 39]
[40, 50, 66]
[24, 27, 50]
[11, 64, 67]
[4, 8, 13]
[9, 56, 67]
[1, 8, 15]
[13, 28, 44]
[1, 38, 67]
[4, 16, 28]
[28, 57, 66]
[7, 57, 66]
[57, 60, 66]
[7, 57, 59]
[55, 57, 59]
[45, 57, 59]
[46, 55, 57]
[39, 46, 57]
[36, 57, 66]
[17, 36, 57]
[11, 36, 57]
[4, 36, 57]
[0, 36, 57]
[3, 36, 57]
[5, 36, 57]
[23, 36, 57]
[22, 36, 57]
[36, 50, 57]
[36, 42, 57]
[20, 36, 57]
[36, 54, 57]
[7, 54, 57]
[54, 55, 57]
[39, 54, 57]
[45, 54, 57]
[54, 57, 67]
[17, 54, 57]
[54, 57, 69]
[55, 57, 60]
[15, 57, 60]
[39, 57, 60]
[39, 55, 57]
[57, 59, 60]
[11, 57, 59]
[11, 57, 60]
[11, 46, 57]
[11, 15, 57]
[11, 57, 66]
[38, 57, 60]
[38, 57, 59]
[38, 45, 57]
[28, 45, 57]
[14, 28, 57]
[46, 57, 67]
[56, 57, 67]
[39, 57, 67]
[11, 57, 67]
[38, 57, 67]
[5, 7, 57]
[5, 57, 60]
[5, 46, 57]
[5, 39, 57]
[5, 11, 57]
[5, 45, 57]
[5, 17, 57]
[7, 17, 57]
[15, 17, 57]
[17, 56, 57]
[17, 38, 57]
[21, 38, 57]
[7, 21, 57]
[13, 21, 57]
[21, 46, 57]
[15, 21, 57]
[21, 39, 57]
[5, 21, 57]
[42, 57, 67]
[17, 42, 57]
[42, 54, 57]
[50, 54, 57]
[50, 55, 57]
[50, 57, 60]
[50, 57, 66]
[50, 56, 57]
[39, 50, 57]
[50, 57, 59]
[50, 57, 67]
[5, 50, 57]
[21, 50, 57]
[21, 22, 57]
[7, 22, 57]
[22, 55, 57]
[22, 57, 60]
[22, 56, 57]
[22, 57, 59]
[22, 38, 57]
[22, 45, 57]
[5, 22, 57]
[17, 22, 57]
[17, 23, 57]
[23, 38, 57]
[23, 45, 57]
[23, 54, 57]
[21, 23, 57]
[23, 42, 57]
[23, 50, 57]
[23, 24, 57]
[13, 24, 57]
[15, 24, 57]
[24, 39, 57]
[24, 38, 57]
[24, 28, 57]
[24, 57, 67]
[24, 54, 57]
[24, 42, 57]
[24, 50, 57]
[24, 29, 57]
[29, 56, 57]
[29, 57, 59]
[11, 29, 57]
[29, 57, 67]
[17, 29, 57]
[29, 42, 57]
[29, 50, 57]
[7, 20, 57]
[20, 57, 60]
[20, 57, 66]
[20, 56, 57]
[20, 45, 57]
[17, 20, 57]
[20, 57, 69]
[20, 23, 57]
[6, 20, 57]
[20, 57, 58]
[3, 20, 57]
[2, 20, 57]
[2, 7, 57]
[2, 55, 57]
[2, 15, 57]
[2, 57, 59]
[2, 38, 57]
[2, 45, 57]
[2, 5, 57]
[2, 54, 57]
[2, 21, 57]
[2, 22, 57]
[2, 29, 57]
[2, 42, 57]
[2, 57, 64]
[2, 57, 68]
[2, 57, 61]
[2, 57, 58]
[2, 53, 57]
[2, 3, 57]
[3, 38, 57]
[3, 5, 57]
[3, 17, 57]
[3, 54, 57]
[3, 21, 57]
[3, 22, 57]
[3, 42, 57]
[3, 57, 61]
[3, 57, 58]
[0, 3, 57]
[0, 13, 57]
[0, 55, 57]
[0, 57, 60]
[0, 46, 57]
[0, 56, 57]
[0, 39, 57]
[0, 57, 59]
[0, 11, 57]
[0, 38, 57]
[0, 45, 57]
[0, 28, 57]
[0, 14, 57]
[0, 54, 57]
[0, 22, 57]
[0, 57, 64]
[0, 57, 68]
[0, 57, 61]
[0, 57, 58]
[0, 4, 57]
[4, 7, 57]
[4, 13, 57]
[4, 57, 60]
[4, 46, 57]
[4, 39, 57]
[4, 57, 59]
[4, 11, 57]
[4, 38, 57]
[4, 45, 57]
[4, 28, 57]
[4, 54, 57]
[4, 22, 57]
[4, 24, 57]
[4, 57, 61]
[4, 6, 57]
[4, 57, 58]
[13, 57, 58]
[55, 57, 58]
[57, 58, 66]
[39, 57, 58]
[57, 58, 59]
[45, 57, 58]
[14, 57, 58]
[5, 57, 58]
[17, 57, 58]
[54, 57, 58]
[24, 57, 58]
[42, 57, 58]
[57, 58, 64]
[6, 57, 58]
[6, 46, 57]
[6, 57, 66]
[6, 56, 57]
[6, 57, 59]
[6, 38, 57]
[6, 45, 57]
[6, 28, 57]
[6, 57, 67]
[6, 54, 57]
[6, 21, 57]
[6, 50, 57]
[6, 24, 57]
[6, 29, 57]
[6, 57, 64]
[6, 53, 57]
[6, 57, 68]
[6, 57, 61]
[55, 57, 61]
[57, 60, 61]
[57, 61, 66]
[39, 57, 61]
[57, 59, 61]
[5, 57, 61]
[22, 57, 61]
[57, 61, 67]
[54, 57, 61]
[24, 57, 61]
[28, 57, 61]
[14, 57, 61]
[57, 61, 68]
[13, 57, 68]
[57, 60, 68]
[46, 57, 68]
[15, 57, 68]
[39, 57, 68]
[38, 57, 68]
[45, 57, 68]
[5, 57, 68]
[17, 57, 68]
[17, 51, 63]
[37, 40, 49]
[25, 26, 64]
[10, 16, 54]
[10, 27, 54]
[27, 35, 54]
[35, 44, 54]
[35, 54, 61]
[35, 61, 67]
[26, 35, 61]
[12, 40, 49]
[12, 30, 31]
[10, 12, 49]
[1, 12, 49]
[9, 17, 43]
[17, 43, 51]
[23, 30, 50]
[30, 50, 56]
[27, 30, 50]
[50, 56, 67]
[40, 50, 67]
[50, 56, 62]
[50, 51, 56]
[29, 50, 56]
[40, 49, 50]
[37, 40, 50]
[29, 40, 50]
[50, 59, 63]
[50, 51, 63]
[0, 45, 58]
[10, 11, 26]
[11, 16, 26]
[11, 26, 46]
[11, 26, 66]
[11, 18, 26]
[11, 25, 26]
[10, 11, 52]
[11, 25, 52]
[26, 27, 33]
[19, 33, 56]
[15, 19, 56]
[17, 20, 56]
[20, 33, 56]
[20, 44, 56]
[20, 56, 62]
[10, 20, 56]
[19, 20, 56]
[19, 34, 56]
[12, 19, 56]
[9, 43, 56]
[12, 43, 56]
[43, 51, 56]
[48, 50, 61]
[48, 57, 61]
[33, 48, 61]
[19, 48, 61]
[48, 59, 61]
[10, 48, 61]
[13, 48, 61]
[48, 61, 65]
[48, 51, 61]
[8, 48, 61]
[35, 48, 61]
[24, 48, 61]
[48, 54, 61]
[41, 48, 61]
[45, 59, 61]
[1, 25, 34]
[47, 56, 59]
[32, 52, 59]
[25, 44, 52]
[10, 32, 52]
[32, 52, 58]
[1, 25, 52]
[25, 34, 47]
[34, 46, 47]
[18, 34, 47]
[16, 46, 47]
[25, 26, 47]
[26, 46, 47]
[16, 26, 47]
[10, 16, 26]
[16, 26, 46]
[8, 26, 38]
[8, 62, 65]
[1, 34, 40]
[1, 34, 38]
[1, 25, 26]
[1, 26, 46]
[10, 27, 48]
[10, 48, 59]
[46, 48, 55]
[16, 48, 55]
[16, 48, 62]
[16, 44, 48]
[18, 26, 44]
[13, 26, 44]
[1, 26, 38]
[1, 18, 26]
[11, 26, 60]
[26, 38, 60]
[26, 60, 66]
[26, 38, 45]
[18, 26, 38]
[15, 40, 48]
[48, 55, 57]
[38, 48, 57]
[15, 48, 57]
[48, 57, 58]
[48, 57, 59]
[40, 48, 65]
[48, 55, 65]
[48, 62, 65]
[44, 48, 65]
[48, 59, 65]
[46, 48, 65]
[47, 48, 55]
[44, 47, 48]
[46, 47, 48]
[17, 47, 48]
[8, 47, 48]
[25, 47, 48]
[16, 47, 48]
[34, 47, 48]
[33, 47, 48]
[20, 47, 48]
[9, 47, 48]
[12, 47, 48]
[43, 47, 48]
[42, 47, 48]
[19, 48, 55]
[19, 48, 62]
[17, 19, 48]
[17, 48, 57]
[46, 48, 57]
[23, 48, 57]
[15, 48, 51]
[8, 15, 48]
[15, 25, 48]
[16, 46, 48]
[12, 44, 48]
[12, 48, 55]
[3, 32, 58]
[11, 13, 26]
[21, 37, 43]
[28, 34, 43]
[10, 18, 26]
[32, 36, 56]
[17, 36, 56]
[14, 36, 56]
[32, 36, 66]
[25, 26, 60]
[7, 8, 19]
[8, 19, 62]
[8, 15, 19]
[8, 10, 19]
[1, 4, 8]
[4, 8, 38]
[8, 17, 65]
[8, 46, 65]
[8, 37, 65]
[8, 65, 67]
[8, 17, 47]
[8, 39, 47]
[25, 44, 47]
[16, 44, 47]
[39, 47, 55]
[39, 46, 47]
[33, 47, 59]
[47, 55, 56]
[31, 54, 69]
[19, 27, 31]
[14, 19, 44]
[10, 14, 46]
[1, 46, 49]
[33, 44, 52]
[30, 31, 33]
[41, 50, 60]
[39, 41, 50]
[1, 41, 50]
[41, 50, 55]
[24, 41, 50]
[41, 50, 66]
[23, 41, 50]
[29, 41, 50]
[41, 50, 61]
[15, 41, 58]
[27, 41, 58]
[41, 55, 58]
[13, 41, 58]
[25, 41, 58]
[15, 40, 41]
[13, 27, 41]
[15, 25, 41]
[13, 15, 41]
[39, 41, 58]
[38, 41, 52]
[41, 42, 60]
[41, 42, 58]
[41, 52, 58]
[27, 41, 52]
[3, 23, 41]
[3, 25, 41]
[6, 56, 59]
[6, 46, 69]
[6, 59, 69]
[6, 18, 69]
[6, 45, 69]
[6, 55, 69]
[6, 7, 69]
[6, 44, 69]
[6, 30, 69]
[6, 21, 69]
[6, 64, 69]
[6, 53, 69]
[6, 31, 69]
[6, 67, 69]
[6, 54, 69]
[6, 12, 56]
[6, 30, 56]
[6, 12, 40]
[6, 7, 12]
[6, 37, 64]
[6, 7, 64]
[6, 58, 64]
[6, 30, 64]
[6, 26, 64]
[6, 31, 64]
[6, 33, 64]
[6, 64, 67]
[4, 6, 64]
[6, 53, 64]
[6, 49, 64]
[6, 23, 64]
[32, 58, 64]
[25, 32, 65]
[25, 44, 65]
[7, 44, 65]
[28, 44, 65]
[25, 34, 65]
[34, 46, 65]
[18, 34, 65]
[34, 40, 65]
[7, 34, 65]
[28, 34, 65]
[37, 62, 65]
[7, 62, 65]
[55, 62, 65]
[25, 62, 65]
[25, 37, 65]
[10, 26, 64]
[18, 26, 64]
[13, 26, 64]
[1, 26, 64]
[26, 60, 64]
[9, 26, 64]
[14, 26, 64]
[26, 33, 64]
[10, 14, 64]
[7, 14, 64]
[11, 53, 64]
[9, 53, 64]
[53, 57, 64]
[10, 53, 64]
[13, 53, 64]
[53, 59, 64]
[53, 60, 64]
[53, 62, 64]
[53, 58, 64]
[30, 53, 64]
[33, 53, 64]
[32, 53, 64]
[26, 53, 64]
[25, 30, 64]
[1, 30, 64]
[1, 25, 64]
[10, 60, 64]
[59, 60, 64]
[33, 44, 48]
[33, 46, 48]
[27, 33, 48]
[1, 52, 64]
[20, 33, 40]
[3, 21, 42]
[3, 42, 47]
[20, 30, 42]
[20, 42, 44]
[8, 42, 64]
[36, 42, 64]
[13, 42, 64]
[10, 42, 64]
[31, 40, 42]
[31, 39, 42]
[21, 31, 42]
[3, 5, 15]
[3, 5, 61]
[9, 42, 64]
[31, 42, 64]
[42, 60, 64]
[1, 42, 64]
[42, 57, 64]
[42, 58, 64]
[30, 42, 64]
[24, 42, 58]
[24, 42, 43]
[8, 36, 42]
[8, 42, 47]
[8, 42, 54]
[8, 42, 68]
[1, 8, 42]
[42, 47, 56]
[39, 42, 47]
[13, 21, 42]
[10, 42, 56]
[12, 42, 56]
[10, 12, 42]
[12, 40, 42]
[12, 42, 47]
[36, 40, 42]
[36, 42, 47]
[28, 37, 66]
[25, 28, 63]
[5, 21, 28]
[14, 21, 28]
[21, 28, 50]
[5, 21, 50]
[0, 22, 36]
[0, 22, 59]
[0, 22, 45]
[5, 25, 32]
[11, 53, 59]
[11, 53, 66]
[5, 39, 53]
[39, 53, 55]
[13, 15, 53]
[11, 15, 53]
[13, 15, 68]
[13, 27, 68]
[13, 63, 68]
[27, 63, 68]
[36, 63, 68]
[15, 36, 68]
[33, 36, 68]
[10, 36, 68]
[36, 49, 68]
[10, 36, 63]
[33, 34, 36]
[5, 34, 36]
[34, 36, 69]
[33, 34, 69]
[28, 34, 49]
[34, 49, 53]
[34, 46, 53]
[39, 46, 53]
[53, 55, 59]
[39, 46, 68]
[13, 29, 68]
[29, 40, 68]
[29, 67, 68]
[29, 51, 67]
[7, 36, 63]
[24, 28, 63]
[9, 14, 47]
[10, 14, 61]
[14, 28, 61]
[0, 4, 61]
[0, 4, 36]
[0, 4, 11]
[0, 4, 59]
[0, 4, 39]
[0, 4, 13]
[0, 4, 28]
[0, 4, 60]
[0, 4, 58]
[0, 4, 52]
[4, 58, 59]
[4, 45, 58]
[4, 18, 59]
[4, 38, 59]
[4, 51, 59]
[4, 6, 59]
[4, 16, 18]
[4, 18, 45]
[4, 18, 38]
[4, 38, 45]
[4, 6, 45]
[4, 6, 7]
[4, 11, 65]
[4, 46, 65]
[4, 40, 65]
[4, 18, 65]
[4, 51, 65]
[4, 34, 65]
[4, 28, 65]
[4, 59, 65]
[4, 36, 65]
[4, 61, 65]
[0, 4, 65]
[11, 40, 65]
[11, 62, 65]
[9, 19, 65]
[9, 34, 65]
[8, 9, 65]
[19, 34, 65]
[19, 55, 65]
[5, 25, 65]
[5, 44, 65]
[8, 51, 65]
[5, 8, 65]
[5, 46, 65]
[5, 32, 65]
[12, 41, 55]
[21, 30, 50]
[24, 50, 63]
[24, 58, 63]
[21, 25, 30]
[19, 30, 56]
[12, 19, 30]
[3, 30, 35]
[3, 35, 58]
[3, 35, 38]
[3, 15, 35]
[3, 32, 35]
[3, 14, 35]
[3, 35, 42]
[3, 5, 35]
[3, 35, 65]
[18, 24, 35]
[18, 35, 65]
[35, 55, 65]
[6, 40, 55]
[6, 37, 40]
[6, 58, 66]
[6, 12, 46]
[6, 45, 59]
[6, 7, 59]
[6, 55, 59]
[6, 45, 58]
[6, 7, 46]
[26, 38, 51]
[15, 41, 51]
[41, 51, 66]
[39, 41, 51]
[12, 41, 51]
[15, 41, 60]
[10, 33, 68]
[33, 37, 68]
[27, 33, 68]
[33, 40, 68]
[33, 60, 68]
[33, 46, 68]
[10, 46, 68]
[40, 46, 68]
[18, 45, 68]
[15, 18, 68]
[18, 38, 68]
[18, 40, 68]
[38, 45, 68]
[37, 38, 68]
[46, 67, 68]
[20, 42, 43]
[46, 49, 65]
[8, 50, 63]
[28, 37, 49]
[12, 28, 49]
[12, 28, 66]
[33, 43, 61]
[24, 43, 61]
[43, 61, 67]
[41, 43, 61]
[0, 43, 61]
[51, 55, 61]
[55, 59, 61]
[13, 32, 61]
[24, 33, 61]
[24, 39, 61]
[5, 39, 61]
[23, 61, 65]
[23, 33, 61]
[23, 45, 61]
[23, 57, 61]
[23, 32, 61]
[23, 24, 61]
[23, 41, 61]
[1, 23, 61]
[23, 54, 61]
[8, 23, 61]
[4, 23, 61]
[23, 51, 61]
[23, 26, 61]
[3, 23, 61]
[23, 50, 61]
[6, 23, 61]
[23, 35, 61]
[23, 61, 68]
[10, 24, 61]
[24, 41, 61]
[41, 55, 61]
[39, 41, 61]
[25, 41, 61]
[41, 60, 61]
[1, 41, 61]
[1, 25, 61]
[22, 60, 61]
[5, 22, 61]
[1, 8, 61]
[24, 61, 67]
[39, 61, 67]
[1, 61, 67]
[28, 45, 61]
[28, 33, 61]
[24, 28, 61]
[17, 18, 22]
[17, 22, 38]
[7, 17, 22]
[17, 22, 56]
[10, 17, 22]
[9, 17, 22]
[7, 9, 22]
[9, 22, 56]
[9, 10, 22]
[9, 22, 59]
[9, 16, 22]
[16, 22, 55]
[16, 18, 22]
[10, 16, 22]
[10, 22, 56]
[10, 22, 27]
[22, 55, 56]
[18, 22, 56]
[18, 22, 59]
[22, 55, 59]
[7, 22, 59]
[22, 56, 59]
[22, 27, 59]
[10, 22, 59]
[22, 59, 60]
[22, 55, 60]
[10, 22, 60]
[22, 40, 55]
[22, 27, 40]
[22, 25, 60]
[22, 25, 32]
[22, 32, 56]
[10, 22, 32]
[22, 32, 59]
[9, 22, 32]
[22, 32, 38]
[18, 22, 38]
[22, 38, 60]
[22, 38, 45]
[18, 22, 45]
[22, 45, 59]
[22, 40, 45]
[22, 32, 45]
[28, 33, 34]
[11, 18, 22]
[7, 21, 22]
[21, 22, 25]
[21, 22, 59]
[16, 21, 22]
[9, 16, 21]
[7, 9, 21]
[9, 21, 22]
[9, 21, 28]
[3, 21, 22]
[3, 22, 55]
[3, 10, 22]
[3, 22, 25]
[3, 22, 38]
[3, 16, 22]
[3, 22, 32]
[3, 17, 22]
[3, 12, 55]
[3, 10, 12]
[3, 12, 25]
[3, 12, 51]
[3, 38, 51]
[3, 33, 37]
[1, 3, 15]
[1, 3, 25]
[1, 3, 12]
[1, 3, 38]
[1, 3, 34]
[3, 34, 38]
[3, 38, 41]
[3, 41, 55]
[3, 12, 41]
[3, 41, 51]
[1, 3, 41]
[3, 10, 20]
[3, 17, 20]
[3, 20, 58]
[3, 55, 58]
[3, 15, 58]
[3, 12, 58]
[3, 17, 58]
[3, 41, 58]
[41, 58, 66]
[24, 41, 58]
[27, 58, 63]
[13, 58, 63]
[10, 58, 63]
[25, 58, 63]
[12, 58, 63]
[17, 58, 63]
[58, 59, 63]
[13, 20, 58]
[10, 20, 58]
[20, 58, 66]
[17, 20, 58]
[6, 20, 58]
[6, 7, 20]
[6, 20, 56]
[6, 20, 38]
[6, 20, 45]
[6, 20, 33]
[6, 20, 66]
[6, 20, 40]
[6, 20, 44]
[6, 7, 44]
[6, 12, 44]
[6, 28, 44]
[6, 18, 28]
[6, 12, 28]
[6, 28, 45]
[6, 28, 66]
[6, 40, 46]
[6, 33, 40]
[6, 24, 33]
[6, 24, 28]
[6, 24, 44]
[6, 20, 69]
[17, 20, 69]
[20, 33, 69]
[20, 65, 69]
[20, 34, 69]
[20, 42, 69]
[20, 36, 69]
[20, 30, 69]
[7, 20, 30]
[20, 30, 56]
[10, 20, 30]
[20, 30, 40]
[9, 20, 30]
[20, 30, 33]
[3, 20, 30]
[19, 20, 30]
[7, 19, 20]
[10, 19, 20]
[19, 20, 38]
[19, 20, 45]
[19, 20, 66]
[19, 20, 60]
[17, 19, 20]
[13, 19, 20]
[19, 20, 65]
[19, 20, 34]
[19, 20, 33]
[10, 20, 33]
[20, 33, 60]
[17, 20, 33]
[9, 20, 33]
[20, 38, 45]
[10, 20, 60]
[20, 60, 66]
[7, 17, 20]
[17, 20, 38]
[13, 17, 20]
[17, 20, 65]
[20, 62, 65]
[20, 33, 44]
[7, 8, 22]
[12, 40, 41]
[8, 17, 22]
[8, 10, 22]
[17, 36, 63]
[40, 41, 42]
[40, 45, 53]
[40, 53, 55]
[27, 40, 53]
[10, 53, 59]
[53, 55, 58]
[10, 53, 58]
[39, 53, 58]
[1, 12, 42]
[4, 65, 69]
[53, 57, 60]
[45, 53, 57]
[6, 31, 45]
[6, 7, 31]
[8, 22, 38]
[1, 30, 34]
[6, 30, 40]
[21, 30, 34]
[21, 22, 30]
[16, 24, 53]
[24, 39, 53]
[15, 24, 53]
[24, 53, 57]
[24, 33, 53]
[24, 34, 53]
[6, 24, 53]
[24, 53, 58]
[19, 24, 53]
[24, 50, 53]
[24, 53, 67]
[24, 43, 53]
[24, 35, 53]
[23, 24, 53]
[9, 10, 53]
[40, 53, 62]
[23, 40, 53]
[23, 53, 55]
[34, 43, 53]
[40, 43, 53]
[43, 45, 53]
[9, 43, 53]
[43, 53, 58]
[30, 43, 53]
[43, 53, 67]
[33, 40, 53]
[53, 55, 57]
[39, 53, 57]
[53, 57, 59]
[46, 53, 57]
[15, 53, 57]
[53, 57, 66]
[53, 59, 60]
[8, 9, 22]
[8, 19, 22]
[9, 19, 22]
[7, 19, 22]
[19, 22, 55]
[17, 19, 22]
[19, 22, 56]
[10, 19, 22]
[19, 22, 27]
[19, 22, 45]
[19, 22, 60]
[19, 22, 63]
[16, 19, 22]
[18, 19, 22]
[8, 9, 19]
[7, 9, 43]
[8, 9, 43]
[12, 24, 43]
[9, 24, 43]
[17, 22, 49]
[22, 49, 59]
[12, 46, 47]
[12, 47, 55]
[36, 41, 47]
[41, 47, 66]
[41, 47, 55]
[14, 47, 66]
[14, 47, 56]
[14, 39, 47]
[14, 46, 47]
[14, 17, 47]
[14, 44, 47]
[12, 14, 47]
[14, 16, 47]
[14, 28, 47]
[14, 26, 47]
[3, 14, 47]
[14, 41, 47]
[14, 20, 47]
[14, 21, 44]
[9, 14, 21]
[14, 17, 38]
[10, 14, 17]
[7, 14, 17]
[12, 14, 19]
[12, 14, 44]
[14, 38, 44]
[14, 28, 44]
[12, 14, 66]
[12, 14, 60]
[12, 14, 40]
[7, 12, 14]
[10, 12, 14]
[12, 14, 46]
[14, 26, 66]
[9, 48, 65]
[9, 65, 67]
[11, 65, 67]
[32, 65, 67]
[46, 65, 67]
[25, 65, 67]
[40, 65, 67]
[19, 65, 67]
[11, 46, 65]
[27, 53, 59]
[15, 53, 62]
[12, 42, 51]
[10, 49, 58]
[32, 49, 58]
[12, 49, 58]
[5, 10, 58]
[6, 49, 58]
[6, 37, 49]
[6, 7, 49]
[6, 46, 49]
[49, 51, 65]
[5, 25, 60]
[5, 10, 32]
[1, 40, 49]
[1, 14, 40]
[1, 14, 38]
[1, 3, 30]
[1, 12, 14]
[5, 7, 17]
[5, 10, 17]
[5, 8, 39]
[5, 32, 58]
[5, 39, 58]
[5, 25, 58]
[12, 48, 58]
[5, 48, 58]
[5, 18, 28]
[9, 15, 48]
[13, 20, 44]
[20, 44, 48]
[5, 50, 68]
[5, 25, 48]
[5, 48, 57]
[5, 46, 48]
[5, 17, 48]
[5, 40, 48]
[5, 8, 48]
[4, 23, 65]
[4, 28, 34]
[4, 34, 38]
[4, 28, 38]
[4, 28, 45]
[4, 34, 60]
[4, 34, 46]
[4, 7, 34]
[4, 34, 39]
[4, 34, 40]
[4, 18, 34]
[4, 28, 51]
[4, 38, 60]
[4, 38, 51]
[4, 23, 38]
[23, 32, 38]
[17, 23, 51]
[12, 46, 48]
[12, 33, 48]
[15, 16, 48]
[12, 25, 48]
[12, 40, 48]
[17, 51, 69]
[38, 51, 69]
[4, 34, 69]
[4, 59, 69]
[4, 7, 69]
[4, 46, 69]
[4, 57, 69]
[4, 38, 69]
[4, 8, 69]
[4, 51, 69]
[4, 28, 69]
[4, 18, 69]
[4, 64, 69]
[4, 52, 69]
[4, 36, 69]
[4, 6, 69]
[4, 6, 46]
[4, 7, 41]
[4, 39, 41]
[5, 28, 30]
[4, 28, 52]
[4, 38, 52]
[4, 11, 52]
[4, 52, 59]
[4, 39, 52]
[4, 18, 52]
[4, 52, 58]
[4, 8, 51]
[4, 8, 22]
[4, 22, 38]
[4, 22, 60]
[4, 7, 22]
[4, 22, 45]
[4, 22, 59]
[4, 22, 28]
[4, 18, 22]
[4, 13, 58]
[4, 39, 58]
[4, 7, 23]
[4, 23, 45]
[10, 33, 52]
[10, 52, 63]
[33, 37, 52]
[27, 33, 52]
[33, 52, 59]
[27, 52, 63]
[52, 59, 63]
[27, 49, 52]
[27, 52, 66]
[12, 28, 52]
[9, 17, 48]
[10, 33, 48]
[9, 19, 67]
[19, 33, 67]
[11, 25, 67]
[19, 56, 67]
[19, 27, 67]
[8, 19, 67]
[9, 10, 48]
[4, 36, 47]
[4, 36, 38]
[5, 21, 30]
[5, 21, 22]
[5, 21, 44]
[21, 30, 43]
[9, 21, 43]
[26, 33, 44]
[4, 8, 36]
[4, 7, 36]
[4, 16, 24]
[4, 18, 24]
[4, 24, 38]
[4, 24, 28]
[4, 36, 40]
[3, 10, 36]
[24, 33, 44]
[10, 24, 33]
[20, 52, 66]
[43, 51, 67]
[12, 33, 43]
[10, 17, 64]
[14, 17, 64]
[14, 60, 64]
[9, 14, 64]
[10, 32, 64]
[17, 64, 69]
[57, 64, 69]
[59, 64, 69]
[62, 64, 69]
[7, 64, 69]
[18, 64, 69]
[8, 64, 69]
[33, 64, 69]
[42, 64, 69]
[30, 64, 69]
[29, 64, 69]
[11, 64, 69]
[31, 64, 69]
[52, 64, 69]
[64, 67, 69]
[14, 64, 67]
[13, 64, 67]
[57, 64, 67]
[25, 64, 67]
[8, 64, 67]
[33, 64, 67]
[32, 64, 67]
[42, 64, 67]
[29, 64, 67]
[9, 64, 67]
[31, 64, 67]
[10, 22, 64]
[11, 29, 64]
[29, 33, 64]
[29, 57, 64]
[17, 57, 64]
[13, 17, 64]
[9, 22, 64]
[22, 33, 64]
[22, 57, 64]
[8, 17, 64]
[17, 42, 64]
[9, 17, 64]
[57, 59, 64]
[9, 32, 64]
[57, 60, 64]
[25, 60, 64]
[32, 59, 64]
[25, 32, 64]
[22, 25, 64]
[18, 22, 64]
[7, 22, 64]
[22, 59, 64]
[8, 22, 64]
[22, 60, 64]
[22, 30, 64]
[22, 32, 64]
[17, 22, 64]
[29, 42, 64]
[53, 64, 69]
[49, 53, 64]
[52, 53, 64]
[53, 64, 67]
[11, 31, 64]
[30, 31, 64]
[6, 14, 64]
[6, 7, 54]
[6, 54, 55]
[6, 37, 54]
[6, 44, 54]
[6, 24, 54]
[6, 45, 54]
[6, 30, 54]
[4, 6, 54]
[6, 20, 30]
[8, 36, 63]
[8, 36, 43]
[36, 43, 56]
[7, 12, 43]
[12, 25, 43]
[7, 19, 65]
[19, 62, 65]
[18, 19, 65]
[19, 44, 65]
[8, 19, 65]
[25, 28, 65]
[16, 46, 53]
[17, 37, 65]
[17, 62, 65]
[36, 43, 47]
[20, 36, 47]
[36, 47, 56]
[20, 43, 47]
[43, 47, 56]
[29, 30, 56]
[29, 30, 39]
[49, 58, 64]
[14, 58, 64]
[31, 60, 64]
[9, 31, 64]
[1, 14, 64]
[1, 8, 64]
[0, 1, 64]
[0, 11, 64]
[13, 29, 64]
[29, 30, 64]
[0, 14, 64]
[0, 13, 64]
[0, 25, 64]
[4, 7, 54]
[16, 37, 54]
[39, 54, 55]
[19, 62, 63]
[27, 54, 63]
[27, 48, 54]
[48, 54, 55]
[16, 19, 44]
[4, 47, 59]
[15, 19, 60]
[4, 8, 47]
[4, 8, 54]
[8, 54, 62]
[19, 31, 60]
[4, 31, 60]
[16, 31, 46]
[4, 11, 31]
[5, 11, 31]
[7, 21, 31]
[44, 47, 56]
[20, 47, 56]
[0, 60, 64]
[0, 59, 64]
[25, 47, 66]
[20, 47, 66]
[20, 44, 47]
[3, 25, 47]
[11, 47, 66]
[11, 16, 47]
[11, 46, 47]
[11, 28, 47]
[11, 20, 65]
[11, 25, 65]
[11, 28, 65]
[4, 11, 47]
[4, 11, 24]
[11, 52, 65]
[11, 52, 53]
[41, 52, 66]
[39, 41, 52]
[25, 41, 52]
[19, 41, 52]
[12, 41, 52]
[4, 41, 52]
[44, 52, 63]
[20, 38, 52]
[54, 62, 63]
[17, 54, 63]
[3, 17, 54]
[7, 17, 65]
[4, 16, 54]
[3, 17, 65]
[10, 17, 54]
[17, 20, 47]
[17, 47, 56]
[9, 17, 65]
[9, 17, 47]
[14, 17, 20]
[24, 28, 33]
[5, 17, 65]
[3, 17, 47]
[17, 65, 69]
[13, 51, 61]
[13, 28, 61]
[13, 61, 66]
[28, 61, 66]
[17, 49, 65]
[17, 49, 54]
[17, 43, 58]
[17, 54, 58]
[17, 29, 65]
[17, 29, 56]
[17, 29, 43]
[12, 31, 43]
[12, 31, 46]
[7, 12, 31]
[10, 12, 31]
[12, 40, 43]
[21, 31, 44]
[21, 31, 43]
[7, 31, 43]
[31, 42, 43]
[31, 42, 54]
[31, 54, 63]
[31, 44, 54]
[10, 16, 31]
[25, 43, 47]
[35, 62, 64]
[18, 35, 62]
[7, 35, 44]
[35, 45, 62]
[18, 35, 45]
[15, 21, 35]
[21, 35, 44]
[18, 35, 56]
[21, 35, 39]
[21, 35, 63]
[35, 62, 63]
[12, 35, 44]
[12, 24, 35]
[12, 35, 67]
[12, 26, 35]
[12, 35, 68]
[12, 41, 47]
[12, 41, 66]
[12, 14, 41]
[3, 12, 14]
[20, 23, 36]
[23, 36, 47]
[23, 32, 36]
[17, 23, 36]
[23, 36, 41]
[20, 23, 30]
[9, 20, 23]
[28, 52, 63]
[28, 37, 52]
[28, 44, 52]
[28, 33, 52]
[10, 28, 52]
[28, 52, 66]
[37, 52, 66]
[44, 52, 69]
[38, 52, 69]
[21, 30, 31]
[16, 30, 31]
[16, 31, 42]
[31, 42, 60]
[30, 31, 42]
[7, 21, 23]
[13, 41, 42]
[3, 41, 42]
[13, 41, 61]
[25, 41, 47]
[39, 41, 42]
[41, 42, 47]
[10, 17, 42]
[39, 42, 67]
[1, 41, 42]
[41, 42, 67]
[29, 41, 42]
[24, 41, 42]
[23, 41, 42]
[36, 41, 42]
[39, 41, 47]
[41, 47, 50]
[47, 50, 56]
[47, 50, 59]
[18, 28, 47]
[25, 28, 47]
[1, 38, 41]
[1, 15, 41]
[1, 25, 41]
[47, 50, 55]
[30, 39, 50]
[7, 31, 34]
[55, 61, 65]
[8, 39, 54]
[48, 54, 58]
[31, 54, 58]
[27, 54, 58]
[54, 55, 58]
[39, 54, 58]
[32, 54, 58]
[54, 58, 63]
[7, 54, 63]
[32, 45, 54]
[32, 54, 67]
[39, 54, 67]
[27, 54, 67]
[4, 18, 54]
[4, 39, 54]
[4, 45, 54]
[4, 54, 58]
[37, 50, 54]
[39, 50, 54]
[50, 54, 67]
[44, 54, 63]
[7, 49, 54]
[37, 49, 54]
[32, 49, 54]
[49, 54, 58]
[27, 49, 54]
[49, 50, 54]
[10, 49, 54]
[10, 54, 62]
[10, 32, 54]
[10, 54, 63]
[10, 54, 58]
[3, 10, 54]
[3, 54, 55]
[3, 37, 54]
[3, 32, 54]
[3, 54, 58]
[3, 16, 54]
[3, 33, 54]
[33, 54, 67]
[8, 54, 67]
[7, 8, 54]
[8, 54, 63]
[8, 54, 69]
[54, 67, 69]
[4, 54, 69]
[50, 54, 69]
[44, 54, 69]
[7, 31, 54]
[31, 39, 54]
[31, 45, 54]
[27, 31, 54]
[31, 49, 54]
[10, 31, 54]
[16, 31, 54]
[31, 54, 67]
[6, 31, 54]
[4, 31, 54]
[31, 54, 68]
[54, 62, 68]
[18, 54, 68]
[37, 54, 68]
[39, 54, 68]
[45, 54, 68]
[54, 63, 68]
[27, 54, 68]
[17, 54, 68]
[54, 57, 68]
[49, 54, 68]
[10, 54, 68]
[33, 54, 68]
[54, 67, 68]
[54, 61, 68]
[36, 54, 68]
[30, 54, 68]
[6, 54, 68]
[0, 54, 68]
[35, 54, 68]
[50, 54, 68]
[23, 54, 68]
[2, 54, 68]
[2, 7, 54]
[2, 54, 55]
[2, 37, 54]
[2, 45, 54]
[2, 32, 54]
[2, 54, 63]
[2, 54, 58]
[2, 27, 54]
[2, 49, 54]
[2, 10, 54]
[2, 16, 54]
[2, 3, 54]
[2, 54, 67]
[2, 54, 61]
[2, 30, 54]
[2, 23, 54]
[2, 44, 54]
[54, 55, 61]
[39, 54, 61]
[32, 54, 61]
[10, 54, 61]
[54, 61, 67]
[50, 54, 61]
[3, 54, 61]
[33, 54, 61]
[36, 49, 54]
[36, 54, 63]
[4, 36, 54]
[0, 36, 54]
[36, 42, 54]
[3, 36, 54]
[3, 30, 54]
[3, 23, 54]
[0, 3, 54]
[3, 42, 54]
[3, 34, 54]
[30, 34, 54]
[34, 54, 69]
[34, 49, 54]
[4, 34, 54]
[34, 42, 54]
[39, 42, 54]
[42, 54, 58]
[17, 42, 54]
[10, 42, 54]
[16, 42, 54]
[30, 42, 54]
[35, 42, 54]
[42, 54, 67]
[42, 44, 54]
[2, 42, 54]
[42, 54, 69]
[23, 42, 54]
[23, 32, 54]
[23, 30, 54]
[6, 23, 54]
[23, 50, 54]
[4, 23, 54]
[0, 23, 54]
[0, 54, 58]
[0, 54, 61]
[0, 49, 54]
[0, 54, 63]
[0, 30, 54]
[0, 4, 54]
[6, 54, 58]
[6, 49, 54]
[6, 54, 67]
[6, 50, 54]
[30, 50, 54]
[6, 54, 61]
[18, 35, 54]
[35, 37, 54]
[35, 45, 54]
[32, 35, 54]
[35, 54, 58]
[35, 54, 63]
[35, 54, 67]
[8, 54, 61]
[8, 48, 54]
[48, 54, 62]
[48, 54, 57]
[10, 48, 54]
[33, 48, 54]
[17, 48, 54]
[16, 48, 54]
[48, 50, 54]
[35, 48, 54]
[34, 48, 54]
[8, 54, 68]
[42, 54, 68]
[42, 48, 54]
[24, 42, 54]
[24, 39, 54]
[24, 27, 54]
[24, 33, 54]
[24, 32, 54]
[16, 24, 54]
[24, 54, 58]
[24, 54, 63]
[24, 54, 67]
[24, 44, 54]
[4, 24, 54]
[24, 31, 54]
[24, 50, 54]
[24, 54, 69]
[24, 35, 54]
[24, 34, 54]
[24, 48, 54]
[23, 24, 54]
[24, 54, 68]
[15, 24, 68]
[18, 24, 68]
[24, 38, 68]
[24, 39, 68]
[24, 27, 68]
[19, 24, 68]
[24, 57, 68]
[10, 24, 68]
[13, 24, 68]
[9, 24, 68]
[24, 63, 68]
[24, 33, 68]
[12, 24, 68]
[24, 67, 68]
[24, 35, 68]
[6, 24, 68]
[23, 24, 68]
[24, 61, 68]
[24, 50, 68]
[24, 31, 68]
[31, 45, 68]
[31, 46, 68]
[27, 31, 68]
[18, 31, 68]
[31, 60, 68]
[10, 31, 68]
[31, 40, 68]
[31, 49, 68]
[30, 31, 68]
[31, 39, 68]
[31, 36, 68]
[9, 31, 68]
[31, 63, 68]
[31, 33, 68]
[12, 31, 68]
[31, 67, 68]
[6, 31, 68]
[19, 31, 68]
[15, 19, 68]
[19, 45, 68]
[19, 27, 68]
[18, 19, 68]
[19, 60, 68]
[17, 19, 68]
[19, 38, 68]
[19, 62, 68]
[10, 19, 68]
[19, 49, 68]
[19, 30, 68]
[14, 19, 68]
[1, 19, 68]
[8, 19, 68]
[19, 26, 68]
[19, 22, 68]
[13, 19, 68]
[9, 19, 68]
[19, 63, 68]
[19, 65, 68]
[19, 33, 68]
[0, 19, 68]
[12, 19, 68]
[19, 67, 68]
[19, 23, 68]
[19, 61, 68]
[45, 61, 68]
[60, 61, 68]
[10, 61, 68]
[39, 61, 68]
[14, 61, 68]
[1, 61, 68]
[25, 61, 68]
[8, 61, 68]
[26, 61, 68]
[2, 61, 68]
[13, 61, 68]
[61, 65, 68]
[33, 61, 68]
[0, 61, 68]
[61, 67, 68]
[35, 61, 68]
[6, 61, 68]
[6, 37, 68]
[6, 45, 68]
[6, 46, 68]
[6, 18, 68]
[6, 38, 68]
[6, 40, 68]
[6, 49, 68]
[6, 30, 68]
[6, 14, 68]
[6, 26, 68]
[6, 33, 68]
[6, 12, 68]
[6, 67, 68]
[27, 67, 68]
[38, 67, 68]
[57, 67, 68]
[40, 67, 68]
[39, 67, 68]
[14, 67, 68]
[1, 67, 68]
[25, 67, 68]
[8, 67, 68]
[2, 67, 68]
[13, 67, 68]
[9, 67, 68]
[65, 67, 68]
[33, 67, 68]
[12, 67, 68]
[12, 46, 68]
[12, 60, 68]
[12, 62, 68]
[10, 12, 68]
[12, 40, 68]
[12, 49, 68]
[12, 30, 68]
[12, 14, 68]
[1, 12, 68]
[12, 25, 68]
[12, 26, 68]
[2, 12, 68]
[12, 63, 68]
[12, 47, 68]
[12, 33, 68]
[0, 12, 68]
[0, 45, 68]
[0, 46, 68]
[0, 60, 68]
[0, 38, 68]
[0, 10, 68]
[0, 40, 68]
[0, 49, 68]
[0, 30, 68]
[0, 39, 68]
[0, 14, 68]
[0, 1, 68]
[0, 25, 68]
[0, 36, 68]
[0, 22, 68]
[0, 13, 68]
[0, 63, 68]
[0, 65, 68]
[0, 47, 68]
[39, 47, 68]
[36, 47, 68]
[33, 47, 68]
[47, 63, 68]
[25, 47, 68]
[9, 47, 68]
[2, 47, 68]
[18, 47, 68]
[17, 47, 68]
[46, 47, 68]
[8, 47, 68]
[14, 47, 68]
[14, 27, 68]
[14, 39, 68]
[14, 36, 68]
[13, 14, 68]
[10, 14, 68]
[14, 40, 68]
[14, 57, 68]
[14, 38, 68]
[9, 14, 68]
[14, 60, 68]
[14, 17, 68]
[14, 46, 68]
[46, 63, 68]
[10, 63, 68]
[10, 27, 68]
[27, 40, 68]
[37, 40, 68]
[40, 45, 68]
[15, 40, 68]
[36, 40, 68]
[25, 36, 68]
[25, 37, 68]
[15, 25, 68]
[25, 63, 68]
[25, 30, 68]
[30, 45, 68]
[27, 30, 68]
[30, 39, 68]
[30, 63, 68]
[10, 30, 68]
[30, 40, 68]
[36, 57, 68]
[36, 38, 68]
[13, 38, 68]
[38, 63, 68]
[2, 38, 68]
[38, 60, 68]
[38, 62, 68]
[17, 38, 68]
[38, 49, 68]
[8, 38, 68]
[8, 37, 68]
[8, 15, 68]
[8, 63, 68]
[8, 36, 68]
[8, 13, 68]
[8, 10, 68]
[8, 9, 68]
[8, 46, 68]
[8, 62, 68]
[8, 17, 68]
[17, 37, 68]
[15, 17, 68]
[17, 63, 68]
[17, 36, 68]
[13, 17, 68]
[10, 17, 68]
[17, 40, 68]
[9, 17, 68]
[17, 18, 68]
[17, 62, 68]
[37, 62, 68]
[45, 62, 68]
[15, 62, 68]
[62, 63, 68]
[10, 62, 68]
[40, 62, 68]
[25, 62, 68]
[18, 62, 68]
[13, 18, 68]
[9, 15, 68]
[9, 10, 68]
[9, 30, 68]
[2, 9, 68]
[2, 37, 68]
[2, 45, 68]
[2, 15, 68]
[2, 27, 68]
[2, 33, 68]
[2, 63, 68]
[2, 13, 68]
[2, 10, 68]
[2, 30, 68]
[37, 60, 68]
[15, 60, 68]
[39, 60, 68]
[25, 60, 68]
[37, 49, 68]
[27, 49, 68]
[10, 49, 68]
[40, 49, 68]
[46, 49, 68]
[2, 49, 68]
[17, 49, 68]
[1, 49, 68]
[1, 15, 68]
[1, 40, 68]
[1, 25, 68]
[1, 30, 68]
[1, 46, 68]
[1, 36, 68]
[1, 18, 68]
[1, 8, 68]
[1, 38, 68]
[1, 26, 68]
[26, 45, 68]
[26, 27, 68]
[26, 63, 68]
[13, 26, 68]
[26, 33, 68]
[10, 26, 68]
[25, 26, 68]
[18, 26, 68]
[26, 46, 68]
[8, 26, 68]
[26, 60, 68]
[26, 49, 68]
[2, 26, 68]
[9, 26, 68]
[5, 26, 68]
[5, 15, 68]
[5, 31, 68]
[5, 10, 68]
[5, 17, 68]
[5, 61, 68]
[5, 40, 68]
[5, 30, 68]
[5, 36, 68]
[5, 25, 68]
[5, 18, 68]
[5, 46, 68]
[5, 45, 68]
[5, 8, 68]
[5, 60, 68]
[2, 5, 68]
[5, 29, 68]
[24, 29, 68]
[6, 29, 68]
[29, 33, 68]
[17, 29, 68]
[12, 29, 68]
[29, 57, 68]
[29, 30, 68]
[8, 29, 68]
[29, 50, 68]
[23, 29, 68]
[29, 41, 68]
[2, 29, 68]
[29, 65, 68]
[37, 65, 68]
[62, 65, 68]
[36, 65, 68]
[40, 65, 68]
[17, 65, 68]
[25, 65, 68]
[18, 65, 68]
[46, 65, 68]
[8, 65, 68]
[49, 65, 68]
[9, 65, 68]
[2, 65, 68]
[35, 65, 68]
[23, 65, 68]
[5, 65, 68]
[5, 35, 68]
[5, 22, 68]
[5, 41, 68]
[39, 41, 68]
[24, 41, 68]
[15, 41, 68]
[41, 67, 68]
[19, 41, 68]
[41, 61, 68]
[12, 41, 68]
[27, 41, 68]
[1, 41, 68]
[36, 41, 68]
[40, 41, 68]
[13, 41, 68]
[25, 41, 68]
[41, 60, 68]
[26, 41, 68]
[2, 41, 68]
[41, 47, 68]
[38, 41, 68]
[41, 50, 68]
[23, 41, 68]
[23, 37, 68]
[0, 23, 68]
[23, 57, 68]
[1, 23, 68]
[23, 36, 68]
[6, 23, 68]
[23, 33, 68]
[23, 40, 68]
[17, 23, 68]
[23, 30, 68]
[13, 23, 68]
[23, 45, 68]
[8, 23, 68]
[9, 23, 68]
[23, 26, 68]
[2, 23, 68]
[23, 47, 68]
[23, 35, 68]
[23, 38, 68]
[23, 50, 68]
[37, 50, 68]
[39, 50, 68]
[50, 67, 68]
[50, 62, 68]
[50, 61, 68]
[50, 57, 68]
[27, 50, 68]
[1, 50, 68]
[36, 50, 68]
[6, 50, 68]
[40, 50, 68]
[50, 63, 68]
[30, 50, 68]
[8, 50, 68]
[50, 60, 68]
[49, 50, 68]
[47, 50, 68]
[26, 47, 68]
[26, 35, 68]
[35, 37, 68]
[35, 39, 68]
[15, 35, 68]
[35, 67, 68]
[35, 62, 68]
[0, 35, 68]
[27, 35, 68]
[1, 35, 68]
[35, 63, 68]
[30, 35, 68]
[13, 35, 68]
[18, 35, 68]
[35, 46, 68]
[35, 45, 68]
[35, 60, 68]
[22, 60, 68]
[10, 22, 68]
[22, 57, 68]
[22, 27, 68]
[22, 36, 68]
[22, 33, 68]
[22, 40, 68]
[17, 22, 68]
[22, 63, 68]
[22, 30, 68]
[22, 25, 68]
[18, 22, 68]
[22, 45, 68]
[8, 22, 68]
[22, 49, 68]
[9, 22, 68]
[2, 22, 68]
[22, 38, 68]
[26, 38, 68]
[35, 38, 68]
[14, 35, 68]
[1, 14, 68]
[14, 26, 68]
[14, 41, 68]
[41, 42, 68]
[24, 42, 68]
[32, 49, 64]
[9, 59, 65]
[9, 28, 65]
[9, 14, 26]
[9, 16, 26]
[9, 16, 53]
[9, 15, 53]
[9, 32, 53]
[9, 34, 53]
[9, 26, 53]
[9, 52, 64]
[9, 20, 52]
[9, 19, 34]
[5, 18, 22]
[50, 51, 61]
[0, 12, 25]
[18, 28, 65]
[49, 53, 58]
[34, 39, 53]
[27, 34, 53]
[5, 53, 57]
[25, 58, 64]
[49, 50, 53]
[6, 49, 53]
[4, 39, 61]
[4, 59, 61]
[14, 16, 44]
[14, 20, 38]
[3, 20, 36]
[14, 20, 36]
[11, 36, 41]
[4, 23, 36]
[31, 67, 69]
[51, 67, 69]
[38, 67, 69]
[46, 67, 69]
[53, 67, 69]
[8, 67, 69]
[65, 67, 69]
[51, 61, 67]
[27, 53, 67]
[11, 53, 67]
[39, 53, 67]
[29, 41, 67]
[29, 43, 67]
[46, 53, 67]
[5, 15, 36]
[5, 28, 44]
[5, 22, 25]
[5, 22, 60]
[5, 11, 53]
[5, 53, 58]
[5, 32, 53]
[5, 26, 45]
[5, 25, 26]
[5, 53, 60]
[15, 53, 60]
[53, 60, 66]
[4, 53, 60]
[26, 53, 60]
[11, 53, 60]
[35, 53, 60]
[50, 53, 60]
[34, 53, 60]
[0, 14, 60]
[0, 55, 60]
[0, 25, 60]
[0, 12, 60]
[0, 22, 60]
[5, 34, 60]
[31, 34, 60]
[5, 35, 60]
[5, 26, 60]
[1, 35, 67]
[9, 22, 43]
[37, 43, 51]
[28, 37, 43]
[25, 28, 43]
[22, 30, 43]
[25, 30, 43]
[7, 30, 43]
[30, 43, 56]
[30, 43, 45]
[28, 30, 43]
[20, 30, 43]
[22, 30, 56]
[4, 38, 41]
[4, 23, 57]
[23, 57, 64]
[0, 23, 57]
[6, 23, 57]
[40, 41, 43]
[15, 24, 41]
[1, 4, 46]
[14, 20, 66]
[14, 20, 44]
[32, 33, 36]
[31, 36, 63]
[17, 33, 36]
[14, 38, 41]
[7, 14, 41]
[7, 36, 41]
[25, 36, 41]
[14, 27, 41]
[14, 39, 41]
[14, 41, 66]
[1, 14, 41]
[14, 36, 41]
[14, 40, 41]
[15, 36, 41]
[31, 34, 36]
[27, 31, 34]
[0, 65, 69]
[51, 65, 69]
[28, 65, 69]
[8, 65, 69]
[52, 65, 69]
[28, 45, 69]
[21, 44, 69]
[38, 44, 69]
[29, 65, 69]
[18, 24, 69]
[20, 52, 69]
[17, 52, 69]
[33, 52, 69]
[0, 28, 69]
[8, 51, 69]
[4, 24, 69]
[0, 4, 69]
[8, 29, 69]
[29, 33, 69]
[29, 51, 69]
[1, 12, 19]
[1, 15, 19]
[19, 24, 27]
[18, 19, 24]
[16, 19, 45]
[16, 19, 24]
[29, 44, 69]
[15, 19, 24]
[8, 13, 61]
[10, 22, 49]
[5, 7, 65]
[30, 45, 69]
[13, 61, 67]
[37, 49, 65]
[7, 49, 65]
[32, 49, 65]
[16, 24, 48]
[24, 48, 57]
[24, 27, 48]
[10, 24, 48]
[10, 20, 48]
[24, 44, 48]
[10, 20, 52]
[50, 61, 67]
[28, 50, 63]
[10, 14, 20]
[10, 14, 16]
[14, 20, 58]
[40, 49, 65]
[10, 31, 42]
[11, 49, 65]
[28, 37, 65]
[22, 49, 64]
[0, 10, 64]
[0, 49, 64]
[0, 58, 64]
[13, 32, 64]
[10, 49, 64]
[17, 49, 64]
[7, 49, 64]
[37, 49, 64]
[1, 49, 64]
[10, 58, 64]
[17, 58, 64]
[13, 58, 64]
[1, 64, 67]
[0, 30, 64]
[7, 35, 64]
[28, 51, 65]
[28, 49, 65]
[1, 40, 41]
[35, 60, 64]
[35, 37, 64]
[6, 29, 64]
[5, 11, 65]
[5, 28, 65]
[5, 35, 65]
[5, 7, 35]
[35, 42, 64]
[19, 61, 66]
[19, 55, 61]
[19, 60, 61]
[9, 42, 47]
[19, 33, 44]
[29, 42, 51]
[29, 42, 56]
[6, 49, 66]
[6, 26, 45]
[6, 26, 38]
[6, 26, 46]
[6, 26, 66]
[6, 26, 44]
[6, 18, 26]
[6, 26, 49]
[6, 12, 26]
[6, 14, 26]
[6, 26, 33]
[6, 26, 61]
[6, 40, 49]
[6, 12, 49]
[6, 28, 49]
[6, 7, 14]
[6, 14, 46]
[6, 14, 38]
[6, 33, 67]
[6, 14, 66]
[1, 41, 67]
[1, 12, 41]
[6, 14, 20]
[6, 14, 44]
[6, 14, 58]
[10, 14, 26]
[14, 26, 38]
[13, 24, 41]
[28, 61, 65]
[8, 61, 65]
[4, 22, 61]
[4, 24, 61]
[4, 60, 61]
[59, 61, 65]
[12, 48, 51]
[1, 4, 38]
[1, 4, 18]
[2, 9, 26]
[2, 16, 26]
[2, 64, 67]
[2, 59, 64]
[2, 37, 64]
[2, 7, 64]
[2, 32, 64]
[2, 49, 64]
[2, 9, 64]
[2, 10, 64]
[2, 58, 64]
[2, 30, 64]
[2, 33, 64]
[2, 22, 64]
[2, 42, 64]
[2, 52, 64]
[2, 29, 64]
[2, 33, 37]
[2, 33, 59]
[2, 13, 20]
[2, 20, 45]
[2, 20, 38]
[2, 7, 20]
[2, 20, 56]
[2, 20, 44]
[2, 9, 20]
[2, 10, 20]
[2, 20, 58]
[2, 38, 45]
[2, 45, 59]
[28, 29, 50]
[24, 29, 50]
[29, 30, 50]
[28, 50, 66]
[32, 35, 45]
[0, 25, 58]
[0, 55, 58]
[0, 25, 63]
[0, 46, 63]
[0, 49, 65]
[0, 40, 65]
[24, 39, 50]
[6, 38, 67]
[0, 1, 25]
[28, 50, 51]
[0, 10, 58]
[0, 58, 63]
[0, 49, 58]
[0, 13, 58]
[0, 12, 58]
[0, 12, 63]
[0, 12, 46]
[0, 12, 55]
[14, 41, 58]
[0, 14, 58]
[41, 43, 58]
[7, 41, 43]
[41, 43, 51]
[30, 50, 63]
[1, 30, 50]
[28, 30, 50]
[28, 49, 50]
[24, 28, 50]
[0, 12, 56]
[0, 1, 12]
[0, 12, 49]
[0, 10, 12]
[0, 12, 40]
[0, 13, 63]
[4, 13, 41]
[1, 4, 41]
[1, 50, 61]
[0, 13, 59]
[0, 13, 38]
[0, 11, 13]
[0, 1, 49]
[0, 46, 49]
[3, 12, 30]
[3, 25, 30]
[3, 16, 30]
[3, 10, 30]
[0, 3, 30]
[0, 3, 25]
[1, 19, 67]
[40, 53, 67]
[0, 10, 28]
[0, 25, 28]
[0, 28, 63]
[4, 6, 28]
[4, 6, 40]
[35, 53, 64]
[10, 16, 53]
[10, 46, 53]
[8, 9, 48]
[24, 48, 58]
[24, 33, 48]
[33, 40, 48]
[20, 33, 48]
[22, 25, 48]
[22, 40, 48]
[22, 48, 57]
[22, 48, 55]
[22, 48, 59]
[8, 22, 48]
[16, 22, 48]
[22, 33, 48]
[10, 22, 48]
[5, 22, 48]
[22, 30, 45]
[16, 22, 30]
[23, 37, 64]
[7, 23, 64]
[23, 32, 64]
[17, 23, 64]
[23, 45, 64]
[1, 23, 64]
[23, 30, 64]
[4, 23, 51]
[7, 20, 23]
[31, 45, 69]
[20, 23, 45]
[17, 20, 23]
[20, 23, 38]
[13, 20, 23]
[20, 23, 40]
[23, 32, 51]
[1, 23, 30]
[4, 23, 40]
[7, 22, 49]
[22, 27, 49]
[4, 24, 58]
[6, 56, 67]
[9, 21, 23]
[23, 26, 64]
[23, 26, 45]
[23, 26, 38]
[23, 26, 51]
[8, 23, 26]
[16, 23, 26]
[1, 23, 26]
[6, 23, 26]
[23, 26, 41]
[23, 26, 53]
[14, 26, 46]
[14, 26, 60]
[14, 16, 26]
[14, 26, 44]
[26, 38, 49]
[16, 18, 26]
[16, 26, 45]
[26, 27, 53]
[26, 46, 53]
[26, 49, 53]
[13, 26, 53]
[13, 26, 27]
[13, 18, 26]
[26, 27, 66]
[18, 26, 45]
[25, 26, 66]
[26, 38, 44]
[1, 14, 61]
[32, 61, 65]
[51, 61, 65]
[14, 61, 66]
[14, 17, 36]
[7, 14, 36]
[1, 34, 49]
[21, 34, 69]
[34, 46, 69]
[18, 34, 69]
[30, 34, 69]
[14, 36, 66]
[61, 65, 67]
[25, 61, 65]
[32, 36, 65]
[11, 36, 65]
[1, 14, 36]
[14, 36, 40]
[10, 14, 36]
[50, 61, 66]
[50, 59, 61]
[0, 13, 61]
[16, 26, 44]
[25, 26, 44]
[25, 26, 63]
[26, 33, 46]
[22, 38, 49]
[16, 21, 23]
[23, 40, 50]
[23, 50, 55]
[21, 23, 50]
[23, 50, 51]
[23, 37, 50]
[1, 23, 50]
[8, 23, 50]
[23, 24, 50]
[9, 23, 24]
[23, 24, 38]
[23, 24, 32]
[9, 23, 30]
[16, 23, 30]
[21, 23, 30]
[16, 23, 24]
[31, 44, 69]
[31, 59, 69]
[50, 55, 61]
[28, 50, 61]
[24, 29, 42]
[29, 42, 68]
[29, 42, 67]
[18, 31, 69]
[21, 31, 69]
[30, 31, 69]
[5, 32, 36]
[12, 31, 67]
[9, 30, 43]
[9, 30, 31]
[9, 21, 31]
[9, 31, 67]
[5, 31, 58]
[5, 21, 31]
[30, 31, 34]
[6, 21, 30]
[6, 45, 61]
[6, 55, 61]
[6, 59, 61]
[6, 28, 61]
[6, 61, 66]
[6, 61, 67]
[6, 14, 61]
[6, 14, 28]
[6, 31, 66]
[6, 31, 44]
[6, 31, 67]
[6, 21, 31]
[6, 31, 49]
[6, 30, 31]
[6, 31, 40]
[4, 6, 31]
[6, 14, 67]
[19, 44, 63]
[10, 19, 63]
[1, 8, 19]
[14, 19, 20]
[19, 27, 52]
[19, 52, 66]
[1, 19, 49]
[19, 48, 63]
[5, 44, 48]
[4, 8, 61]
[4, 28, 61]
[4, 51, 61]
[4, 13, 61]
[1, 4, 61]
[4, 11, 36]
[1, 4, 36]
[31, 58, 64]
[4, 31, 58]
[4, 7, 31]
[31, 49, 64]
[4, 31, 69]
[4, 31, 39]
[4, 31, 46]
[4, 31, 59]
[4, 31, 45]
[4, 16, 31]
[5, 31, 40]
[5, 31, 36]
[5, 31, 44]
[5, 31, 39]
[4, 18, 31]
[4, 31, 36]
[53, 57, 67]
[4, 31, 40]
[17, 36, 65]
[8, 36, 65]
[5, 36, 65]
[48, 51, 65]
[25, 48, 65]
[17, 48, 65]
[8, 48, 65]
[20, 48, 65]
[5, 48, 65]
[19, 48, 65]
[19, 49, 65]
[19, 61, 65]
[17, 19, 65]
[35, 62, 65]
[35, 46, 65]
[35, 65, 67]
[35, 44, 65]
[35, 61, 65]
[32, 35, 65]
[1, 4, 34]
[25, 52, 64]
[24, 34, 69]
[10, 49, 52]
[10, 52, 64]
[4, 24, 34]
[31, 33, 69]
[24, 31, 69]
[31, 33, 44]
[37, 52, 64]
[37, 49, 52]
[49, 52, 66]
[12, 52, 58]
[10, 12, 52]
[10, 31, 33]
[4, 24, 31]
[24, 31, 34]
[31, 34, 46]
[17, 52, 64]
[31, 34, 39]
[4, 31, 34]
[1, 4, 52]
[31, 33, 34]
[52, 58, 63]
[52, 58, 64]
[11, 52, 64]
[33, 52, 64]
[17, 52, 63]
[12, 44, 52]
[12, 25, 52]
[12, 52, 63]
[12, 52, 66]
[12, 33, 52]
[36, 40, 50]
[2, 33, 36]
[9, 28, 43]
[20, 52, 58]
[20, 44, 52]
[20, 33, 52]
[32, 52, 66]
[32, 52, 64]
[17, 20, 52]
[8, 50, 61]
[24, 50, 61]
[1, 41, 52]
[13, 14, 41]
[14, 41, 60]
[4, 41, 60]
[4, 11, 41]
[35, 39, 58]
[27, 35, 58]
[4, 41, 51]
[9, 43, 67]
[27, 48, 50]
[48, 50, 57]
[34, 48, 65]
[9, 34, 48]
[22, 43, 48]
[34, 46, 48]
[31, 34, 69]
[6, 50, 69]
[33, 34, 48]
[34, 40, 48]
[25, 34, 48]
[27, 34, 48]
[24, 34, 48]
[33, 43, 48]
[9, 43, 48]
[28, 49, 52]
[17, 43, 48]
[20, 43, 48]
[24, 43, 48]
[43, 48, 58]
[12, 43, 48]
[34, 43, 48]
[40, 48, 50]
[48, 50, 62]
[47, 48, 50]
[28, 33, 47]
[1, 49, 52]
[10, 19, 49]
[19, 27, 49]
[8, 9, 47]
[33, 46, 47]
[28, 44, 47]
[9, 47, 56]
[9, 16, 47]
[49, 52, 64]
[16, 28, 47]
[9, 28, 47]
[28, 47, 63]
[28, 47, 66]
[4, 39, 47]
[4, 16, 47]
[4, 6, 38]
[4, 46, 47]
[4, 18, 47]
[4, 28, 47]
[11, 26, 64]
[3, 14, 16]
[24, 28, 29]
[24, 29, 33]
[16, 29, 30]
[29, 30, 40]
[11, 16, 29]
[29, 51, 56]
[29, 51, 66]
[29, 30, 69]
[24, 29, 69]
[29, 52, 69]
[6, 29, 69]
[29, 32, 52]
[29, 44, 52]
[29, 52, 66]
[13, 29, 32]
[13, 29, 51]
[28, 29, 44]
[3, 51, 61]
[4, 6, 61]
[34, 65, 69]
[14, 41, 61]
[12, 41, 48]
[27, 41, 48]
[15, 41, 48]
[41, 48, 55]
[25, 41, 48]
[40, 41, 48]
[38, 41, 48]
[41, 48, 51]
[13, 41, 48]
[41, 48, 58]
[24, 41, 48]
[41, 47, 48]
[19, 41, 48]
[23, 41, 48]
[41, 43, 48]
[41, 48, 50]
[35, 48, 65]
[19, 20, 48]
[19, 22, 48]
[19, 33, 48]
[22, 28, 61]
[48, 50, 63]
[48, 50, 59]
[15, 19, 48]
[39, 47, 50]
[47, 50, 66]
[4, 16, 22]
[22, 30, 40]
[4, 22, 36]
[19, 22, 61]
[26, 61, 66]
[13, 26, 61]
[14, 26, 61]
[26, 45, 61]
[25, 26, 61]
[8, 42, 43]
[42, 43, 56]
[21, 42, 43]
[17, 42, 43]
[40, 42, 43]
[9, 42, 43]
[42, 43, 58]
[42, 43, 67]
[42, 43, 51]
[30, 42, 43]
[12, 42, 43]
[42, 43, 48]
[41, 42, 43]
[42, 43, 47]
[12, 42, 60]
[20, 52, 65]
[49, 52, 58]
[32, 49, 52]
[5, 7, 22]
[20, 23, 33]
[23, 24, 33]
[4, 16, 23]
[12, 49, 52]
[22, 40, 49]
[26, 49, 64]
[12, 26, 44]
[12, 26, 66]
[12, 14, 26]
[8, 26, 64]
[26, 33, 60]
[10, 26, 33]
[1, 26, 61]
[48, 50, 51]
[24, 48, 50]
[8, 48, 50]
[2, 44, 56]
[2, 7, 44]
[34, 49, 65]
[26, 60, 61]
[26, 51, 61]
[10, 26, 61]
[26, 33, 61]
[8, 26, 61]
[5, 17, 22]
[5, 22, 45]
[5, 11, 22]
[5, 22, 32]
[5, 22, 30]
[4, 41, 58]
[4, 24, 41]
[12, 24, 41]
[5, 41, 48]
[5, 10, 22]
[5, 8, 22]
[36, 41, 50]
[36, 50, 63]
[1, 36, 50]
[36, 49, 50]
[5, 36, 50]
[36, 38, 41]
[36, 40, 41]
[1, 36, 41]
[4, 36, 41]
[36, 41, 66]
[5, 36, 41]
[22, 36, 49]
[5, 22, 36]
[4, 34, 36]
[34, 36, 65]
[5, 26, 44]
[5, 18, 26]
[5, 11, 26]
[5, 10, 26]
[26, 38, 41]
[31, 43, 58]
[26, 27, 41]
[27, 53, 66]
[13, 53, 66]
[4, 24, 53]
[24, 28, 43]
[24, 43, 58]
[21, 28, 43]
[18, 28, 43]
[25, 43, 58]
[31, 43, 67]
[9, 31, 43]
[31, 40, 43]
[30, 31, 43]
[30, 40, 43]
[28, 43, 51]
[12, 28, 43]
[12, 43, 58]
[21, 22, 43]
[22, 43, 56]
[5, 39, 50]
[5, 30, 50]
[5, 8, 50]
[5, 48, 50]
[50, 53, 67]
[13, 53, 67]
[28, 33, 43]
[31, 33, 43]
[12, 43, 67]
[11, 53, 62]
[9, 53, 67]
[32, 53, 67]
[11, 46, 53]
[11, 53, 57]
[16, 53, 62]
[16, 53, 55]
[53, 59, 69]
[46, 53, 69]
[53, 55, 69]
[53, 62, 69]
[45, 53, 69]
[16, 45, 53]
[15, 16, 53]
[1, 26, 41]
[1, 19, 41]
[13, 26, 41]
[26, 41, 60]
[25, 26, 41]
[11, 16, 53]
[13, 32, 53]
[32, 45, 53]
[11, 13, 53]
[10, 11, 53]
[10, 32, 53]
[10, 49, 53]
[52, 53, 69]
[15, 40, 53]
[40, 46, 53]
[40, 49, 53]
[53, 58, 59]
[45, 53, 58]
[27, 53, 58]
[13, 53, 58]
[53, 57, 58]
[52, 53, 58]
[15, 53, 58]
[11, 40, 53]
[32, 53, 58]
[26, 45, 53]
[16, 26, 53]
[10, 26, 53]
[26, 33, 53]
[11, 26, 53]
[26, 53, 66]
[40, 53, 66]
[32, 53, 66]
[53, 58, 66]
[50, 53, 66]
[50, 53, 55]
[50, 53, 62]
[50, 53, 69]
[27, 50, 53]
[50, 53, 59]
[50, 53, 57]
[39, 50, 53]
[40, 50, 53]
[30, 50, 53]
[5, 50, 53]
[5, 40, 53]
[5, 30, 53]
[16, 30, 53]
[9, 30, 53]
[10, 30, 53]
[30, 53, 69]
[27, 30, 53]
[30, 45, 53]
[30, 39, 53]
[30, 40, 53]
[4, 40, 53]
[4, 16, 53]
[4, 46, 53]
[4, 53, 69]
[4, 45, 53]
[4, 53, 59]
[4, 53, 57]
[4, 39, 53]
[4, 52, 53]
[4, 13, 53]
[4, 53, 58]
[4, 11, 53]
[4, 6, 53]
[6, 53, 55]
[6, 53, 67]
[6, 46, 53]
[6, 45, 53]
[6, 53, 59]
[6, 40, 53]
[6, 53, 58]
[6, 30, 53]
[6, 50, 53]
[6, 53, 66]
[6, 26, 53]
[34, 53, 69]
[34, 40, 53]
[33, 34, 53]
[30, 34, 53]
[5, 34, 53]
[4, 34, 53]
[5, 7, 34]
[5, 31, 34]
[5, 21, 34]
[5, 18, 34]
[5, 34, 48]
[5, 25, 34]
[5, 34, 46]
[5, 34, 65]
[5, 34, 39]
[5, 28, 34]
[5, 30, 34]
[6, 30, 33]
[6, 12, 30]
[6, 12, 31]
[6, 12, 67]
[6, 12, 14]
[6, 24, 31]
[6, 24, 67]
[6, 24, 61]
[6, 33, 61]
[6, 50, 61]
[6, 50, 55]
[41, 51, 61]
[0, 22, 25]
[0, 22, 55]
[0, 22, 38]
[0, 22, 40]
[0, 22, 63]
[0, 22, 56]
[0, 14, 36]
[0, 14, 28]
[0, 14, 40]
[0, 12, 28]
[0, 52, 58]
[0, 12, 52]
[0, 1, 52]
[0, 52, 63]
[0, 52, 65]
[0, 28, 52]
[0, 52, 64]
[0, 52, 59]
[0, 38, 63]
[0, 10, 63]
[0, 10, 60]
[0, 28, 65]
[0, 10, 56]
[0, 13, 28]
[0, 10, 61]
[0, 45, 61]
[0, 1, 61]
[0, 61, 65]
[6, 50, 67]
[6, 28, 50]
[0, 59, 63]
[0, 10, 22]
[0, 10, 59]
[0, 10, 49]
[0, 40, 49]
[0, 28, 49]
[0, 49, 52]
[0, 22, 49]
[0, 22, 28]
[0, 22, 64]
[0, 22, 61]
[0, 1, 4]
[0, 4, 22]
[0, 14, 61]
[0, 1, 14]
[11, 29, 65]
[29, 48, 65]
[8, 29, 65]
[29, 32, 65]
[29, 44, 65]
[29, 40, 65]
[5, 29, 65]
[29, 51, 65]
[29, 65, 67]
[5, 8, 29]
[8, 29, 51]
[29, 33, 48]
[29, 48, 57]
[29, 33, 44]
[29, 33, 40]
[12, 29, 44]
[29, 34, 65]
[16, 29, 42]
[29, 42, 44]
[4, 41, 61]
[0, 12, 30]
[0, 30, 63]
[0, 30, 39]
[0, 1, 30]
[12, 43, 51]
[0, 10, 30]
[26, 41, 66]
[12, 26, 41]
[11, 26, 41]
[26, 41, 61]
[26, 41, 51]
[14, 26, 41]
[12, 42, 67]
[12, 42, 48]
[12, 31, 42]
[12, 42, 68]
[12, 42, 44]
[12, 24, 42]
[12, 42, 58]
[12, 41, 42]
[31, 42, 68]
[34, 42, 69]
[17, 42, 69]
[42, 44, 69]
[42, 51, 69]
[8, 42, 69]
[21, 42, 69]
[18, 42, 69]
[16, 42, 48]
[10, 42, 48]
[2, 10, 56]
[2, 56, 59]
[2, 55, 56]
[2, 15, 56]
[2, 32, 56]
[2, 51, 56]
[2, 22, 56]
[2, 9, 56]
[2, 38, 49]
[2, 7, 49]
[2, 27, 49]
[2, 32, 49]
[2, 37, 49]
[2, 49, 59]
[2, 38, 59]
[2, 55, 59]
[34, 36, 42]
[34, 39, 47]
[28, 34, 47]
[9, 20, 47]
[20, 33, 47]
[8, 47, 50]
[28, 47, 50]
[18, 26, 47]
[26, 47, 63]
[11, 26, 47]
[9, 26, 47]
[26, 44, 47]
[26, 47, 66]
[26, 33, 47]
[0, 10, 14]
[0, 47, 63]
[26, 41, 47]
[4, 41, 47]
[0, 47, 56]
[0, 25, 47]
[0, 46, 47]
[0, 11, 47]
[0, 47, 55]
[0, 39, 47]
[0, 47, 59]
[0, 28, 47]
[0, 4, 47]
[0, 22, 30]
[0, 14, 47]
[0, 14, 56]
[0, 13, 14]
[34, 47, 56]
[9, 34, 47]
[4, 34, 47]
[33, 34, 47]
[6, 49, 50]
[0, 12, 14]
[12, 47, 56]
[12, 26, 47]
[12, 44, 47]
[12, 47, 63]
[12, 25, 47]
[12, 47, 66]
[0, 12, 47]
[3, 12, 47]
[0, 3, 12]
[3, 22, 30]
[3, 5, 22]
[3, 41, 61]
[24, 29, 41]
[29, 39, 41]
[3, 37, 65]
[3, 32, 65]
[3, 20, 65]
[3, 51, 65]
[3, 5, 65]
[3, 5, 17]
[3, 5, 32]
[3, 61, 65]
[0, 1, 36]
[0, 36, 40]
[0, 36, 63]
[0, 10, 36]
[0, 36, 65]
[0, 36, 49]
[9, 19, 48]
[18, 19, 31]
[16, 19, 31]
[19, 31, 63]
[5, 29, 39]
[5, 17, 29]
[5, 11, 29]
[5, 29, 32]
[5, 29, 40]
[5, 29, 44]
[5, 29, 48]
[5, 29, 34]
[5, 28, 29]
[29, 44, 48]
[29, 40, 48]
[2, 29, 56]
[2, 56, 67]
[2, 16, 44]
[2, 38, 44]
[2, 21, 44]
[2, 44, 63]
[2, 16, 45]
[2, 32, 45]
[2, 10, 16]
[2, 10, 32]
[2, 10, 63]
[2, 13, 15]
[2, 15, 16]
[2, 16, 37]
[2, 32, 38]
[2, 37, 38]
[19, 22, 49]
[0, 19, 22]
[0, 12, 35]
[0, 19, 63]
[0, 14, 19]
[6, 21, 50]
[6, 40, 50]
[6, 37, 50]
[6, 30, 50]
[35, 56, 67]
[14, 35, 56]
[32, 35, 56]
[14, 21, 35]
[14, 35, 64]
[1, 14, 35]
[14, 35, 60]
[14, 35, 38]
[14, 27, 35]
[14, 35, 58]
[14, 35, 44]
[35, 64, 67]
[35, 46, 67]
[6, 50, 56]
[6, 50, 66]
[6, 50, 59]
[4, 6, 18]
[4, 6, 24]
[6, 24, 50]
[6, 24, 29]
[4, 6, 58]
[8, 19, 48]
[19, 31, 66]
[3, 17, 36]
[3, 36, 65]
[3, 32, 36]
[3, 5, 36]
[3, 55, 65]
[3, 25, 65]
[3, 14, 38]
[3, 5, 25]
[3, 14, 17]
[3, 10, 14]
[17, 36, 43]
[36, 40, 43]
[28, 43, 52]
[22, 36, 43]
[19, 52, 63]
[10, 19, 52]
[7, 19, 49]
[35, 55, 58]
[35, 58, 64]
[15, 35, 58]
[35, 45, 58]
[35, 58, 63]
[35, 48, 58]
[32, 35, 58]
[5, 35, 58]
[35, 53, 58]
[28, 35, 45]
[35, 37, 60]
[35, 44, 63]
[27, 35, 53]
[35, 39, 53]
[35, 53, 62]
[35, 46, 53]
[15, 35, 53]
[35, 45, 53]
[35, 53, 55]
[32, 35, 53]
[5, 35, 53]
[18, 35, 64]
[1, 35, 64]
[36, 42, 68]
[10, 19, 33]
[19, 31, 33]
[6, 29, 33]
[6, 28, 29]
[6, 29, 40]
[6, 29, 67]
[19, 49, 66]
[19, 31, 67]
[12, 19, 67]
[8, 29, 67]
[19, 27, 34]
[7, 19, 34]
[19, 34, 48]
[29, 34, 48]
[1, 19, 34]
[12, 19, 49]
[12, 19, 63]
[12, 19, 55]
[19, 41, 67]
[19, 31, 49]
[41, 43, 67]
[19, 53, 67]
[19, 24, 67]
[3, 33, 36]
[0, 3, 22]
[0, 3, 10]
[3, 14, 58]
[3, 14, 20]
[3, 20, 47]
[3, 36, 47]
[3, 33, 47]
[36, 47, 50]
[11, 36, 47]
[17, 36, 47]
[33, 36, 47]
[14, 36, 47]
[3, 14, 41]
[3, 41, 47]
[19, 31, 44]
[19, 26, 49]
[19, 26, 45]
[10, 19, 26]
[19, 26, 27]
[16, 19, 26]
[3, 33, 61]
[3, 34, 65]
[3, 5, 34]
[3, 34, 47]
[19, 49, 52]
[19, 20, 52]
[9, 19, 52]
[19, 44, 52]
[19, 41, 60]
[19, 41, 55]
[12, 19, 26]
[12, 19, 48]
[15, 19, 41]
[12, 19, 62]
[7, 12, 19]
[12, 19, 31]
[12, 19, 41]
[12, 19, 66]
[12, 19, 44]
[12, 19, 52]
[19, 41, 66]
[14, 19, 41]
[13, 19, 41]
[7, 19, 41]
[19, 27, 41]
[19, 24, 41]
[19, 24, 48]
[19, 44, 48]
[34, 36, 47]
[0, 36, 47]
[3, 34, 36]
[2, 5, 44]
[2, 27, 67]
[3, 5, 30]
[4, 8, 23]
[23, 48, 50]
[0, 1, 3]
[4, 23, 24]
[0, 3, 58]
[0, 3, 55]
[0, 3, 14]
[0, 3, 47]
[23, 24, 48]
[23, 24, 41]
[1, 4, 23]
[23, 32, 65]
[5, 35, 45]
[24, 27, 35]
[24, 35, 39]
[8, 43, 51]
[24, 35, 44]
[35, 44, 48]
[9, 43, 47]
[28, 43, 47]
[0, 43, 47]
[0, 43, 45]
[0, 36, 43]
[0, 28, 43]
[0, 43, 56]
[0, 25, 43]
[31, 36, 43]
[22, 25, 43]
[17, 22, 43]
[22, 40, 43]
[34, 42, 43]
[26, 35, 44]
[19, 34, 49]
[19, 31, 34]
[18, 19, 34]
[18, 19, 26]
[19, 24, 31]
[2, 45, 58]
[2, 32, 59]
[2, 3, 32]
[2, 3, 37]
[2, 3, 15]
[2, 3, 58]
[2, 3, 55]
[2, 3, 21]
[2, 3, 5]
[2, 3, 51]
[2, 3, 16]
[2, 3, 10]
[2, 3, 38]
[2, 21, 37]
[2, 15, 21]
[2, 9, 21]
[35, 48, 63]
[35, 38, 63]
[35, 46, 48]
[27, 35, 48]
[35, 46, 63]
[19, 33, 52]
[19, 27, 53]
[19, 53, 66]
[19, 26, 53]
[19, 26, 33]
[19, 24, 33]
[19, 24, 63]
[15, 24, 35]
[24, 35, 58]
[24, 35, 48]
[32, 35, 64]
[19, 26, 66]
[1, 19, 26]
[19, 26, 60]
[14, 19, 26]
[19, 33, 34]
[19, 24, 34]
[24, 32, 35]
[24, 28, 35]
[24, 35, 67]
[5, 32, 35]
[32, 35, 67]
[5, 35, 46]
[5, 21, 35]
[2, 16, 47]
[2, 36, 47]
[2, 47, 55]
[19, 34, 60]
[9, 19, 26]
[19, 26, 44]
[19, 34, 53]
[0, 19, 49]
[0, 19, 65]
[2, 32, 33]
[0, 13, 19]
[0, 19, 59]
[1, 34, 42]
[8, 17, 42]
[17, 40, 42]
[0, 12, 19]
[31, 42, 69]
[19, 30, 31]
[17, 42, 47]
[40, 42, 67]
[42, 67, 68]
[34, 39, 42]
[34, 40, 42]
[31, 34, 42]
[21, 34, 42]
[34, 42, 60]
[17, 36, 42]
[6, 21, 23]
[12, 19, 33]
[4, 6, 23]
[6, 23, 55]
[0, 23, 36]
[0, 23, 64]
[0, 23, 65]
[0, 4, 23]
[10, 19, 61]
[19, 33, 61]
[17, 42, 56]
[42, 44, 56]
[42, 56, 67]
[31, 36, 42]
[13, 42, 68]
[1, 19, 61]
[22, 33, 43]
[8, 22, 43]
[18, 22, 43]
[0, 22, 43]
[0, 12, 43]
[0, 40, 43]
[36, 41, 43]
[12, 41, 43]
[20, 43, 58]
[0, 43, 58]
[12, 43, 47]
[41, 43, 47]
[5, 35, 48]
[5, 35, 44]
[12, 14, 35]
[19, 41, 61]
[8, 19, 61]
[0, 28, 35]
[19, 33, 53]
[19, 53, 59]
[19, 45, 53]
[16, 19, 53]
[10, 19, 53]
[19, 49, 53]
[35, 38, 67]
[6, 12, 29]
[2, 22, 27]
[2, 22, 55]
[12, 29, 52]
[12, 29, 66]
[29, 59, 65]
[6, 29, 50]
[29, 33, 59]
[6, 29, 59]
[6, 29, 44]
[28, 29, 33]
[6, 29, 66]
[6, 29, 56]
[19, 30, 53]
[0, 19, 30]
[19, 61, 67]
[19, 26, 38]
[19, 26, 63]
[14, 19, 61]
[19, 45, 61]
[0, 19, 61]
[19, 24, 61]
[20, 23, 65]
[19, 26, 61]
[13, 19, 26]
[19, 26, 41]
[4, 23, 47]
[12, 29, 48]
[24, 29, 48]
[12, 24, 29]
[12, 29, 41]
[28, 29, 51]
[13, 29, 48]
[29, 48, 51]
[1, 26, 35]
[26, 27, 35]
[0, 14, 35]
[0, 35, 63]
[14, 26, 35]
[0, 13, 35]
[34, 43, 47]
[2, 47, 56]
[2, 44, 47]
[2, 33, 44]
[2, 5, 21]
[2, 21, 38]
[2, 16, 21]
[2, 21, 22]
[2, 21, 59]
[2, 9, 47]
[2, 9, 32]
[2, 20, 47]
[2, 33, 47]
[2, 10, 49]
[2, 10, 33]
[2, 20, 33]
[2, 16, 55]
[2, 22, 49]
[29, 34, 39]
[29, 34, 56]
[24, 35, 63]
[26, 35, 45]
[26, 35, 60]
[26, 35, 53]
[26, 35, 63]
[26, 35, 38]
[26, 35, 64]
[26, 35, 46]
[18, 26, 35]
[5, 26, 35]
[5, 18, 35]
[27, 35, 67]
[35, 39, 67]
[35, 53, 67]
[2, 41, 55]
[2, 15, 41]
[2, 27, 41]
[2, 7, 41]
[2, 38, 41]
[2, 13, 41]
[2, 41, 47]
[2, 41, 52]
[2, 22, 32]
[2, 7, 22]
[2, 47, 63]
[2, 7, 63]
[2, 38, 63]
[2, 52, 63]
[2, 58, 63]
[2, 22, 45]
[2, 9, 22]
[35, 45, 61]
[35, 60, 61]
[2, 44, 52]
[2, 27, 52]
[2, 22, 38]
[2, 10, 22]
[2, 16, 22]
[2, 22, 33]
[19, 30, 34]
[2, 20, 52]
[2, 15, 51]
[2, 37, 51]
[42, 51, 67]
[0, 35, 61]
[32, 35, 61]
[1, 35, 61]
[14, 35, 61]
[35, 39, 61]
[24, 35, 61]
[35, 55, 61]
[5, 35, 61]
[10, 42, 68]
[42, 48, 51]
[29, 41, 51]
[23, 41, 51]
[23, 42, 51]
[3, 23, 51]
[23, 29, 51]
[2, 51, 63]
[2, 51, 55]
[2, 38, 51]
[2, 49, 51]
[2, 41, 51]
[29, 52, 65]
[28, 29, 65]
[29, 48, 50]
[13, 28, 29]
[13, 17, 29]
[29, 34, 69]
[29, 33, 34]
[29, 34, 40]
[29, 48, 59]
[29, 41, 48]
[6, 29, 61]
[24, 29, 34]
[1, 36, 42]
[1, 42, 68]
[1, 42, 67]
[42, 67, 69]
[9, 31, 42]
[8, 9, 42]
[9, 21, 42]
[6, 7, 23]
[23, 42, 48]
[20, 23, 48]
[23, 42, 64]
[23, 40, 42]
[23, 36, 42]
[1, 23, 42]
[23, 42, 68]
[16, 23, 42]
[23, 42, 47]
[23, 24, 42]
[6, 20, 23]
[31, 42, 44]
[16, 42, 44]
[10, 42, 58]
[39, 42, 58]
[31, 42, 58]
[13, 42, 58]
[16, 21, 42]
[9, 42, 68]
[9, 34, 42]
[34, 42, 56]
[18, 34, 42]
[3, 34, 42]
[23, 53, 57]
[19, 20, 23]
[6, 23, 45]
[6, 23, 50]
[4, 23, 53]
[23, 53, 64]
[23, 32, 53]
[8, 42, 48]
[24, 31, 42]
[24, 42, 69]
[24, 39, 42]
[24, 42, 48]
[10, 24, 42]
[31, 42, 67]
[8, 42, 67]
[9, 42, 67]
[6, 23, 40]
[40, 42, 68]
[17, 42, 68]
[18, 42, 68]
[42, 57, 68]
[42, 60, 68]
[24, 34, 42]
[9, 24, 42]
[24, 42, 67]
[24, 42, 44]
[16, 24, 42]
[23, 50, 53]
[23, 45, 53]
[17, 42, 48]
[34, 42, 48]
[6, 23, 53]
[23, 38, 41]
[1, 23, 41]
[6, 23, 24]
[4, 23, 41]
[0, 13, 23]
[13, 23, 41]
[1, 23, 35]
[23, 40, 41]
[16, 23, 53]
[41, 42, 48]
[42, 44, 48]
[42, 48, 57]
[9, 42, 48]
[42, 48, 58]
[40, 42, 48]
[16, 42, 47]
[42, 47, 68]
[42, 44, 47]
[34, 42, 47]
[13, 29, 42]
[12, 29, 42]
[8, 29, 42]
[3, 36, 42]
[3, 42, 58]
[3, 12, 42]
[3, 17, 42]
[18, 35, 42]
[35, 42, 56]
[35, 39, 42]
[35, 42, 60]
[35, 42, 67]
[35, 42, 68]
[21, 35, 42]
[35, 42, 44]
[24, 35, 42]
[1, 35, 42]
[35, 42, 48]
[3, 35, 61]
[29, 40, 42]
[35, 42, 58]
[29, 43, 48]
[24, 29, 43]
[29, 43, 56]
[19, 22, 30]
[12, 30, 43]
[0, 30, 43]
[21, 30, 35]
[12, 30, 42]
[9, 30, 42]
[30, 42, 69]
[10, 30, 42]
[23, 30, 53]
[16, 30, 42]
[30, 40, 42]
[21, 30, 42]
[30, 42, 68]
[1, 30, 42]
[30, 34, 42]
[3, 30, 42]
[30, 42, 56]
[29, 30, 43]
[6, 29, 30]
[28, 29, 30]
[5, 29, 30]
[12, 29, 30]
[29, 30, 34]
[8, 29, 43]
[12, 29, 43]
[29, 33, 43]
[29, 43, 51]
[29, 41, 43]
[29, 40, 43]
[29, 34, 43]
[29, 42, 48]
[17, 29, 42]
[29, 30, 42]
[29, 34, 42]
[29, 42, 43]
[3, 23, 42]
[23, 35, 42]
[23, 29, 65]
[6, 23, 29]
[23, 29, 41]
[23, 29, 42]
[20, 23, 47]
[8, 23, 47]
[23, 41, 47]
[21, 23, 35]
[23, 35, 53]
[23, 35, 45]
[2, 45, 61]
[2, 29, 42]
[2, 42, 56]
[23, 30, 42]
[23, 29, 30]
[6, 23, 30]
[23, 30, 35]
[0, 23, 35]
[23, 24, 35]
[23, 35, 64]
[23, 26, 35]
[3, 23, 32]
[3, 23, 37]
[1, 3, 23]
[3, 23, 65]
[3, 23, 57]
[3, 23, 35]
[3, 20, 23]
[2, 20, 23]
[3, 21, 23]
[3, 23, 30]
[3, 16, 23]
[3, 23, 38]
[3, 23, 47]
[2, 3, 23]
[2, 23, 64]
[2, 23, 51]
[2, 9, 23]
[2, 23, 53]
[2, 23, 38]
[2, 23, 29]
[2, 23, 57]
[2, 21, 23]
[2, 16, 23]
[2, 23, 33]
[2, 23, 41]
[2, 23, 47]
[2, 23, 26]
[2, 23, 42]
[2, 26, 49]
[2, 26, 38]
[2, 38, 52]
[2, 16, 29]
[2, 32, 51]
[2, 43, 58]
[2, 22, 43]
[2, 37, 43]
[2, 7, 43]
[2, 43, 56]
[2, 43, 47]
[2, 9, 43]
[2, 47, 59]
[2, 41, 43]
[2, 26, 47]
[2, 21, 43]
[2, 33, 43]
[2, 43, 53]
[2, 43, 67]
[2, 20, 43]
[2, 30, 43]
[2, 43, 61]
[2, 29, 43]
[2, 42, 43]
[2, 12, 43]
[2, 43, 52]
[2, 43, 51]
[2, 43, 45]
[2, 9, 59]
[2, 13, 58]
[2, 22, 59]
[2, 7, 59]
[2, 13, 29]
[2, 29, 32]
[2, 29, 44]
[2, 29, 33]
[2, 29, 41]
[2, 29, 59]
[2, 29, 52]
[2, 5, 29]
[2, 29, 67]
[2, 29, 30]
[2, 52, 65]
[2, 52, 58]
[2, 12, 63]
[2, 12, 56]
[2, 12, 55]
[2, 12, 44]
[2, 12, 51]
[2, 7, 12]
[2, 12, 47]
[2, 12, 33]
[2, 12, 30]
[2, 12, 41]
[2, 12, 26]
[2, 3, 12]
[2, 12, 52]
[2, 12, 67]
[2, 10, 12]
[2, 12, 29]
[2, 12, 49]
[2, 12, 42]
[2, 26, 41]
[2, 26, 44]
[2, 41, 61]
[2, 32, 58]
[2, 32, 52]
[2, 33, 52]
[2, 52, 59]
[2, 51, 59]
[2, 59, 63]
[2, 51, 61]
[2, 10, 52]
[2, 33, 61]
[2, 26, 33]
[2, 26, 45]
[2, 49, 58]
[2, 49, 52]
[2, 13, 61]
[2, 55, 61]
[2, 32, 61]
[2, 59, 61]
[2, 5, 15]
[2, 10, 61]
[2, 5, 7]
[2, 5, 22]
[2, 5, 58]
[2, 5, 41]
[2, 5, 61]
[2, 5, 32]
[2, 5, 10]
[2, 16, 30]
[2, 21, 30]
[2, 20, 30]
[2, 30, 33]
[2, 22, 30]
[2, 38, 67]
[2, 61, 67]
[2, 51, 67]
[2, 9, 67]
[2, 41, 67]
[2, 32, 67]
[2, 33, 67]
[2, 3, 20]
[2, 3, 30]
[2, 3, 33]
[2, 5, 26]
[2, 26, 64]
[2, 20, 42]
[2, 26, 63]
[2, 26, 51]
[2, 26, 27]
[2, 26, 61]
[2, 13, 26]
[2, 10, 26]
[2, 13, 42]
[2, 41, 42]
[2, 42, 44]
[2, 42, 51]
[2, 52, 53]
[2, 32, 53]
[2, 45, 53]
[2, 30, 53]
[2, 15, 53]
[2, 16, 53]
[2, 33, 53]
[2, 53, 64]
[2, 13, 53]
[2, 5, 53]
[2, 9, 53]
[2, 26, 53]
[2, 10, 53]
[2, 53, 59]
[2, 53, 67]
[2, 49, 53]
[2, 3, 22]
[2, 3, 47]
[2, 3, 41]
[2, 3, 61]
[2, 36, 42]
[2, 21, 42]
[2, 30, 42]
[2, 42, 47]
[2, 42, 58]
[2, 42, 67]
[2, 3, 42]
[2, 9, 42]
[2, 42, 68]
[2, 10, 42]
[2, 16, 42]
