[5, 6, 16, 17, 20]
[3, 5, 12, 23, 33]
[3, 5, 12, 14, 33]
[3, 5, 16, 18, 23]
[3, 5, 16, 17, 18]
[3, 5, 10, 23, 30]
[4, 17, 24, 25, 26]
[4, 17, 19, 25, 26]
[4, 13, 19, 23, 26]
[4, 8, 13, 26, 29]
[5, 12, 14, 29, 33]
[5, 8, 12, 29, 33]
[5, 9, 20, 29, 34]
[9, 13, 19, 23, 26]
[0, 9, 21, 26, 34]
[13, 15, 21, 26, 29]
[15, 21, 26, 29, 34]
[4, 8, 24, 26, 29]
[9, 13, 21, 26, 29]
[9, 21, 26, 29, 34]
[8, 13, 26, 29, 32]
[5, 6, 12, 14, 30]
[5, 6, 10, 14, 30]
[5, 6, 16, 17, 18]
[7, 15, 20, 22, 30]
[2, 15, 21, 26, 34]
[2, 15, 20, 21, 34]
[7, 8, 13, 22, 27]
[1, 6, 10, 14, 30]
[1, 6, 10, 28, 30]
[5, 10, 23, 27, 30]
[7, 15, 22, 27, 30]
[9, 13, 23, 26, 27]
[9, 20, 21, 29, 34]
[9, 13, 26, 27, 29]
[7, 9, 20, 29, 34]
[7, 9, 13, 27, 29]
[7, 9, 13, 23, 27]
[7, 8, 13, 27, 29]
[5, 6, 9, 17, 20]
[5, 8, 12, 29, 32]
[4, 8, 13, 29, 32]
[6, 10, 22, 28, 30]
[5, 6, 10, 28, 30]
[5, 10, 28, 30, 34]
[1, 10, 23, 28, 30]
[5, 10, 23, 28, 30]
[5, 20, 28, 30, 34]
[6, 20, 22, 28, 30]
[5, 6, 20, 28, 30]
[6, 17, 20, 22, 28]
[5, 6, 17, 20, 28]
[6, 16, 17, 20, 22]
[8, 13, 26, 27, 29]
[4, 13, 19, 26, 32]
[5, 16, 23, 27, 30]
[4, 19, 25, 26, 32]
[5, 16, 20, 30, 34]
[7, 15, 20, 30, 34]
[7, 13, 15, 22, 27]
[15, 20, 21, 29, 34]
[5, 6, 16, 20, 30]
[5, 6, 14, 16, 30]
[6, 16, 20, 22, 30]
[6, 15, 20, 22, 30]
[13, 15, 26, 27, 29]
[5, 16, 18, 23, 30]
[5, 6, 16, 18, 30]
[7, 15, 20, 29, 34]
[7, 13, 15, 27, 29]
[7, 13, 15, 29, 32]
[7, 12, 15, 29, 32]
[7, 8, 12, 29, 32]
[7, 8, 13, 29, 32]
[7, 12, 15, 25, 32]
[4, 19, 26, 31, 32]
[4, 8, 13, 26, 32]
[3, 7, 9, 13, 23]
[3, 7, 12, 15, 30]
[3, 7, 12, 23, 30]
[3, 5, 12, 23, 30]
[13, 15, 26, 29, 32]
[4, 13, 26, 29, 32]
[3, 7, 12, 14, 30]
[3, 5, 16, 23, 30]
[3, 5, 18, 23, 30]
[3, 16, 18, 23, 30]
[3, 5, 14, 16, 30]
[3, 5, 12, 14, 30]
[4, 8, 26, 29, 32]
[3, 5, 10, 14, 30]
[3, 5, 16, 18, 30]
[2, 5, 8, 27, 33]
[6, 15, 22, 30, 33]
[6, 22, 28, 30, 33]
[5, 6, 28, 30, 33]
[5, 6, 12, 30, 33]
[6, 12, 15, 30, 33]
[3, 5, 12, 30, 33]
[3, 12, 15, 30, 33]
[5, 6, 14, 30, 33]
[3, 5, 14, 30, 33]
[6, 12, 14, 30, 33]
[2, 8, 22, 27, 33]
[2, 15, 22, 27, 33]
[5, 8, 27, 29, 33]
[5, 6, 12, 14, 33]
[2, 5, 12, 14, 33]
[2, 5, 8, 12, 33]
[5, 12, 14, 30, 33]
[15, 22, 27, 30, 33]
[0, 15, 25, 26, 34]
[0, 15, 21, 26, 34]
[0, 15, 20, 21, 34]
[0, 5, 11, 16, 20]
[0, 11, 16, 20, 22]
[0, 5, 16, 20, 34]
[0, 8, 16, 22, 24]
[0, 1, 24, 25, 28]
[5, 9, 23, 27, 33]
[5, 9, 17, 27, 33]
[5, 9, 27, 29, 33]
[2, 5, 17, 27, 33]
[2, 17, 22, 27, 33]
[0, 3, 14, 16, 24]
[0, 3, 5, 14, 16]
[5, 6, 17, 28, 33]
[0, 5, 20, 28, 34]
[0, 3, 16, 21, 24]
[0, 16, 20, 21, 34]
[0, 9, 20, 21, 34]
[5, 6, 9, 17, 33]
[3, 5, 9, 17, 33]
[0, 5, 9, 20, 34]
[0, 3, 5, 9, 23]
[3, 5, 9, 23, 33]
[0, 3, 5, 16, 23]
[17, 19, 25, 28, 33]
[6, 17, 22, 28, 33]
[0, 5, 16, 30, 34]
[0, 16, 20, 22, 30]
[0, 5, 16, 20, 30]
[0, 5, 28, 30, 34]
[0, 8, 22, 24, 28]
[0, 20, 28, 30, 34]
[0, 5, 20, 28, 30]
[0, 16, 20, 30, 34]
[0, 5, 20, 30, 34]
[0, 15, 20, 30, 34]
[0, 20, 22, 28, 30]
[0, 15, 20, 22, 30]
[0, 3, 14, 16, 30]
[3, 12, 14, 30, 33]
[0, 3, 5, 14, 30]
[0, 5, 14, 16, 30]
[0, 1, 23, 28, 30]
[0, 5, 16, 23, 30]
[0, 5, 23, 28, 30]
[5, 12, 23, 30, 33]
[5, 23, 28, 30, 33]
[5, 23, 27, 30, 33]
[0, 3, 5, 16, 30]
[0, 3, 5, 23, 30]
[3, 5, 23, 30, 33]
[0, 3, 16, 23, 30]
[3, 12, 23, 30, 33]
