[14, 16]
[4, 16]
[45, 48]
[14, 48]
[2, 48]
[1, 48]
[6, 48]
[7, 48]
[11, 48]
[12, 48]
[13, 48]
[18, 48]
[19, 48]
[20, 48]
[25, 48]
[27, 48]
[29, 48]
[30, 48]
[32, 48]
[33, 48]
[34, 48]
[35, 48]
[37, 48]
[39, 48]
[40, 48]
[42, 48]
[43, 48]
[44, 48]
[46, 48]
[47, 48]
[2, 17]
[1, 17]
[3, 17]
[9, 17]
[12, 17]
[14, 17]
[4, 10]
[1, 16]
[16, 51]
[4, 51]
[7, 16]
[3, 51]
[10, 16]
[5, 51]
[12, 16]
[7, 51]
[3, 4]
[2, 4]
[16, 19]
[4, 19]
[3, 19]
[1, 19]
[7, 19]
[8, 19]
[11, 19]
[12, 19]
[13, 19]
[14, 19]
[17, 19]
[5, 6]
[1, 6]
[6, 14]
[2, 14]
[1, 4]
[4, 23]
[14, 15]
[1, 14]
[14, 49]
[10, 14]
[14, 65]
[14, 83]
[14, 26]
[14, 72]
[14, 55]
[14, 31]
[14, 69]
[14, 46]
[14, 101]
[14, 106]
[14, 75]
[14, 57]
[14, 90]
[5, 14]
[14, 50]
[14, 105]
[14, 71]
[14, 92]
[14, 70]
[14, 58]
[14, 100]
[14, 38]
[14, 107]
[14, 63]
[14, 54]
[14, 52]
[14, 62]
[14, 43]
[14, 45]
[14, 79]
[14, 68]
[14, 56]
[14, 87]
[14, 40]
[14, 42]
[14, 33]
[14, 30]
[14, 35]
[14, 103]
[3, 14]
[11, 14]
[14, 20]
[14, 98]
[14, 93]
[14, 96]
[14, 34]
[14, 32]
[14, 95]
[14, 77]
[14, 21]
[14, 67]
[9, 14]
[15, 28]
[1, 28]
[7, 28]
[28, 83]
[28, 65]
[24, 28]
[28, 78]
[28, 104]
[28, 39]
[18, 28]
[28, 51]
[28, 74]
[10, 15]
[8, 10]
[16, 24]
[24, 51]
[24, 49]
[15, 49]
[8, 49]
[10, 49]
[15, 18]
[6, 18]
[16, 20]
[10, 20]
[7, 20]
[15, 20]
[1, 20]
[20, 83]
[20, 24]
[20, 44]
[20, 47]
[18, 20]
[13, 20]
[20, 74]
[20, 28]
[20, 94]
[20, 53]
[20, 99]
[20, 86]
[20, 84]
[20, 22]
[20, 91]
[20, 41]
[20, 109]
[20, 97]
[20, 27]
[20, 29]
[20, 76]
[20, 75]
[20, 90]
[20, 57]
[20, 49]
[20, 26]
[20, 105]
[20, 46]
[20, 68]
[20, 40]
[20, 63]
[20, 107]
[20, 52]
[20, 62]
[20, 45]
[20, 35]
[20, 92]
[3, 20]
[11, 20]
[20, 100]
[20, 93]
[4, 20]
[2, 20]
[19, 54]
[19, 82]
[19, 84]
[19, 61]
[19, 26]
[15, 26]
[8, 26]
[7, 26]
[19, 22]
[19, 37]
[19, 59]
[19, 41]
[19, 36]
[19, 109]
[19, 81]
[19, 25]
[19, 60]
[19, 27]
[19, 29]
[19, 76]
[19, 73]
[19, 91]
[19, 102]
[19, 85]
[19, 97]
[19, 80]
[19, 89]
[19, 66]
[19, 55]
[19, 69]
[19, 31]
[19, 57]
[19, 50]
[19, 33]
[19, 30]
[19, 38]
[19, 63]
[19, 52]
[19, 107]
[19, 62]
[19, 45]
[19, 35]
[19, 92]
[19, 105]
[16, 47]
[15, 47]
[6, 47]
[1, 18]
[51, 65]
[16, 44]
[16, 50]
[8, 50]
[8, 15]
[6, 8]
[1, 15]
[39, 63]
[39, 40]
[10, 40]
[15, 40]
[8, 40]
[40, 65]
[40, 47]
[16, 40]
[28, 40]
[40, 86]
[23, 40]
[5, 40]
[40, 58]
[40, 83]
[40, 74]
[40, 94]
[40, 88]
[40, 72]
[40, 75]
[40, 101]
[40, 71]
[40, 87]
[40, 56]
[15, 64]
[6, 64]
[8, 64]
[64, 65]
[24, 64]
[44, 64]
[7, 15]
[6, 7]
[9, 101]
[8, 18]
[16, 106]
[10, 106]
[7, 10]
[3, 40]
[1, 7]
[7, 18]
[10, 18]
[18, 65]
[18, 24]
[18, 44]
[15, 65]
[1, 65]
[16, 64]
[39, 51]
[47, 49]
[10, 65]
[7, 65]
[8, 65]
[8, 24]
[24, 65]
[8, 39]
[16, 36]
[13, 36]
[15, 36]
[6, 36]
[10, 36]
[24, 36]
[36, 39]
[36, 47]
[36, 44]
[36, 64]
[36, 51]
[36, 106]
[36, 90]
[36, 58]
[36, 83]
[36, 78]
[36, 75]
[36, 87]
[36, 42]
[36, 56]
[36, 68]
[36, 100]
[9, 36]
[4, 36]
[2, 36]
[28, 36]
[36, 53]
[23, 36]
[36, 74]
[36, 108]
[36, 88]
[36, 99]
[36, 72]
[36, 84]
[36, 37]
[36, 59]
[36, 41]
[6, 39]
[7, 47]
[47, 51]
[44, 49]
[49, 64]
[47, 65]
[24, 47]
[8, 44]
[6, 44]
[44, 65]
[3, 109]
[44, 47]
[3, 15]
[1, 3]
[3, 18]
[3, 10]
[3, 65]
[3, 39]
[3, 44]
[3, 13]
[3, 106]
[3, 90]
[3, 83]
[3, 78]
[3, 104]
[3, 101]
[3, 42]
[3, 79]
[3, 56]
[3, 9]
[3, 86]
[3, 23]
[3, 74]
[3, 99]
[3, 22]
[3, 37]
[3, 41]
[3, 36]
[3, 73]
[3, 102]
[3, 46]
[3, 54]
[51, 57]
[7, 57]
[6, 57]
[1, 57]
[57, 75]
[57, 71]
[43, 57]
[57, 68]
[40, 57]
[2, 57]
[57, 84]
[57, 61]
[57, 65]
[47, 57]
[57, 64]
[57, 90]
[57, 78]
[56, 57]
[9, 57]
[28, 57]
[23, 57]
[57, 74]
[57, 88]
[49, 57]
[22, 57]
[41, 57]
[36, 57]
[57, 73]
[57, 82]
[57, 69]
[6, 100]
[8, 100]
[7, 100]
[18, 100]
[75, 100]
[7, 13]
[1, 13]
[16, 75]
[7, 75]
[5, 7]
[5, 8]
[44, 51]
[13, 44]
[15, 73]
[7, 73]
[5, 15]
[1, 5]
[8, 75]
[1, 75]
[18, 75]
[13, 75]
[5, 75]
[7, 71]
[1, 71]
[13, 71]
[71, 75]
[16, 87]
[10, 87]
[8, 87]
[1, 87]
[18, 87]
[13, 87]
[5, 87]
[75, 87]
[71, 87]
[5, 43]
[6, 43]
[1, 43]
[13, 43]
[16, 49]
[18, 49]
[13, 49]
[49, 75]
[49, 87]
[2, 49]
[49, 94]
[49, 72]
[49, 51]
[49, 91]
[49, 83]
[49, 101]
[17, 49]
[49, 79]
[9, 49]
[49, 74]
[49, 108]
[51, 106]
[51, 90]
[51, 58]
[51, 53]
[51, 86]
[23, 51]
[51, 99]
[51, 88]
[42, 51]
[51, 56]
[51, 64]
[39, 91]
[5, 47]
[11, 81]
[8, 11]
[7, 11]
[1, 11]
[11, 15]
[11, 40]
[11, 24]
[11, 71]
[11, 43]
[11, 61]
[11, 87]
[2, 11]
[11, 58]
[11, 78]
[11, 28]
[11, 23]
[11, 57]
[3, 11]
[11, 42]
[11, 56]
[11, 51]
[11, 91]
[11, 83]
[11, 101]
[11, 79]
[11, 108]
[11, 49]
[11, 37]
[11, 41]
[11, 102]
[11, 69]
[11, 54]
[11, 34]
[11, 32]
[11, 27]
[11, 29]
[11, 97]
[11, 89]
[11, 66]
[11, 55]
[11, 50]
[11, 33]
[11, 12]
[47, 68]
[47, 100]
[4, 47]
[13, 65]
[13, 39]
[16, 53]
[7, 53]
[5, 65]
[5, 39]
[5, 24]
[39, 71]
[43, 65]
[6, 68]
[1, 68]
[16, 68]
[15, 68]
[7, 68]
[38, 57]
[16, 88]
[13, 88]
[48, 71]
[8, 68]
[5, 68]
[68, 87]
[39, 43]
[4, 71]
[4, 13]
[4, 18]
[39, 98]
[13, 98]
[7, 98]
[15, 98]
[71, 98]
[5, 98]
[43, 98]
[36, 98]
[87, 98]
[51, 98]
[49, 98]
[4, 98]
[75, 98]
[2, 98]
[94, 98]
[72, 98]
[98, 104]
[28, 98]
[53, 98]
[23, 98]
[64, 98]
[44, 98]
[91, 98]
[98, 101]
[17, 98]
[79, 98]
[74, 98]
[59, 98]
[98, 102]
[69, 98]
[46, 98]
[34, 98]
[4, 40]
[4, 5]
[48, 57]
[4, 39]
[16, 61]
[8, 61]
[4, 43]
[4, 87]
[4, 68]
[9, 87]
[7, 9]
[4, 100]
[18, 52]
[7, 52]
[47, 87]
[1, 52]
[13, 84]
[5, 64]
[65, 75]
[10, 52]
[8, 84]
[1, 84]
[40, 84]
[39, 84]
[84, 87]
[68, 84]
[84, 100]
[7, 61]
[18, 61]
[10, 61]
[40, 61]
[5, 61]
[43, 61]
[61, 65]
[61, 74]
[74, 87]
[15, 37]
[1, 37]
[18, 50]
[7, 50]
[40, 50]
[50, 57]
[5, 50]
[43, 50]
[36, 50]
[50, 87]
[50, 68]
[50, 100]
[47, 50]
[50, 84]
[50, 94]
[50, 106]
[50, 90]
[50, 58]
[50, 104]
[50, 53]
[50, 86]
[42, 50]
[50, 56]
[50, 64]
[50, 83]
[50, 101]
[17, 50]
[9, 50]
[50, 108]
[22, 50]
[37, 50]
[50, 59]
[41, 50]
[50, 109]
[43, 64]
[61, 64]
[64, 87]
[4, 64]
[64, 100]
[17, 28]
[28, 43]
[28, 61]
[28, 84]
[2, 24]
[2, 40]
[28, 68]
[50, 81]
[10, 81]
[51, 81]
[36, 81]
[5, 81]
[16, 81]
[17, 81]
[81, 98]
[65, 81]
[68, 81]
[71, 81]
[28, 81]
[81, 109]
[29, 81]
[23, 81]
[42, 81]
[81, 86]
[81, 99]
[44, 81]
[72, 81]
[53, 81]
[34, 81]
[81, 89]
[59, 81]
[80, 81]
[32, 81]
[69, 81]
[9, 24]
[9, 40]
[28, 71]
[4, 28]
[28, 100]
[7, 106]
[18, 106]
[5, 106]
[24, 106]
[43, 106]
[61, 106]
[87, 106]
[100, 106]
[28, 106]
[18, 22]
[22, 51]
[44, 100]
[4, 44]
[4, 22]
[22, 61]
[5, 22]
[9, 13]
[39, 75]
[75, 109]
[2, 7]
[22, 47]
[13, 52]
[51, 52]
[11, 52]
[22, 64]
[22, 87]
[1, 9]
[9, 39]
[9, 43]
[9, 68]
[22, 100]
[22, 68]
[22, 84]
[22, 28]
[22, 106]
[48, 98]
[48, 100]
[36, 73]
[47, 73]
[104, 109]
[71, 104]
[39, 104]
[5, 104]
[7, 104]
[10, 104]
[1, 104]
[47, 104]
[8, 104]
[64, 104]
[65, 104]
[4, 104]
[104, 106]
[22, 104]
[48, 104]
[29, 104]
[23, 104]
[42, 104]
[99, 104]
[44, 104]
[72, 104]
[53, 104]
[34, 104]
[90, 104]
[59, 104]
[80, 104]
[69, 104]
[81, 104]
[85, 104]
[83, 104]
[88, 104]
[62, 104]
[41, 104]
[82, 104]
[97, 104]
[92, 104]
[35, 104]
[79, 104]
[104, 108]
[66, 104]
[95, 104]
[77, 104]
[60, 104]
[104, 107]
[45, 104]
[39, 73]
[13, 109]
[40, 109]
[51, 109]
[6, 109]
[5, 109]
[47, 109]
[44, 87]
[44, 68]
[73, 84]
[64, 109]
[84, 109]
[65, 109]
[87, 109]
[71, 73]
[61, 109]
[4, 109]
[22, 109]
[44, 71]
[89, 109]
[17, 89]
[9, 71]
[43, 89]
[6, 89]
[18, 89]
[1, 89]
[43, 59]
[24, 59]
[15, 59]
[15, 30]
[1, 30]
[7, 30]
[3, 30]
[16, 30]
[30, 40]
[61, 89]
[64, 89]
[3, 89]
[5, 89]
[13, 30]
[30, 36]
[47, 89]
[87, 89]
[24, 30]
[30, 39]
[30, 49]
[22, 30]
[4, 89]
[71, 89]
[22, 89]
[44, 89]
[7, 38]
[18, 38]
[11, 38]
[3, 38]
[5, 38]
[38, 40]
[38, 50]
[38, 98]
[38, 64]
[38, 65]
[4, 38]
[38, 81]
[38, 73]
[38, 109]
[38, 44]
[38, 68]
[38, 89]
[8, 74]
[10, 74]
[18, 74]
[6, 74]
[39, 74]
[17, 74]
[65, 74]
[74, 84]
[43, 74]
[22, 74]
[74, 89]
[2, 39]
[2, 8]
[2, 61]
[2, 43]
[2, 71]
[2, 81]
[2, 109]
[2, 89]
[2, 38]
[15, 21]
[19, 21]
[10, 21]
[6, 21]
[7, 21]
[3, 21]
[5, 21]
[16, 21]
[21, 39]
[21, 50]
[21, 49]
[17, 21]
[21, 64]
[4, 21]
[21, 73]
[21, 109]
[21, 44]
[21, 89]
[15, 78]
[18, 78]
[10, 78]
[6, 78]
[5, 78]
[47, 78]
[16, 78]
[8, 78]
[65, 78]
[78, 84]
[71, 78]
[22, 78]
[78, 81]
[73, 78]
[78, 109]
[68, 78]
[38, 78]
[17, 67]
[51, 67]
[6, 67]
[19, 67]
[20, 67]
[106, 109]
[89, 106]
[38, 106]
[21, 106]
[48, 73]
[48, 89]
[48, 74]
[73, 100]
[38, 100]
[21, 100]
[78, 100]
[67, 100]
[26, 100]
[29, 100]
[99, 100]
[72, 100]
[69, 100]
[83, 100]
[97, 100]
[92, 100]
[48, 78]
[39, 67]
[7, 67]
[10, 67]
[3, 67]
[67, 98]
[35, 98]
[35, 47]
[47, 67]
[36, 67]
[40, 67]
[8, 67]
[16, 67]
[50, 67]
[64, 67]
[67, 87]
[67, 71]
[22, 67]
[4, 67]
[67, 109]
[67, 89]
[48, 67]
[8, 60]
[36, 60]
[38, 67]
[100, 108]
[10, 26]
[17, 26]
[26, 61]
[24, 45]
[6, 45]
[10, 45]
[11, 45]
[3, 45]
[36, 45]
[45, 47]
[13, 45]
[45, 50]
[8, 45]
[45, 65]
[45, 98]
[43, 45]
[45, 81]
[45, 87]
[45, 68]
[22, 45]
[4, 45]
[44, 45]
[2, 45]
[21, 45]
[45, 67]
[26, 45]
[29, 45]
[45, 46]
[45, 99]
[45, 72]
[45, 90]
[45, 69]
[41, 45]
[45, 108]
[45, 107]
[45, 94]
[45, 102]
[25, 45]
[45, 74]
[28, 45]
[45, 100]
[45, 106]
[45, 86]
[45, 53]
[45, 59]
[45, 80]
[45, 54]
[45, 88]
[37, 45]
[45, 82]
[45, 56]
[45, 95]
[45, 76]
[45, 77]
[45, 58]
[45, 55]
[27, 45]
[60, 71]
[17, 60]
[3, 60]
[47, 60]
[50, 60]
[60, 65]
[60, 98]
[60, 64]
[60, 81]
[60, 87]
[60, 68]
[4, 60]
[44, 60]
[2, 60]
[21, 60]
[60, 78]
[60, 67]
[29, 60]
[46, 60]
[60, 72]
[60, 69]
[60, 85]
[60, 83]
[60, 108]
[16, 23]
[6, 23]
[13, 23]
[23, 43]
[23, 87]
[17, 23]
[22, 23]
[2, 23]
[23, 78]
[23, 67]
[23, 38]
[23, 26]
[26, 51]
[3, 26]
[26, 36]
[26, 40]
[16, 105]
[51, 105]
[26, 39]
[26, 49]
[26, 38]
[3, 52]
[5, 52]
[40, 52]
[47, 52]
[39, 52]
[49, 52]
[52, 64]
[52, 81]
[52, 87]
[4, 52]
[21, 52]
[52, 67]
[52, 89]
[46, 52]
[23, 52]
[52, 99]
[52, 72]
[52, 90]
[52, 69]
[52, 83]
[41, 52]
[52, 97]
[35, 52]
[52, 108]
[52, 107]
[52, 63]
[52, 74]
[28, 52]
[52, 106]
[9, 52]
[52, 86]
[34, 52]
[52, 75]
[32, 52]
[26, 43]
[26, 68]
[26, 44]
[26, 71]
[22, 26]
[26, 73]
[2, 26]
[21, 26]
[26, 78]
[26, 67]
[29, 73]
[17, 29]
[29, 84]
[24, 29]
[15, 103]
[44, 91]
[13, 91]
[40, 91]
[7, 91]
[47, 91]
[8, 91]
[65, 91]
[84, 91]
[61, 91]
[64, 91]
[81, 91]
[87, 91]
[22, 91]
[4, 91]
[73, 91]
[91, 104]
[2, 91]
[78, 91]
[67, 91]
[48, 91]
[38, 91]
[46, 91]
[91, 99]
[85, 91]
[91, 92]
[91, 108]
[60, 91]
[91, 107]
[91, 94]
[63, 91]
[6, 29]
[30, 68]
[4, 30]
[2, 30]
[21, 30]
[30, 78]
[30, 67]
[30, 109]
[30, 89]
[30, 38]
[29, 30]
[23, 30]
[30, 72]
[30, 90]
[30, 107]
[25, 30]
[28, 30]
[9, 30]
[30, 86]
[30, 53]
[30, 32]
[30, 76]
[0, 30]
[30, 31]
[30, 33]
[30, 93]
[30, 85]
[30, 94]
[30, 91]
[30, 74]
[30, 75]
[30, 80]
[30, 103]
[30, 88]
[26, 106]
[60, 106]
[46, 73]
[39, 41]
[39, 53]
[15, 53]
[10, 41]
[18, 41]
[41, 49]
[6, 41]
[7, 41]
[5, 41]
[5, 12]
[6, 12]
[1, 12]
[12, 14]
[12, 18]
[41, 51]
[40, 41]
[16, 41]
[41, 65]
[41, 84]
[24, 37]
[37, 40]
[7, 37]
[37, 68]
[37, 47]
[16, 37]
[37, 49]
[37, 65]
[37, 84]
[37, 64]
[37, 87]
[37, 71]
[4, 37]
[37, 44]
[21, 37]
[37, 41]
[37, 81]
[37, 106]
[37, 42]
[37, 62]
[37, 69]
[37, 83]
[37, 46]
[37, 92]
[35, 37]
[37, 63]
[37, 78]
[37, 67]
[23, 37]
[37, 90]
[28, 37]
[9, 37]
[41, 43]
[12, 43]
[12, 24]
[12, 40]
[7, 12]
[41, 61]
[41, 64]
[22, 41]
[4, 41]
[2, 41]
[26, 41]
[41, 81]
[16, 42]
[18, 42]
[5, 42]
[42, 47]
[13, 42]
[44, 59]
[18, 59]
[1, 59]
[10, 59]
[51, 59]
[5, 59]
[47, 59]
[42, 84]
[42, 61]
[42, 87]
[42, 68]
[42, 71]
[22, 42]
[4, 42]
[2, 42]
[42, 109]
[42, 73]
[42, 106]
[21, 59]
[21, 99]
[21, 69]
[16, 99]
[5, 99]
[10, 99]
[15, 99]
[1, 99]
[99, 109]
[13, 99]
[24, 99]
[47, 99]
[48, 99]
[48, 69]
[48, 83]
[48, 97]
[48, 108]
[48, 102]
[48, 75]
[48, 85]
[48, 94]
[48, 80]
[48, 88]
[48, 82]
[48, 101]
[48, 79]
[48, 56]
[48, 103]
[48, 66]
[48, 95]
[48, 77]
[10, 77]
[7, 77]
[5, 77]
[40, 77]
[24, 77]
[16, 77]
[8, 77]
[65, 77]
[77, 84]
[61, 77]
[64, 77]
[77, 87]
[17, 77]
[4, 77]
[77, 81]
[22, 77]
[77, 98]
[73, 77]
[2, 77]
[23, 77]
[72, 77]
[77, 90]
[77, 99]
[28, 77]
[46, 77]
[38, 77]
[54, 77]
[62, 77]
[9, 77]
[77, 86]
[34, 77]
[30, 77]
[42, 77]
[32, 77]
[77, 97]
[67, 77]
[77, 93]
[0, 77]
[31, 77]
[25, 77]
[37, 77]
[27, 77]
[75, 77]
[77, 85]
[74, 77]
[77, 94]
[77, 91]
[77, 80]
[77, 88]
[77, 101]
[77, 79]
[56, 77]
[77, 103]
[66, 77]
[6, 66]
[7, 66]
[51, 66]
[3, 66]
[5, 66]
[47, 66]
[16, 66]
[57, 66]
[13, 66]
[39, 66]
[50, 66]
[8, 66]
[65, 66]
[61, 66]
[64, 66]
[17, 66]
[4, 66]
[22, 66]
[66, 98]
[66, 73]
[66, 89]
[2, 66]
[21, 66]
[26, 66]
[23, 66]
[41, 66]
[52, 66]
[28, 66]
[35, 66]
[46, 66]
[66, 69]
[38, 66]
[9, 66]
[66, 86]
[53, 66]
[30, 66]
[42, 66]
[32, 66]
[66, 102]
[66, 83]
[66, 100]
[66, 107]
[58, 66]
[66, 76]
[0, 66]
[66, 108]
[37, 66]
[27, 66]
[33, 66]
[66, 75]
[66, 91]
[66, 80]
[66, 88]
[66, 82]
[66, 101]
[56, 66]
[1, 56]
[10, 56]
[6, 56]
[24, 56]
[16, 56]
[13, 56]
[39, 56]
[8, 56]
[56, 65]
[56, 61]
[56, 64]
[4, 56]
[56, 109]
[56, 81]
[43, 56]
[56, 71]
[2, 56]
[41, 56]
[52, 56]
[56, 99]
[56, 106]
[28, 56]
[46, 56]
[38, 56]
[56, 78]
[56, 63]
[56, 60]
[56, 59]
[56, 86]
[34, 56]
[30, 56]
[42, 56]
[32, 56]
[56, 102]
[56, 83]
[56, 97]
[56, 100]
[56, 107]
[55, 56]
[56, 76]
[31, 56]
[25, 56]
[33, 56]
[56, 74]
[56, 80]
[56, 88]
[56, 101]
[56, 79]
[6, 79]
[7, 79]
[5, 79]
[24, 79]
[47, 79]
[16, 79]
[8, 79]
[65, 79]
[4, 79]
[79, 81]
[71, 79]
[22, 79]
[79, 89]
[2, 79]
[21, 79]
[23, 79]
[41, 79]
[79, 90]
[52, 79]
[29, 79]
[79, 106]
[28, 79]
[46, 79]
[59, 79]
[54, 79]
[53, 79]
[34, 79]
[30, 79]
[42, 79]
[32, 79]
[35, 79]
[79, 97]
[38, 79]
[79, 92]
[79, 100]
[79, 108]
[37, 79]
[27, 79]
[74, 79]
[79, 91]
[79, 96]
[79, 105]
[67, 79]
[79, 107]
[25, 79]
[79, 80]
[10, 80]
[6, 80]
[7, 80]
[51, 80]
[47, 80]
[16, 80]
[57, 80]
[39, 80]
[64, 80]
[80, 87]
[17, 80]
[80, 109]
[68, 80]
[71, 80]
[44, 80]
[26, 80]
[72, 80]
[80, 99]
[69, 80]
[2, 80]
[62, 80]
[80, 98]
[80, 106]
[28, 80]
[59, 80]
[53, 80]
[42, 80]
[32, 80]
[41, 80]
[80, 83]
[54, 80]
[58, 80]
[55, 80]
[12, 80]
[80, 97]
[80, 101]
[38, 80]
[76, 80]
[31, 80]
[37, 80]
[74, 80]
[80, 96]
[80, 107]
[1, 107]
[15, 107]
[51, 107]
[3, 107]
[36, 107]
[5, 107]
[24, 107]
[50, 107]
[8, 107]
[84, 107]
[61, 107]
[4, 107]
[107, 109]
[68, 107]
[44, 107]
[89, 107]
[9, 107]
[86, 107]
[90, 107]
[29, 107]
[34, 107]
[75, 107]
[26, 107]
[98, 107]
[85, 107]
[82, 107]
[0, 107]
[107, 108]
[33, 107]
[27, 107]
[25, 107]
[62, 107]
[42, 107]
[2, 107]
[83, 107]
[54, 107]
[12, 107]
[97, 107]
[101, 107]
[76, 107]
[31, 107]
[15, 31]
[6, 31]
[7, 31]
[31, 36]
[5, 31]
[31, 47]
[31, 57]
[31, 50]
[31, 49]
[8, 31]
[31, 65]
[31, 61]
[31, 64]
[31, 87]
[17, 31]
[22, 31]
[31, 73]
[31, 89]
[21, 31]
[31, 78]
[31, 45]
[31, 102]
[31, 52]
[31, 98]
[31, 85]
[9, 31]
[31, 86]
[31, 108]
[31, 81]
[31, 67]
[31, 75]
[31, 93]
[31, 88]
[31, 33]
[31, 91]
[25, 31]
[31, 41]
[31, 38]
[28, 31]
[31, 53]
[31, 32]
[2, 31]
[31, 54]
[31, 58]
[31, 55]
[31, 76]
[18, 76]
[15, 76]
[6, 76]
[7, 76]
[51, 76]
[5, 76]
[40, 76]
[24, 76]
[47, 76]
[16, 76]
[39, 76]
[8, 76]
[65, 76]
[76, 84]
[76, 87]
[17, 76]
[4, 76]
[76, 109]
[43, 76]
[68, 76]
[71, 76]
[72, 76]
[76, 99]
[69, 76]
[23, 76]
[29, 76]
[76, 78]
[76, 102]
[52, 76]
[46, 76]
[26, 76]
[76, 98]
[35, 76]
[76, 92]
[67, 76]
[34, 76]
[75, 76]
[76, 100]
[63, 76]
[76, 93]
[33, 76]
[25, 76]
[62, 76]
[28, 76]
[53, 76]
[42, 76]
[32, 76]
[76, 83]
[58, 76]
[76, 101]
[18, 101]
[10, 101]
[7, 101]
[5, 101]
[16, 101]
[39, 101]
[8, 101]
[65, 101]
[84, 101]
[87, 101]
[69, 101]
[89, 101]
[90, 101]
[29, 101]
[21, 101]
[101, 102]
[60, 101]
[35, 101]
[85, 101]
[81, 101]
[30, 101]
[93, 101]
[88, 101]
[82, 101]
[0, 101]
[38, 101]
[101, 106]
[28, 101]
[53, 101]
[54, 101]
[55, 101]
[12, 101]
[12, 36]
[12, 47]
[12, 13]
[12, 39]
[12, 49]
[8, 12]
[12, 61]
[12, 64]
[12, 87]
[4, 12]
[12, 68]
[12, 22]
[12, 44]
[12, 72]
[12, 99]
[12, 69]
[12, 104]
[12, 23]
[12, 90]
[12, 46]
[12, 26]
[12, 86]
[12, 34]
[12, 45]
[12, 94]
[12, 27]
[12, 91]
[12, 41]
[12, 67]
[12, 62]
[12, 93]
[12, 82]
[12, 32]
[2, 12]
[12, 33]
[12, 83]
[12, 25]
[12, 38]
[12, 106]
[12, 28]
[12, 54]
[12, 55]
[15, 55]
[10, 55]
[51, 55]
[5, 55]
[55, 57]
[55, 65]
[17, 55]
[55, 109]
[55, 71]
[55, 89]
[55, 78]
[55, 102]
[52, 55]
[36, 55]
[47, 55]
[13, 55]
[39, 55]
[8, 55]
[55, 87]
[43, 55]
[55, 68]
[44, 55]
[55, 108]
[23, 55]
[55, 90]
[46, 55]
[55, 92]
[55, 81]
[34, 55]
[42, 55]
[27, 55]
[55, 85]
[55, 91]
[55, 97]
[55, 105]
[53, 55]
[55, 93]
[55, 88]
[0, 55]
[2, 55]
[33, 55]
[25, 55]
[38, 55]
[55, 106]
[28, 55]
[9, 28]
[28, 86]
[28, 34]
[28, 75]
[28, 59]
[28, 42]
[29, 42]
[41, 67]
[42, 67]
[91, 106]
[23, 106]
[23, 42]
[74, 76]
[9, 67]
[74, 101]
[41, 74]
[9, 21]
[42, 74]
[23, 74]
[15, 29]
[29, 57]
[1, 29]
[72, 74]
[72, 106]
[18, 72]
[5, 72]
[72, 87]
[44, 72]
[7, 72]
[21, 72]
[64, 72]
[43, 72]
[39, 72]
[71, 72]
[65, 72]
[17, 72]
[72, 78]
[26, 72]
[72, 84]
[38, 72]
[68, 72]
[72, 109]
[67, 72]
[9, 72]
[72, 97]
[103, 109]
[32, 91]
[32, 71]
[32, 43]
[7, 32]
[7, 29]
[5, 29]
[18, 29]
[15, 32]
[32, 87]
[29, 109]
[32, 109]
[5, 32]
[29, 50]
[21, 32]
[29, 64]
[32, 49]
[13, 29]
[32, 64]
[29, 43]
[22, 32]
[29, 61]
[26, 29]
[29, 65]
[4, 29]
[29, 89]
[59, 71]
[16, 59]
[59, 64]
[13, 59]
[59, 65]
[4, 59]
[59, 73]
[59, 68]
[38, 59]
[59, 78]
[59, 89]
[59, 109]
[41, 59]
[59, 67]
[23, 59]
[59, 74]
[29, 59]
[38, 69]
[6, 69]
[24, 69]
[5, 69]
[47, 69]
[1, 69]
[68, 69]
[39, 69]
[32, 63]
[49, 63]
[11, 63]
[10, 63]
[47, 63]
[5, 63]
[63, 98]
[50, 63]
[21, 63]
[63, 104]
[43, 63]
[63, 71]
[4, 63]
[63, 89]
[8, 63]
[2, 63]
[41, 63]
[63, 67]
[23, 63]
[63, 97]
[63, 103]
[63, 99]
[63, 90]
[42, 63]
[9, 63]
[63, 74]
[63, 72]
[63, 102]
[63, 94]
[63, 83]
[63, 95]
[0, 63]
[58, 63]
[62, 63]
[27, 63]
[69, 106]
[51, 69]
[54, 84]
[10, 54]
[15, 69]
[69, 87]
[18, 69]
[49, 69]
[22, 69]
[36, 69]
[61, 69]
[69, 73]
[2, 69]
[41, 69]
[23, 69]
[59, 69]
[35, 50]
[35, 87]
[35, 57]
[10, 35]
[2, 35]
[35, 68]
[35, 36]
[24, 35]
[21, 35]
[35, 40]
[15, 35]
[35, 71]
[42, 60]
[9, 60]
[7, 35]
[74, 94]
[2, 94]
[18, 94]
[5, 94]
[10, 94]
[1, 94]
[47, 94]
[44, 94]
[21, 94]
[4, 94]
[73, 94]
[17, 94]
[78, 94]
[6, 94]
[89, 94]
[8, 94]
[94, 109]
[94, 106]
[23, 94]
[59, 94]
[94, 97]
[94, 103]
[90, 94]
[42, 94]
[9, 94]
[53, 94]
[86, 94]
[34, 94]
[94, 108]
[16, 35]
[35, 49]
[35, 38]
[35, 64]
[3, 35]
[35, 61]
[35, 65]
[4, 35]
[35, 73]
[26, 35]
[6, 35]
[29, 35]
[35, 41]
[35, 74]
[35, 59]
[35, 69]
[17, 97]
[44, 97]
[18, 97]
[1, 97]
[68, 97]
[13, 97]
[7, 97]
[79, 95]
[50, 97]
[59, 97]
[71, 97]
[71, 103]
[39, 103]
[39, 97]
[21, 97]
[58, 84]
[18, 58]
[5, 58]
[47, 58]
[1, 58]
[58, 87]
[44, 58]
[15, 58]
[7, 58]
[21, 58]
[58, 64]
[13, 58]
[58, 81]
[22, 58]
[43, 58]
[4, 58]
[58, 73]
[28, 58]
[6, 58]
[8, 58]
[29, 58]
[2, 58]
[58, 106]
[41, 58]
[58, 74]
[23, 58]
[35, 58]
[58, 103]
[58, 99]
[58, 92]
[9, 58]
[58, 60]
[53, 58]
[34, 58]
[58, 102]
[58, 83]
[58, 100]
[54, 58]
[24, 97]
[16, 97]
[49, 97]
[37, 38]
[31, 37]
[12, 37]
[37, 55]
[37, 101]
[37, 74]
[38, 99]
[38, 53]
[38, 86]
[32, 38]
[38, 108]
[25, 38]
[38, 85]
[0, 38]
[38, 54]
[38, 70]
[38, 92]
[81, 97]
[22, 97]
[3, 97]
[51, 97]
[10, 103]
[19, 103]
[102, 109]
[44, 102]
[47, 102]
[5, 102]
[87, 102]
[15, 102]
[7, 102]
[78, 102]
[8, 102]
[72, 102]
[64, 102]
[4, 102]
[26, 102]
[73, 102]
[16, 102]
[22, 102]
[36, 102]
[39, 102]
[67, 102]
[41, 102]
[60, 102]
[61, 102]
[65, 102]
[35, 102]
[86, 102]
[34, 102]
[32, 102]
[102, 108]
[36, 97]
[97, 106]
[43, 97]
[61, 97]
[65, 97]
[29, 97]
[39, 99]
[73, 99]
[17, 99]
[78, 99]
[71, 99]
[84, 99]
[4, 99]
[26, 99]
[2, 99]
[41, 99]
[61, 99]
[65, 99]
[42, 97]
[42, 59]
[42, 99]
[53, 109]
[28, 53]
[44, 53]
[47, 53]
[1, 53]
[17, 53]
[53, 64]
[53, 87]
[21, 53]
[43, 53]
[53, 78]
[53, 84]
[4, 53]
[53, 73]
[2, 53]
[41, 53]
[53, 61]
[53, 65]
[53, 60]
[29, 53]
[53, 97]
[35, 53]
[53, 59]
[53, 99]
[42, 53]
[17, 86]
[64, 86]
[6, 86]
[47, 86]
[5, 86]
[24, 86]
[86, 89]
[40, 103]
[11, 103]
[86, 109]
[21, 86]
[84, 86]
[22, 86]
[86, 106]
[4, 86]
[26, 86]
[16, 86]
[71, 86]
[41, 86]
[61, 86]
[65, 86]
[29, 86]
[86, 97]
[59, 86]
[34, 39]
[34, 57]
[24, 34]
[34, 47]
[34, 87]
[34, 44]
[17, 34]
[15, 34]
[7, 34]
[6, 34]
[3, 34]
[34, 36]
[34, 78]
[34, 84]
[34, 91]
[4, 34]
[2, 34]
[34, 71]
[34, 41]
[34, 60]
[34, 72]
[34, 99]
[34, 86]
[6, 32]
[6, 90]
[39, 90]
[16, 90]
[15, 90]
[44, 90]
[64, 90]
[13, 90]
[90, 106]
[71, 90]
[41, 90]
[68, 90]
[67, 90]
[90, 109]
[78, 90]
[84, 90]
[2, 90]
[29, 90]
[65, 90]
[90, 97]
[35, 90]
[42, 90]
[9, 109]
[9, 106]
[9, 26]
[9, 78]
[4, 9]
[103, 106]
[42, 69]
[69, 99]
[59, 103]
[16, 103]
[18, 103]
[87, 103]
[44, 103]
[7, 103]
[98, 103]
[103, 107]
[50, 103]
[64, 103]
[51, 103]
[13, 103]
[81, 103]
[22, 103]
[36, 103]
[89, 103]
[28, 103]
[6, 103]
[29, 103]
[67, 103]
[55, 103]
[26, 103]
[78, 103]
[12, 103]
[2, 103]
[35, 103]
[92, 109]
[44, 92]
[57, 92]
[11, 92]
[1, 92]
[16, 92]
[53, 74]
[29, 92]
[13, 92]
[50, 92]
[5, 92]
[47, 92]
[39, 92]
[43, 92]
[40, 92]
[92, 98]
[73, 92]
[41, 92]
[21, 92]
[17, 92]
[84, 92]
[49, 92]
[22, 92]
[89, 92]
[65, 92]
[6, 92]
[67, 92]
[59, 92]
[69, 92]
[86, 92]
[32, 68]
[68, 93]
[44, 93]
[17, 32]
[32, 84]
[19, 93]
[1, 93]
[57, 93]
[40, 93]
[93, 104]
[45, 93]
[8, 93]
[91, 93]
[73, 93]
[41, 93]
[21, 93]
[17, 93]
[49, 93]
[3, 93]
[51, 93]
[36, 93]
[28, 93]
[6, 93]
[71, 93]
[3, 32]
[32, 36]
[28, 32]
[32, 61]
[90, 103]
[90, 92]
[32, 78]
[32, 65]
[4, 32]
[2, 32]
[9, 35]
[2, 9]
[9, 90]
[32, 69]
[9, 74]
[32, 74]
[74, 90]
[9, 23]
[23, 32]
[23, 90]
[32, 86]
[16, 108]
[68, 75]
[75, 106]
[64, 75]
[44, 75]
[41, 75]
[67, 75]
[27, 64]
[85, 103]
[18, 85]
[21, 75]
[43, 75]
[59, 75]
[85, 106]
[33, 106]
[75, 99]
[22, 75]
[82, 106]
[93, 106]
[29, 75]
[51, 85]
[5, 85]
[33, 64]
[42, 75]
[33, 37]
[15, 85]
[23, 34]
[85, 87]
[34, 69]
[34, 90]
[32, 34]
[34, 62]
[34, 82]
[27, 34]
[34, 96]
[32, 53]
[22, 85]
[10, 85]
[1, 85]
[8, 85]
[17, 85]
[35, 85]
[39, 85]
[73, 85]
[67, 85]
[68, 85]
[21, 85]
[78, 85]
[6, 85]
[3, 85]
[41, 85]
[85, 86]
[32, 85]
[16, 33]
[24, 33]
[33, 57]
[1, 33]
[13, 33]
[33, 38]
[5, 33]
[8, 33]
[33, 47]
[90, 102]
[33, 71]
[70, 102]
[33, 91]
[33, 98]
[33, 102]
[93, 102]
[23, 102]
[59, 85]
[29, 85]
[60, 100]
[33, 94]
[33, 52]
[33, 89]
[28, 33]
[33, 51]
[18, 33]
[33, 49]
[3, 33]
[4, 33]
[32, 33]
[33, 41]
[33, 43]
[33, 53]
[33, 61]
[89, 93]
[17, 108]
[62, 92]
[36, 62]
[52, 62]
[57, 62]
[47, 62]
[62, 102]
[83, 102]
[95, 106]
[10, 95]
[20, 95]
[19, 95]
[95, 107]
[11, 95]
[47, 95]
[16, 95]
[87, 95]
[95, 98]
[52, 95]
[80, 95]
[43, 95]
[66, 95]
[8, 95]
[76, 95]
[94, 95]
[17, 95]
[71, 95]
[5, 95]
[13, 95]
[24, 95]
[50, 95]
[73, 95]
[84, 95]
[67, 95]
[68, 95]
[42, 95]
[55, 95]
[3, 95]
[65, 95]
[95, 109]
[28, 95]
[51, 95]
[95, 99]
[26, 95]
[7, 95]
[72, 95]
[60, 95]
[12, 95]
[85, 95]
[4, 95]
[21, 95]
[22, 95]
[61, 95]
[90, 95]
[64, 95]
[32, 95]
[78, 83]
[2, 75]
[34, 75]
[75, 95]
[37, 75]
[75, 83]
[61, 75]
[75, 102]
[74, 75]
[9, 75]
[46, 75]
[0, 75]
[75, 108]
[25, 75]
[58, 75]
[61, 62]
[61, 93]
[61, 82]
[15, 62]
[8, 62]
[24, 62]
[62, 81]
[62, 73]
[62, 84]
[39, 62]
[62, 67]
[62, 109]
[28, 62]
[26, 62]
[6, 62]
[62, 78]
[35, 62]
[62, 97]
[4, 62]
[62, 90]
[53, 62]
[62, 100]
[62, 69]
[23, 62]
[42, 62]
[59, 62]
[62, 65]
[27, 52]
[15, 27]
[27, 47]
[1, 27]
[27, 57]
[8, 27]
[27, 91]
[27, 84]
[27, 44]
[18, 27]
[27, 94]
[17, 27]
[6, 27]
[5, 27]
[24, 27]
[13, 27]
[27, 73]
[3, 27]
[27, 41]
[27, 89]
[27, 109]
[27, 28]
[27, 51]
[26, 27]
[27, 36]
[27, 60]
[27, 35]
[27, 85]
[27, 86]
[4, 27]
[27, 53]
[27, 100]
[27, 69]
[27, 32]
[27, 99]
[27, 71]
[27, 42]
[27, 43]
[21, 27]
[27, 29]
[2, 27]
[27, 65]
[33, 62]
[27, 33]
[33, 83]
[1, 83]
[10, 83]
[47, 83]
[83, 87]
[15, 83]
[8, 83]
[5, 83]
[24, 83]
[81, 83]
[13, 83]
[18, 83]
[83, 84]
[39, 83]
[68, 83]
[83, 103]
[83, 97]
[67, 83]
[42, 83]
[59, 83]
[22, 83]
[29, 83]
[2, 83]
[83, 89]
[83, 109]
[26, 83]
[7, 83]
[72, 83]
[21, 83]
[65, 83]
[83, 108]
[74, 83]
[69, 83]
[46, 83]
[25, 83]
[83, 105]
[9, 83]
[83, 95]
[62, 83]
[0, 83]
[54, 83]
[27, 83]
[83, 96]
[1, 96]
[19, 96]
[57, 96]
[47, 96]
[87, 96]
[77, 96]
[56, 96]
[66, 96]
[48, 96]
[8, 96]
[96, 101]
[17, 96]
[5, 96]
[24, 96]
[16, 96]
[50, 96]
[13, 96]
[68, 96]
[91, 96]
[38, 96]
[51, 96]
[6, 96]
[43, 96]
[92, 96]
[90, 96]
[71, 96]
[67, 96]
[23, 96]
[89, 96]
[96, 109]
[37, 96]
[29, 96]
[49, 96]
[53, 96]
[26, 96]
[42, 96]
[28, 96]
[78, 96]
[72, 96]
[60, 96]
[96, 97]
[96, 100]
[88, 96]
[96, 108]
[25, 96]
[9, 96]
[95, 96]
[62, 96]
[62, 74]
[62, 82]
[62, 105]
[25, 62]
[62, 95]
[0, 62]
[62, 88]
[62, 70]
[19, 70]
[11, 70]
[57, 70]
[70, 87]
[30, 70]
[70, 77]
[70, 98]
[70, 104]
[70, 79]
[52, 70]
[48, 70]
[8, 70]
[70, 76]
[70, 101]
[17, 70]
[70, 81]
[16, 70]
[18, 70]
[70, 84]
[39, 70]
[68, 70]
[55, 70]
[70, 91]
[12, 70]
[70, 85]
[44, 70]
[41, 70]
[70, 99]
[6, 70]
[43, 70]
[64, 70]
[70, 86]
[23, 70]
[2, 70]
[70, 109]
[36, 70]
[7, 70]
[70, 103]
[49, 70]
[53, 70]
[26, 70]
[28, 70]
[70, 78]
[34, 70]
[60, 70]
[61, 70]
[70, 75]
[70, 100]
[70, 83]
[70, 74]
[46, 70]
[70, 96]
[70, 95]
[95, 108]
[9, 95]
[74, 95]
[25, 95]
[1, 25]
[25, 57]
[25, 40]
[25, 98]
[25, 104]
[8, 25]
[17, 25]
[5, 25]
[24, 25]
[25, 81]
[16, 25]
[18, 25]
[25, 73]
[25, 39]
[25, 91]
[25, 41]
[25, 51]
[6, 25]
[25, 64]
[25, 86]
[25, 67]
[23, 25]
[25, 109]
[25, 36]
[25, 59]
[25, 103]
[25, 49]
[25, 42]
[25, 78]
[25, 72]
[25, 61]
[25, 27]
[25, 97]
[25, 108]
[9, 25]
[25, 82]
[25, 74]
[25, 46]
[25, 54]
[1, 54]
[47, 54]
[8, 54]
[24, 54]
[50, 54]
[18, 54]
[54, 99]
[54, 64]
[4, 54]
[54, 90]
[54, 67]
[23, 54]
[54, 106]
[2, 54]
[54, 89]
[54, 59]
[22, 54]
[9, 34]
[9, 33]
[9, 53]
[27, 102]
[27, 58]
[27, 74]
[9, 27]
[43, 82]
[72, 82]
[21, 82]
[82, 84]
[30, 82]
[24, 82]
[67, 82]
[16, 82]
[52, 82]
[82, 94]
[10, 82]
[40, 82]
[72, 105]
[24, 105]
[48, 105]
[56, 105]
[1, 105]
[66, 105]
[77, 105]
[81, 105]
[38, 105]
[87, 105]
[11, 105]
[67, 105]
[89, 105]
[94, 105]
[50, 105]
[84, 105]
[17, 105]
[47, 105]
[44, 105]
[63, 105]
[49, 105]
[71, 105]
[5, 105]
[65, 105]
[7, 105]
[22, 105]
[103, 105]
[86, 105]
[37, 105]
[61, 105]
[85, 105]
[25, 105]
[28, 105]
[32, 105]
[8, 105]
[75, 105]
[99, 105]
[3, 105]
[73, 105]
[102, 105]
[74, 105]
[9, 105]
[27, 105]
[82, 105]
[54, 105]
[105, 108]
[68, 82]
[15, 82]
[82, 97]
[44, 82]
[18, 82]
[60, 82]
[47, 82]
[51, 82]
[63, 82]
[26, 82]
[49, 82]
[5, 82]
[65, 82]
[78, 82]
[22, 82]
[82, 103]
[82, 92]
[35, 82]
[69, 82]
[2, 82]
[29, 82]
[37, 82]
[82, 85]
[23, 82]
[82, 100]
[28, 82]
[32, 82]
[74, 82]
[72, 93]
[93, 96]
[93, 109]
[63, 93]
[26, 93]
[7, 93]
[78, 93]
[4, 93]
[93, 100]
[60, 93]
[69, 93]
[86, 93]
[90, 93]
[37, 93]
[23, 93]
[32, 93]
[53, 93]
[58, 93]
[33, 93]
[74, 93]
[9, 93]
[27, 93]
[82, 93]
[46, 81]
[38, 46]
[41, 46]
[24, 46]
[13, 46]
[10, 46]
[46, 102]
[42, 46]
[17, 46]
[46, 84]
[18, 46]
[21, 46]
[44, 46]
[46, 68]
[46, 51]
[46, 109]
[36, 46]
[7, 46]
[6, 46]
[39, 46]
[22, 46]
[46, 92]
[46, 69]
[43, 46]
[46, 85]
[8, 46]
[46, 99]
[33, 46]
[46, 74]
[9, 46]
[27, 46]
[46, 93]
[54, 100]
[42, 54]
[24, 88]
[38, 88]
[54, 93]
[54, 61]
[54, 60]
[26, 54]
[54, 78]
[54, 69]
[29, 54]
[28, 54]
[54, 75]
[53, 54]
[9, 54]
[27, 54]
[46, 54]
[108, 109]
[15, 108]
[41, 108]
[1, 108]
[67, 108]
[18, 108]
[10, 108]
[97, 108]
[51, 108]
[5, 108]
[65, 108]
[39, 108]
[103, 108]
[92, 108]
[35, 108]
[86, 108]
[2, 108]
[64, 108]
[85, 108]
[32, 108]
[8, 108]
[73, 108]
[59, 108]
[90, 108]
[23, 108]
[26, 108]
[78, 108]
[29, 108]
[27, 108]
[46, 108]
[88, 108]
[47, 88]
[18, 88]
[41, 88]
[87, 88]
[46, 88]
[60, 88]
[52, 88]
[39, 88]
[17, 88]
[63, 88]
[71, 88]
[65, 88]
[88, 92]
[35, 88]
[86, 88]
[43, 88]
[37, 88]
[64, 88]
[85, 88]
[32, 88]
[8, 88]
[73, 88]
[4, 88]
[58, 88]
[33, 88]
[42, 88]
[78, 88]
[69, 88]
[29, 88]
[61, 88]
[88, 100]
[28, 88]
[75, 88]
[88, 93]
[54, 88]
[0, 44]
[0, 18]
[0, 40]
[0, 24]
[0, 45]
[0, 98]
[0, 67]
[0, 19]
[0, 104]
[0, 52]
[0, 91]
[0, 13]
[0, 50]
[0, 97]
[0, 17]
[0, 47]
[0, 72]
[0, 109]
[0, 36]
[0, 65]
[0, 6]
[0, 39]
[0, 103]
[0, 92]
[0, 2]
[0, 64]
[0, 32]
[0, 8]
[0, 3]
[0, 34]
[0, 4]
[0, 59]
[0, 102]
[0, 33]
[0, 74]
[0, 23]
[0, 29]
[0, 61]
[0, 100]
[0, 28]
[0, 27]
[0, 93]
[0, 54]
[0, 108]
