[5, 6]
[1, 6]
[2, 5]
[3, 5]
[2, 17]
[3, 17]
[5, 17]
[4, 17]
[3, 4]
[1, 4]
[6, 16]
[5, 16]
[3, 16]
[8, 16]
[11, 16]
[14, 16]
[3, 7]
[1, 2]
[2, 8]
[4, 8]
[5, 8]
[6, 18]
[3, 18]
[1, 18]
[5, 18]
[8, 18]
[11, 18]
[18, 26]
[18, 23]
[16, 18]
[18, 30]
[18, 25]
[7, 8]
[6, 12]
[7, 12]
[2, 12]
[7, 17]
[6, 17]
[9, 17]
[5, 12]
[5, 10]
[5, 14]
[8, 12]
[3, 12]
[3, 15]
[3, 13]
[3, 10]
[3, 14]
[12, 15]
[6, 15]
[7, 15]
[2, 15]
[16, 17]
[17, 24]
[4, 13]
[7, 13]
[8, 13]
[13, 15]
[6, 10]
[2, 10]
[17, 28]
[17, 26]
[1, 10]
[12, 14]
[2, 14]
[17, 27]
[17, 19]
[6, 14]
[7, 14]
[17, 25]
[17, 22]
[1, 14]
[13, 14]
[17, 20]
[17, 33]
[10, 14]
[12, 31]
[4, 31]
[10, 31]
[6, 9]
[7, 9]
[9, 13]
[14, 31]
[3, 31]
[4, 11]
[7, 11]
[10, 11]
[5, 11]
[5, 9]
[3, 9]
[9, 31]
[5, 23]
[3, 23]
[4, 23]
[1, 23]
[7, 23]
[12, 23]
[13, 23]
[10, 23]
[16, 23]
[9, 23]
[0, 15]
[0, 8]
[0, 1]
[0, 5]
[0, 3]
[0, 14]
[0, 11]
[0, 16]
[0, 9]
[0, 23]
[5, 29]
[7, 29]
[1, 29]
[4, 29]
[8, 29]
[12, 29]
[15, 29]
[13, 29]
[14, 29]
[11, 29]
[9, 29]
[6, 30]
[4, 30]
[4, 20]
[2, 20]
[1, 30]
[7, 30]
[5, 30]
[12, 30]
[15, 30]
[10, 30]
[14, 30]
[3, 30]
[16, 30]
[23, 30]
[0, 30]
[6, 21]
[2, 21]
[17, 18]
[6, 32]
[4, 32]
[1, 32]
[7, 32]
[8, 32]
[13, 32]
[15, 32]
[5, 32]
[12, 32]
[31, 32]
[11, 32]
[29, 32]
[1, 21]
[13, 21]
[10, 21]
[15, 21]
[12, 21]
[3, 21]
[16, 21]
[9, 21]
[0, 21]
[21, 29]
[5, 34]
[7, 34]
[2, 34]
[10, 34]
[15, 34]
[16, 34]
[9, 34]
[0, 34]
[30, 34]
[29, 34]
[21, 34]
[4, 24]
[4, 19]
[13, 19]
[21, 24]
[16, 24]
[1, 24]
[12, 19]
[19, 31]
[8, 24]
[12, 24]
[14, 24]
[3, 24]
[0, 24]
[24, 29]
[5, 28]
[10, 28]
[6, 28]
[1, 28]
[8, 28]
[13, 28]
[28, 31]
[23, 28]
[0, 28]
[28, 30]
[28, 34]
[24, 28]
[8, 26]
[4, 26]
[2, 26]
[9, 26]
[14, 26]
[15, 26]
[13, 26]
[26, 31]
[23, 26]
[0, 26]
[26, 32]
[26, 29]
[21, 26]
[26, 34]
[24, 26]
[9, 27]
[5, 27]
[7, 27]
[2, 27]
[8, 27]
[13, 27]
[10, 27]
[15, 27]
[16, 27]
[23, 27]
[27, 30]
[27, 29]
[26, 27]
[16, 19]
[9, 19]
[19, 23]
[19, 32]
[19, 34]
[19, 28]
[19, 26]
[10, 25]
[7, 25]
[4, 25]
[1, 25]
[15, 25]
[12, 25]
[11, 25]
[16, 25]
[0, 25]
[25, 32]
[25, 34]
[24, 25]
[25, 28]
[25, 26]
[25, 27]
[19, 25]
[14, 33]
[6, 33]
[6, 20]
[5, 20]
[7, 20]
[20, 31]
[16, 20]
[0, 20]
[20, 34]
[9, 20]
[20, 21]
[15, 20]
[20, 30]
[19, 20]
[20, 29]
[11, 20]
[20, 28]
[9, 33]
[5, 33]
[8, 33]
[12, 33]
[3, 33]
[23, 33]
[25, 33]
[27, 33]
[2, 33]
[15, 33]
[30, 33]
[19, 33]
[29, 33]
[11, 33]
[28, 33]
[6, 22]
[4, 22]
[8, 22]
[13, 22]
[10, 22]
[22, 24]
[22, 27]
[2, 22]
[7, 22]
[16, 22]
[0, 22]
[15, 22]
[22, 30]
[11, 22]
[22, 28]
[20, 22]
[22, 33]
