[4, 5]
[2, 5]
[1, 5]
[2, 4]
[1, 4]
[3, 4]
[1, 3]
[1, 6]
[2, 6]
[5, 6]
[4, 7]
[3, 7]
[1, 7]
[6, 15]
[4, 15]
[11, 15]
[13, 15]
[6, 7]
[2, 8]
[1, 8]
[6, 8]
[4, 9]
[3, 9]
[5, 9]
[6, 9]
[8, 9]
[6, 10]
[3, 10]
[7, 10]
[9, 10]
[8, 10]
[3, 12]
[1, 12]
[8, 12]
[10, 12]
[9, 14]
[3, 14]
[4, 11]
[3, 11]
[5, 11]
[11, 12]
[11, 14]
[4, 13]
[2, 13]
[7, 13]
[10, 13]
[13, 14]
[6, 13]
[11, 13]
[4, 24]
[2, 24]
[5, 24]
[15, 24]
[11, 24]
[2, 29]
[3, 29]
[1, 29]
[12, 29]
[11, 29]
[13, 29]
[24, 29]
[7, 27]
[3, 27]
[15, 27]
[10, 27]
[6, 27]
[11, 27]
[13, 27]
[24, 27]
[27, 29]
[5, 28]
[4, 28]
[15, 28]
[8, 28]
[6, 28]
[11, 28]
[13, 28]
[27, 28]
[4, 26]
[3, 26]
[2, 26]
[10, 26]
[6, 26]
[13, 26]
[24, 26]
[26, 27]
[5, 25]
[4, 25]
[1, 25]
[7, 25]
[15, 25]
[8, 25]
[10, 25]
[14, 25]
[13, 25]
[24, 25]
[25, 29]
[25, 27]
[3, 23]
[1, 23]
[6, 23]
[2, 23]
[7, 23]
[8, 23]
[10, 23]
[11, 23]
[23, 24]
[23, 29]
[23, 28]
[4, 22]
[2, 22]
[5, 22]
[7, 22]
[10, 22]
[14, 22]
[6, 22]
[13, 22]
[22, 24]
[22, 29]
[22, 27]
[22, 23]
[15, 21]
[11, 21]
[21, 24]
[21, 29]
[21, 27]
[21, 26]
[21, 25]
[5, 20]
[15, 20]
[10, 20]
[12, 20]
[13, 20]
[20, 24]
[20, 26]
[20, 23]
[4, 19]
[1, 19]
[5, 19]
[7, 19]
[15, 19]
[10, 19]
[19, 29]
[19, 27]
[19, 28]
[19, 25]
[19, 21]
[5, 18]
[3, 18]
[2, 18]
[6, 18]
[15, 18]
[7, 18]
[10, 18]
[12, 18]
[11, 18]
[13, 18]
[18, 28]
[18, 26]
[18, 25]
[18, 23]
[18, 22]
[18, 21]
[18, 20]
[18, 19]
[5, 17]
[3, 17]
[15, 17]
[12, 17]
[6, 17]
[13, 17]
[17, 24]
[17, 29]
[17, 27]
[17, 18]
[5, 16]
[3, 16]
[9, 16]
[15, 16]
[10, 16]
[14, 16]
[11, 16]
[16, 24]
[16, 25]
[16, 21]
[16, 20]
[16, 19]
[16, 18]
[0, 5]
[0, 3]
[0, 1]
[0, 7]
[0, 9]
[0, 15]
[0, 8]
[0, 10]
[0, 14]
[0, 6]
[0, 11]
[0, 24]
[0, 27]
[0, 23]
[0, 21]
[0, 18]
[0, 28]
[0, 16]
