[5, 6, 17]
[3, 5, 17]
[3, 5, 9]
[5, 6, 9]
[12, 15, 21]
[3, 15, 21]
[3, 5, 16]
[3, 5, 10]
[2, 5, 10]
[5, 6, 10]
[1, 6, 10]
[1, 2, 10]
[2, 15, 20]
[6, 15, 20]
[7, 15, 20]
[5, 6, 20]
[2, 5, 8]
[2, 5, 17]
[5, 17, 27]
[2, 10, 21]
[1, 10, 21]
[5, 10, 11]
[5, 10, 14]
[2, 5, 14]
[5, 10, 30]
[5, 14, 30]
[5, 23, 30]
[5, 12, 30]
[5, 10, 23]
[2, 5, 12]
[1, 2, 21]
[5, 12, 14]
[2, 12, 21]
[6, 10, 21]
[1, 6, 21]
[5, 18, 30]
[5, 11, 18]
[5, 18, 23]
[5, 8, 18]
[3, 5, 18]
[5, 6, 18]
[5, 17, 18]
[5, 6, 30]
[5, 6, 14]
[5, 12, 23]
[5, 8, 12]
[5, 10, 34]
[2, 5, 34]
[5, 6, 12]
[5, 6, 32]
[5, 30, 34]
[5, 9, 27]
[5, 9, 34]
[5, 9, 23]
[5, 8, 32]
[5, 11, 32]
[5, 12, 32]
[5, 8, 27]
[5, 10, 27]
[2, 5, 27]
[5, 27, 30]
[5, 23, 27]
[3, 5, 14]
[3, 5, 12]
[3, 5, 30]
[3, 5, 23]
[9, 19, 34]
[7, 9, 34]
[7, 15, 34]
[7, 11, 22]
[7, 8, 22]
[5, 29, 34]
[9, 26, 34]
[5, 29, 32]
[5, 12, 29]
[5, 11, 29]
[7, 17, 27]
[2, 17, 27]
[9, 13, 27]
[9, 23, 27]
[7, 9, 27]
[9, 26, 27]
[5, 9, 29]
[5, 27, 29]
[5, 14, 29]
[5, 9, 17]
[5, 8, 29]
[7, 9, 17]
[6, 9, 17]
[7, 9, 13]
[9, 13, 26]
[7, 8, 13]
[7, 13, 14]
[7, 13, 32]
[8, 13, 32]
[4, 13, 32]
[4, 8, 13]
[4, 8, 24]
[12, 14, 24]
[12, 14, 30]
[2, 12, 14]
[12, 14, 31]
[12, 19, 31]
[1, 4, 25]
[4, 11, 25]
[1, 18, 25]
[11, 18, 25]
[7, 12, 25]
[12, 19, 25]
[12, 24, 25]
[1, 10, 25]
[5, 6, 28]
[1, 6, 28]
[6, 10, 28]
[3, 7, 13]
[3, 13, 23]
[3, 13, 14]
[3, 4, 13]
[3, 13, 15]
[7, 13, 23]
[7, 13, 15]
[13, 15, 22]
[4, 13, 19]
[13, 19, 23]
[4, 13, 23]
[1, 25, 32]
[4, 25, 32]
[13, 19, 32]
[13, 15, 32]
[13, 26, 32]
[13, 15, 27]
[13, 23, 27]
[7, 13, 27]
[13, 22, 27]
[13, 26, 27]
[4, 13, 22]
[4, 13, 29]
[13, 14, 29]
[7, 13, 22]
[4, 13, 26]
[13, 14, 26]
[10, 21, 34]
[2, 21, 34]
[1, 21, 24]
[12, 21, 24]
[2, 15, 21]
[15, 21, 34]
[6, 12, 21]
[6, 15, 21]
[3, 12, 21]
[3, 21, 24]
[2, 5, 33]
[5, 11, 33]
[5, 14, 33]
[5, 30, 33]
[13, 15, 21]
[3, 13, 21]
[5, 16, 18]
[5, 11, 16]
[3, 10, 21]
[13, 19, 26]
[13, 23, 26]
[10, 11, 25]
[4, 19, 25]
[7, 11, 25]
[7, 25, 34]
[19, 25, 34]
[4, 19, 31]
[1, 2, 14]
[2, 10, 14]
[13, 15, 26]
[2, 15, 34]
[15, 30, 34]
[0, 25, 34]
[0, 1, 25]
[0, 11, 25]
[0, 24, 25]
[0, 15, 25]
[0, 1, 24]
[0, 14, 24]
[0, 21, 24]
[0, 21, 34]
[0, 1, 21]
[0, 15, 21]
[0, 3, 21]
[0, 21, 26]
[0, 9, 21]
[0, 30, 34]
[0, 23, 30]
[0, 1, 23]
[0, 5, 23]
[0, 5, 30]
[0, 5, 14]
[0, 5, 11]
[0, 5, 34]
[0, 3, 5]
[0, 5, 9]
[0, 25, 26]
[0, 23, 26]
[0, 14, 26]
[0, 26, 34]
[0, 15, 26]
[9, 13, 23]
[8, 13, 22]
[13, 15, 29]
[2, 5, 20]
[5, 11, 20]
[7, 20, 29]
[7, 14, 29]
[13, 27, 29]
[2, 8, 33]
[2, 12, 33]
[12, 14, 33]
[8, 12, 33]
[8, 22, 33]
[8, 27, 33]
[5, 8, 33]
[4, 8, 26]
[2, 8, 26]
[7, 8, 12]
[7, 8, 27]
[7, 8, 32]
[7, 20, 22]
[7, 17, 20]
[7, 20, 30]
[7, 11, 20]
[4, 8, 22]
[2, 8, 22]
[8, 18, 26]
[8, 13, 26]
[8, 12, 32]
[7, 12, 32]
[7, 12, 30]
[2, 8, 12]
[4, 8, 32]
[2, 8, 27]
[8, 26, 32]
[15, 20, 30]
[4, 20, 30]
[4, 20, 31]
[4, 11, 20]
[4, 19, 20]
[19, 20, 31]
[4, 17, 20]
[17, 19, 20]
[2, 17, 20]
[2, 20, 21]
[15, 20, 21]
[4, 20, 22]
[11, 20, 22]
[20, 22, 30]
[2, 20, 22]
[17, 20, 22]
[15, 20, 22]
[6, 17, 20]
[6, 20, 30]
[6, 20, 21]
[6, 20, 22]
[6, 17, 18]
[0, 1, 14]
[0, 1, 30]
[0, 14, 30]
[0, 1, 28]
[0, 23, 28]
[2, 12, 15]
[12, 15, 32]
[2, 15, 27]
[12, 15, 30]
[15, 27, 30]
[2, 15, 22]
[15, 22, 27]
[15, 22, 30]
[6, 12, 15]
[6, 15, 32]
[6, 15, 30]
[6, 15, 22]
[4, 17, 19]
[1, 4, 23]
[1, 18, 23]
[4, 19, 23]
[1, 10, 14]
[12, 19, 23]
[1, 4, 32]
[4, 31, 32]
[4, 11, 32]
[4, 19, 32]
[7, 30, 34]
[2, 27, 33]
[23, 27, 33]
[27, 30, 33]
[23, 30, 33]
[14, 30, 33]
[12, 30, 33]
[2, 14, 33]
[19, 23, 33]
[7, 27, 30]
[7, 23, 27]
[3, 7, 30]
[3, 18, 30]
[3, 4, 30]
[3, 4, 31]
[3, 14, 30]
[3, 14, 31]
[3, 7, 14]
[3, 23, 30]
[3, 18, 23]
[3, 4, 23]
[5, 28, 30]
[6, 18, 30]
[1, 6, 18]
[1, 6, 30]
[6, 14, 30]
[28, 30, 33]
[19, 28, 33]
[25, 28, 33]
[17, 25, 28]
[17, 28, 33]
[23, 28, 33]
[19, 25, 28]
[22, 28, 33]
[0, 24, 28]
[0, 22, 24]
[6, 15, 33]
[15, 22, 33]
[15, 27, 33]
[15, 30, 33]
[2, 15, 33]
[12, 15, 33]
[12, 19, 33]
[7, 14, 30]
[10, 14, 31]
[10, 14, 30]
[19, 26, 31]
[4, 26, 31]
[8, 16, 18]
[11, 16, 18]
[16, 18, 30]
[14, 16, 30]
[5, 20, 30]
[5, 17, 20]
[8, 13, 27]
[8, 12, 24]
[8, 22, 24]
[8, 16, 24]
[8, 24, 29]
[8, 24, 28]
[8, 22, 27]
[4, 23, 30]
[18, 23, 30]
[1, 10, 23]
[10, 23, 30]
[1, 10, 30]
[1, 23, 30]
[7, 23, 30]
[1, 18, 30]
[1, 4, 30]
[1, 14, 30]
[19, 31, 32]
[7, 11, 32]
[23, 27, 30]
[2, 10, 27]
[10, 27, 30]
[16, 21, 34]
[16, 19, 34]
[16, 30, 34]
[16, 20, 34]
[7, 20, 34]
[20, 30, 34]
[10, 30, 34]
[2, 10, 34]
[15, 20, 34]
[20, 21, 34]
[19, 20, 34]
[2, 20, 34]
[7, 29, 34]
[7, 12, 14]
[7, 12, 23]
[5, 12, 33]
[5, 27, 33]
[5, 23, 33]
[5, 17, 33]
[5, 6, 33]
[5, 14, 16]
[2, 22, 33]
[11, 22, 33]
[22, 30, 33]
[17, 22, 33]
[4, 17, 22]
[2, 17, 22]
[4, 11, 22]
[10, 11, 22]
[2, 10, 22]
[10, 22, 30]
[4, 22, 30]
[7, 22, 30]
[7, 17, 22]
[7, 15, 22]
[7, 15, 30]
[7, 15, 32]
[5, 20, 34]
[12, 23, 30]
[12, 19, 32]
[12, 31, 32]
[7, 12, 15]
[15, 21, 26]
[2, 15, 26]
[15, 26, 32]
[15, 26, 34]
[15, 26, 27]
[15, 25, 26]
[4, 25, 26]
[18, 25, 26]
[19, 25, 26]
[17, 25, 26]
[25, 26, 32]
[25, 26, 34]
[25, 26, 27]
[24, 25, 26]
[4, 24, 26]
[14, 24, 26]
[21, 24, 26]
[17, 24, 26]
[8, 24, 26]
[0, 24, 26]
[0, 8, 26]
[4, 19, 26]
[2, 14, 26]
[14, 26, 31]
[4, 23, 26]
[18, 23, 26]
[19, 23, 26]
[2, 21, 26]
[13, 21, 26]
[4, 17, 26]
[17, 18, 26]
[17, 19, 26]
[2, 17, 26]
[4, 26, 32]
[19, 26, 32]
[26, 31, 32]
[19, 26, 34]
[2, 26, 34]
[21, 26, 34]
[17, 19, 33]
[2, 17, 33]
[12, 23, 33]
[12, 25, 33]
[11, 25, 33]
[19, 25, 33]
[17, 25, 33]
[4, 17, 25]
[17, 18, 25]
[17, 19, 25]
[19, 25, 32]
[11, 25, 32]
[7, 25, 32]
[7, 17, 25]
[10, 25, 34]
[12, 25, 32]
[3, 12, 14]
[3, 12, 31]
[3, 12, 23]
[3, 12, 30]
[3, 12, 33]
[3, 7, 12]
[3, 7, 23]
[3, 7, 17]
[3, 4, 17]
[3, 17, 18]
[3, 17, 33]
[3, 14, 33]
[3, 23, 33]
[3, 30, 33]
[3, 5, 33]
[3, 10, 14]
[3, 10, 31]
[3, 10, 23]
[3, 10, 30]
[3, 15, 30]
[3, 15, 33]
[3, 7, 15]
[3, 12, 15]
[12, 15, 25]
[15, 25, 32]
[15, 25, 34]
[15, 25, 33]
[7, 15, 25]
[6, 10, 14]
[6, 10, 30]
[6, 22, 30]
[6, 10, 22]
[1, 6, 14]
[6, 17, 22]
[1, 6, 32]
[6, 12, 32]
[6, 12, 14]
[6, 12, 30]
[6, 12, 33]
[6, 14, 33]
[6, 30, 33]
[6, 22, 33]
[6, 17, 33]
[6, 9, 33]
[6, 9, 20]
[6, 9, 21]
[9, 20, 21]
[9, 20, 31]
[9, 13, 21]
[5, 9, 20]
[9, 19, 20]
[9, 19, 31]
[9, 19, 23]
[9, 13, 19]
[9, 17, 19]
[9, 17, 20]
[9, 20, 34]
[9, 21, 34]
[9, 23, 33]
[17, 27, 33]
[22, 27, 33]
[16, 20, 30]
[11, 16, 20]
[16, 20, 21]
[16, 18, 23]
[16, 23, 30]
[16, 19, 20]
[16, 19, 23]
[16, 17, 18]
[16, 17, 20]
[16, 17, 19]
[3, 16, 30]
[3, 16, 18]
[3, 14, 16]
[3, 16, 21]
[3, 16, 23]
[3, 16, 17]
[5, 16, 20]
[5, 16, 30]
[5, 8, 16]
[5, 16, 23]
[5, 16, 34]
[5, 16, 17]
[16, 27, 30]
[8, 16, 27]
[16, 23, 27]
[7, 8, 29]
[8, 13, 29]
[7, 13, 29]
[7, 29, 32]
[8, 29, 33]
[11, 29, 33]
[14, 29, 33]
[12, 29, 33]
[15, 29, 33]
[5, 29, 33]
[1, 14, 29]
[1, 24, 29]
[4, 24, 29]
[12, 24, 29]
[14, 24, 29]
[21, 24, 29]
[24, 26, 29]
[1, 21, 29]
[13, 21, 29]
[12, 21, 29]
[20, 21, 29]
[7, 11, 29]
[11, 29, 32]
[10, 23, 27]
[0, 3, 9]
[0, 9, 20]
[0, 9, 34]
[0, 9, 23]
[0, 9, 26]
[3, 9, 31]
[3, 9, 13]
[3, 7, 9]
[3, 9, 17]
[3, 9, 33]
[9, 19, 33]
[9, 17, 33]
[9, 17, 27]
[9, 27, 33]
[7, 9, 23]
[3, 9, 23]
[5, 9, 33]
[7, 9, 20]
[3, 9, 21]
[9, 26, 31]
[9, 19, 26]
[9, 23, 26]
[9, 21, 26]
[9, 17, 26]
[9, 13, 29]
[9, 29, 34]
[7, 9, 29]
[9, 20, 29]
[9, 21, 29]
[9, 29, 33]
[9, 27, 29]
[9, 26, 29]
[11, 16, 25]
[16, 18, 25]
[5, 6, 16]
[6, 16, 30]
[6, 16, 18]
[6, 14, 16]
[6, 16, 22]
[16, 22, 30]
[11, 16, 22]
[6, 16, 21]
[8, 16, 22]
[5, 28, 33]
[8, 28, 33]
[6, 28, 33]
[8, 13, 28]
[16, 25, 34]
[16, 17, 22]
[16, 17, 25]
[16, 20, 22]
[16, 19, 25]
[5, 16, 27]
[16, 17, 27]
[16, 22, 27]
[7, 15, 27]
[7, 22, 27]
[2, 22, 27]
[22, 27, 30]
[25, 27, 33]
[7, 25, 27]
[15, 25, 27]
[10, 22, 27]
[0, 3, 24]
[0, 8, 24]
[0, 16, 24]
[1, 4, 24]
[1, 14, 24]
[3, 14, 24]
[3, 4, 24]
[3, 12, 24]
[4, 22, 24]
[6, 16, 20]
[2, 26, 27]
[16, 21, 24]
[8, 26, 27]
[14, 16, 24]
[3, 16, 24]
[16, 22, 24]
[4, 17, 24]
[3, 17, 24]
[17, 22, 24]
[16, 17, 24]
[6, 16, 17]
[23, 26, 27]
[17, 22, 27]
[17, 26, 27]
[6, 28, 30]
[6, 22, 28]
[6, 17, 28]
[1, 10, 28]
[0, 20, 34]
[17, 20, 28]
[20, 28, 34]
[20, 28, 30]
[28, 30, 34]
[1, 28, 30]
[10, 28, 30]
[23, 28, 30]
[22, 28, 30]
[5, 28, 34]
[19, 28, 34]
[17, 19, 28]
[19, 28, 31]
[13, 19, 28]
[19, 23, 28]
[13, 23, 28]
[1, 23, 28]
[5, 17, 28]
[5, 10, 28]
[0, 28, 34]
[25, 28, 34]
[10, 28, 34]
[1, 25, 28]
[10, 25, 28]
[24, 25, 28]
[10, 23, 28]
[1, 24, 28]
[17, 24, 28]
[10, 28, 31]
[5, 23, 28]
[5, 8, 28]
[13, 22, 28]
[10, 22, 28]
[17, 22, 28]
[22, 24, 28]
[8, 22, 28]
[0, 5, 28]
[0, 8, 28]
[0, 28, 30]
[0, 25, 28]
[0, 22, 28]
[19, 20, 28]
[6, 20, 28]
[20, 28, 31]
[5, 20, 28]
[20, 22, 28]
[0, 20, 28]
[7, 12, 29]
[15, 21, 29]
[4, 11, 29]
[1, 4, 29]
[4, 29, 32]
[1, 29, 32]
[7, 15, 29]
[8, 12, 29]
[12, 15, 29]
[12, 14, 29]
[12, 29, 32]
[8, 26, 29]
[4, 24, 25]
[1, 24, 25]
[17, 24, 25]
[0, 15, 30]
[0, 3, 15]
[0, 15, 22]
[0, 16, 21]
[0, 11, 16]
[0, 14, 16]
[26, 29, 32]
[0, 11, 22]
[0, 16, 22]
[0, 22, 30]
[0, 16, 23]
[0, 3, 23]
[0, 3, 16]
[0, 3, 14]
[13, 26, 29]
[4, 26, 29]
[13, 29, 32]
[0, 16, 25]
[0, 5, 16]
[0, 16, 30]
[0, 3, 30]
[16, 24, 25]
[0, 5, 8]
[0, 8, 22]
[0, 8, 16]
[14, 26, 29]
[21, 26, 29]
[8, 29, 32]
[4, 8, 29]
[15, 26, 29]
[15, 29, 32]
[0, 20, 21]
[0, 15, 34]
[0, 16, 34]
[15, 29, 34]
[26, 29, 34]
[21, 29, 34]
[20, 29, 34]
[0, 15, 20]
[0, 11, 20]
[0, 20, 22]
[10, 25, 27]
[27, 29, 33]
[0, 20, 30]
[0, 5, 20]
[17, 25, 27]
[16, 25, 27]
[0, 16, 20]
[11, 20, 29]
[8, 27, 29]
[15, 20, 29]
[5, 20, 29]
[26, 27, 29]
[4, 20, 29]
[15, 27, 29]
[7, 27, 29]
