[9, 26, 51]
[3, 26, 51]
[3, 4, 10]
[2, 4, 10]
[1, 4, 10]
[2, 3, 10]
[1, 3, 10]
[13, 52, 54]
[7, 52, 54]
[4, 52, 54]
[11, 52, 54]
[12, 52, 54]
[14, 52, 54]
[26, 52, 54]
[33, 52, 54]
[38, 52, 54]
[39, 52, 54]
[45, 52, 54]
[42, 52, 54]
[7, 30, 52]
[3, 7, 22]
[1, 3, 22]
[3, 13, 22]
[3, 8, 13]
[1, 3, 13]
[1, 3, 5]
[3, 7, 39]
[3, 23, 39]
[3, 22, 39]
[3, 5, 39]
[5, 21, 39]
[1, 21, 39]
[9, 18, 49]
[1, 9, 18]
[7, 18, 24]
[1, 5, 40]
[8, 24, 40]
[20, 35, 40]
[5, 20, 40]
[1, 20, 40]
[12, 20, 40]
[20, 30, 40]
[20, 23, 40]
[20, 40, 48]
[20, 37, 40]
[20, 40, 42]
[20, 40, 54]
[1, 5, 20]
[5, 20, 33]
[1, 20, 33]
[1, 20, 35]
[20, 33, 35]
[15, 20, 35]
[1, 20, 32]
[20, 32, 33]
[20, 22, 32]
[20, 30, 32]
[20, 23, 32]
[13, 20, 32]
[20, 30, 35]
[20, 23, 35]
[19, 20, 35]
[20, 35, 37]
[1, 15, 20]
[5, 15, 20]
[6, 8, 31]
[1, 6, 31]
[6, 31, 49]
[10, 20, 25]
[3, 10, 20]
[7, 17, 18]
[1, 17, 18]
[3, 8, 31]
[1, 3, 31]
[3, 39, 52]
[3, 36, 39]
[2, 3, 39]
[1, 3, 39]
[3, 39, 49]
[3, 39, 41]
[3, 39, 50]
[3, 33, 39]
[3, 13, 39]
[3, 39, 42]
[3, 39, 47]
[39, 46, 52]
[7, 39, 52]
[39, 45, 52]
[39, 50, 52]
[15, 39, 52]
[12, 39, 52]
[37, 39, 52]
[30, 39, 52]
[33, 39, 52]
[13, 39, 52]
[39, 42, 52]
[39, 47, 52]
[36, 39, 46]
[7, 36, 39]
[1, 36, 39]
[36, 39, 49]
[36, 39, 41]
[34, 39, 46]
[7, 34, 39]
[29, 34, 39]
[29, 39, 46]
[16, 39, 46]
[1, 39, 46]
[1, 9, 39]
[1, 34, 39]
[1, 16, 39]
[1, 39, 40]
[9, 16, 39]
[7, 16, 39]
[16, 39, 40]
[9, 39, 49]
[9, 39, 42]
[39, 42, 46]
[34, 39, 42]
[16, 39, 49]
[5, 39, 40]
[5, 39, 46]
[5, 20, 51]
[5, 44, 51]
[5, 34, 51]
[5, 14, 51]
[0, 5, 51]
[5, 26, 51]
[2, 5, 51]
[5, 50, 51]
[5, 12, 51]
[5, 37, 51]
[5, 17, 51]
[5, 43, 44]
[5, 34, 43]
[1, 5, 26]
[5, 26, 34]
[5, 14, 26]
[5, 14, 43]
[14, 30, 32]
[5, 14, 40]
[5, 34, 46]
[14, 22, 32]
[13, 14, 52]
[5, 28, 34]
[5, 28, 44]
[11, 29, 34]
[11, 24, 34]
[11, 15, 34]
[11, 15, 29]
[0, 11, 16]
[11, 16, 24]
[9, 11, 16]
[5, 12, 37]
[2, 5, 37]
[5, 20, 37]
[5, 14, 37]
[6, 16, 25]
[6, 9, 25]
[6, 24, 25]
[6, 25, 29]
[6, 25, 34]
[6, 8, 25]
[14, 25, 29]
[14, 30, 31]
[15, 30, 50]
[15, 46, 50]
[1, 15, 46]
[1, 15, 34]
[3, 50, 51]
[13, 50, 51]
[13, 14, 51]
[4, 14, 51]
[4, 34, 51]
[4, 24, 51]
[4, 32, 51]
[4, 22, 51]
[4, 18, 51]
[4, 12, 51]
[12, 19, 51]
[9, 19, 51]
[19, 44, 51]
[8, 26, 51]
[9, 16, 51]
[16, 44, 51]
[16, 24, 51]
[24, 32, 51]
[18, 24, 51]
[8, 24, 51]
[8, 32, 51]
[10, 35, 40]
[10, 16, 35]
[8, 35, 51]
[9, 35, 51]
[24, 35, 51]
[34, 35, 51]
[16, 35, 51]
[14, 35, 51]
[20, 35, 51]
[0, 35, 51]
[26, 35, 51]
[19, 35, 51]
[2, 29, 51]
[2, 44, 51]
[12, 31, 51]
[12, 22, 51]
[2, 18, 51]
[12, 24, 51]
[2, 14, 51]
[12, 29, 51]
[12, 34, 51]
[12, 14, 51]
[12, 20, 51]
[12, 51, 53]
[0, 12, 51]
[12, 41, 51]
[12, 51, 54]
[8, 44, 51]
[8, 31, 51]
[8, 14, 51]
[24, 31, 51]
[22, 32, 51]
[18, 32, 51]
[7, 12, 22]
[12, 22, 31]
[30, 31, 49]
[18, 28, 49]
[28, 43, 49]
[9, 25, 49]
[9, 18, 25]
[18, 25, 49]
[28, 42, 49]
[28, 42, 44]
[28, 34, 42]
[28, 43, 44]
[10, 18, 28]
[28, 34, 43]
[28, 38, 49]
[28, 38, 43]
[18, 28, 38]
[28, 38, 44]
[10, 28, 38]
[28, 34, 38]
[28, 34, 35]
[10, 28, 35]
[28, 35, 38]
[28, 44, 47]
[4, 18, 32]
[4, 32, 33]
[10, 28, 47]
[28, 38, 47]
[31, 49, 53]
[7, 18, 53]
[18, 49, 53]
[27, 49, 53]
[27, 44, 53]
[18, 29, 53]
[29, 44, 53]
[6, 10, 25]
[6, 10, 31]
[6, 42, 49]
[6, 9, 42]
[6, 42, 46]
[6, 34, 42]
[25, 43, 49]
[25, 43, 44]
[27, 43, 49]
[5, 27, 43]
[7, 34, 43]
[25, 34, 43]
[18, 40, 54]
[27, 40, 54]
[6, 49, 54]
[0, 15, 50]
[0, 49, 50]
[0, 18, 50]
[0, 31, 50]
[0, 27, 50]
[0, 50, 53]
[0, 50, 52]
[0, 19, 50]
[0, 42, 50]
[0, 5, 50]
[0, 16, 50]
[38, 49, 50]
[38, 44, 50]
[4, 49, 54]
[4, 7, 54]
[4, 18, 54]
[4, 12, 54]
[4, 12, 34]
[26, 34, 35]
[9, 26, 35]
[10, 20, 35]
[10, 35, 38]
[20, 35, 38]
[14, 26, 35]
[14, 19, 35]
[7, 26, 54]
[18, 26, 54]
[26, 31, 54]
[26, 27, 54]
[20, 27, 54]
[20, 25, 54]
[27, 49, 54]
[25, 49, 54]
[18, 25, 54]
[7, 18, 54]
[18, 49, 54]
[31, 49, 54]
[38, 49, 54]
[7, 38, 54]
[18, 38, 54]
[3, 22, 31]
[3, 20, 22]
[8, 30, 35]
[30, 35, 40]
[27, 30, 40]
[2, 10, 27]
[2, 10, 18]
[2, 10, 25]
[2, 18, 29]
[2, 29, 44]
[2, 25, 29]
[12, 19, 36]
[7, 12, 36]
[5, 12, 36]
[5, 12, 52]
[5, 12, 27]
[5, 12, 20]
[5, 12, 34]
[5, 12, 38]
[5, 12, 46]
[5, 12, 40]
[5, 12, 33]
[5, 12, 15]
[12, 36, 46]
[12, 36, 42]
[7, 12, 52]
[12, 25, 29]
[12, 22, 53]
[12, 20, 22]
[12, 22, 38]
[7, 12, 53]
[12, 31, 53]
[12, 27, 53]
[9, 16, 25]
[16, 25, 44]
[9, 27, 49]
[6, 9, 49]
[6, 25, 49]
[6, 31, 34]
[8, 31, 45]
[6, 22, 32]
[22, 32, 47]
[22, 32, 33]
[38, 46, 52]
[38, 46, 53]
[34, 38, 46]
[29, 34, 46]
[29, 46, 53]
[19, 46, 53]
[19, 38, 46]
[18, 24, 49]
[18, 24, 40]
[24, 35, 40]
[24, 40, 42]
[8, 24, 31]
[8, 24, 25]
[8, 11, 24]
[8, 24, 28]
[6, 8, 24]
[8, 24, 32]
[8, 24, 35]
[8, 24, 42]
[8, 24, 48]
[8, 24, 50]
[8, 24, 37]
[6, 8, 15]
[18, 25, 29]
[25, 29, 44]
[27, 43, 44]
[20, 27, 53]
[20, 27, 40]
[20, 32, 54]
[18, 32, 54]
[3, 20, 32]
[3, 20, 27]
[3, 27, 43]
[3, 27, 49]
[3, 43, 49]
[3, 31, 49]
[3, 7, 43]
[3, 7, 52]
[21, 25, 29]
[17, 21, 29]
[21, 25, 54]
[21, 31, 54]
[21, 27, 54]
[20, 21, 54]
[20, 21, 25]
[19, 20, 21]
[20, 21, 27]
[13, 20, 27]
[13, 20, 25]
[13, 20, 53]
[3, 13, 20]
[20, 25, 48]
[19, 20, 53]
[13, 19, 20]
[13, 20, 54]
[13, 25, 54]
[13, 31, 54]
[13, 18, 54]
[13, 32, 54]
[13, 27, 54]
[13, 27, 53]
[13, 27, 44]
[3, 13, 27]
[16, 27, 49]
[16, 27, 44]
[16, 27, 40]
[16, 35, 40]
[16, 28, 35]
[16, 28, 49]
[16, 25, 49]
[16, 28, 44]
[28, 44, 48]
[25, 44, 48]
[43, 44, 48]
[25, 43, 48]
[18, 25, 48]
[18, 28, 48]
[28, 43, 48]
[18, 40, 48]
[13, 18, 25]
[13, 18, 53]
[13, 31, 53]
[13, 44, 53]
[13, 25, 44]
[13, 18, 32]
[3, 13, 32]
[3, 13, 31]
[3, 13, 52]
[13, 17, 53]
[7, 17, 53]
[13, 19, 53]
[19, 49, 53]
[19, 44, 53]
[17, 44, 53]
[17, 44, 48]
[13, 17, 44]
[13, 19, 44]
[13, 17, 18]
[17, 18, 48]
[17, 18, 53]
[17, 18, 32]
[13, 17, 32]
[7, 16, 17]
[16, 17, 35]
[16, 17, 44]
[16, 19, 44]
[16, 19, 35]
[16, 19, 49]
[16, 19, 46]
[17, 29, 53]
[17, 18, 29]
[17, 29, 44]
[9, 25, 48]
[9, 13, 25]
[9, 13, 27]
[9, 13, 18]
[9, 13, 19]
[9, 19, 35]
[9, 19, 49]
[30, 49, 53]
[7, 30, 53]
[17, 30, 53]
[7, 17, 30]
[17, 30, 35]
[30, 46, 52]
[30, 46, 53]
[20, 30, 53]
[30, 31, 53]
[27, 30, 53]
[27, 30, 49]
[20, 27, 30]
[27, 30, 43]
[7, 30, 43]
[30, 43, 49]
[17, 30, 32]
[10, 20, 40]
[10, 18, 40]
[10, 18, 25]
[10, 27, 40]
[10, 20, 27]
[3, 10, 27]
[3, 10, 31]
[9, 18, 48]
[30, 48, 52]
[17, 30, 48]
[30, 40, 48]
[20, 30, 48]
[30, 31, 48]
[30, 43, 48]
[17, 23, 35]
[17, 23, 53]
[23, 46, 53]
[23, 35, 40]
[20, 23, 53]
[23, 31, 53]
[23, 29, 53]
[17, 23, 29]
[23, 29, 46]
[3, 20, 23]
[3, 23, 31]
[3, 23, 43]
[3, 23, 32]
[17, 23, 32]
[19, 23, 35]
[19, 23, 53]
[19, 23, 46]
[19, 20, 23]
[19, 21, 23]
[17, 21, 23]
[20, 21, 23]
[21, 23, 31]
[21, 23, 29]
[16, 23, 35]
[16, 17, 23]
[16, 23, 46]
[16, 23, 40]
[16, 19, 23]
[9, 16, 19]
[9, 16, 35]
[9, 16, 49]
[9, 16, 27]
[10, 16, 27]
[10, 16, 40]
[10, 16, 25]
[10, 16, 28]
[7, 16, 30]
[16, 30, 35]
[16, 30, 49]
[16, 17, 30]
[16, 30, 46]
[16, 30, 40]
[16, 27, 30]
[26, 27, 30]
[7, 26, 30]
[26, 30, 52]
[26, 30, 35]
[26, 30, 31]
[7, 26, 52]
[7, 18, 26]
[3, 7, 26]
[3, 26, 52]
[3, 26, 31]
[3, 26, 27]
[19, 26, 35]
[9, 19, 26]
[9, 18, 26]
[9, 26, 27]
[12, 40, 54]
[12, 17, 53]
[7, 12, 17]
[12, 46, 52]
[12, 46, 53]
[7, 12, 54]
[12, 25, 54]
[0, 31, 53]
[0, 31, 49]
[8, 17, 32]
[8, 17, 35]
[8, 17, 44]
[8, 25, 44]
[8, 28, 35]
[8, 28, 44]
[12, 20, 25]
[13, 20, 42]
[13, 42, 52]
[13, 42, 54]
[42, 46, 52]
[13, 42, 44]
[6, 24, 42]
[12, 29, 46]
[12, 20, 53]
[12, 20, 54]
[2, 5, 17]
[2, 5, 43]
[2, 5, 44]
[2, 5, 28]
[2, 3, 5]
[2, 5, 27]
[2, 5, 26]
[2, 43, 49]
[2, 43, 44]
[12, 19, 53]
[12, 31, 54]
[12, 19, 46]
[12, 19, 20]
[36, 49, 54]
[7, 36, 54]
[5, 46, 52]
[2, 25, 43]
[21, 36, 54]
[19, 21, 36]
[10, 35, 36]
[19, 35, 36]
[19, 36, 49]
[5, 36, 44]
[5, 21, 36]
[5, 36, 46]
[5, 21, 28]
[19, 45, 46]
[30, 45, 46]
[21, 36, 45]
[35, 36, 45]
[7, 36, 45]
[36, 45, 46]
[10, 36, 45]
[10, 35, 45]
[10, 31, 45]
[10, 25, 45]
[9, 35, 45]
[30, 35, 45]
[7, 30, 45]
[30, 31, 45]
[8, 35, 45]
[8, 44, 45]
[9, 25, 45]
[6, 9, 45]
[6, 31, 45]
[12, 31, 38]
[12, 38, 52]
[12, 20, 38]
[7, 12, 38]
[1, 5, 12]
[12, 20, 27]
[12, 27, 40]
[12, 29, 53]
[11, 13, 20]
[11, 20, 35]
[11, 16, 35]
[11, 18, 32]
[11, 18, 49]
[11, 16, 49]
[11, 29, 44]
[29, 44, 45]
[25, 29, 45]
[21, 29, 45]
[29, 45, 46]
[21, 31, 45]
[25, 44, 45]
[11, 16, 44]
[9, 11, 18]
[8, 35, 40]
[8, 40, 48]
[6, 30, 46]
[8, 31, 48]
[8, 30, 31]
[8, 13, 31]
[8, 30, 40]
[8, 28, 48]
[8, 25, 48]
[8, 30, 48]
[8, 30, 32]
[8, 13, 25]
[8, 13, 32]
[8, 11, 19]
[15, 20, 23]
[5, 21, 34]
[5, 27, 34]
[1, 5, 34]
[5, 33, 34]
[5, 34, 39]
[0, 5, 52]
[5, 33, 52]
[5, 17, 44]
[5, 27, 40]
[11, 17, 44]
[43, 44, 45]
[25, 43, 45]
[11, 17, 18]
[11, 17, 32]
[11, 16, 17]
[11, 17, 35]
[11, 17, 29]
[11, 18, 54]
[11, 32, 54]
[11, 49, 54]
[11, 18, 29]
[9, 11, 49]
[11, 15, 35]
[35, 37, 40]
[28, 35, 37]
[10, 35, 37]
[9, 35, 37]
[18, 28, 37]
[10, 18, 37]
[10, 28, 37]
[28, 37, 48]
[18, 37, 48]
[37, 40, 48]
[37, 44, 48]
[9, 37, 48]
[10, 37, 40]
[18, 37, 40]
[28, 37, 44]
[9, 18, 37]
[21, 28, 37]
[23, 37, 40]
[23, 37, 46]
[21, 23, 37]
[9, 11, 35]
[9, 11, 51]
[11, 32, 51]
[11, 18, 51]
[11, 13, 32]
[11, 13, 18]
[36, 43, 45]
[2, 29, 39]
[7, 43, 45]
[8, 44, 48]
[8, 17, 48]
[42, 48, 52]
[8, 17, 30]
[20, 22, 53]
[2, 18, 48]
[2, 18, 49]
[6, 32, 54]
[6, 31, 54]
[40, 42, 54]
[42, 49, 54]
[26, 42, 54]
[5, 26, 37]
[26, 37, 50]
[2, 26, 37]
[9, 26, 37]
[26, 35, 37]
[26, 37, 52]
[8, 26, 37]
[18, 26, 37]
[3, 5, 26]
[5, 26, 27]
[5, 26, 52]
[5, 26, 50]
[3, 8, 26]
[3, 26, 50]
[26, 30, 50]
[26, 31, 50]
[26, 50, 52]
[26, 27, 50]
[8, 26, 35]
[8, 26, 30]
[8, 26, 31]
[2, 3, 26]
[2, 8, 26]
[3, 8, 32]
[2, 28, 44]
[2, 44, 48]
[6, 17, 22]
[6, 22, 31]
[6, 17, 23]
[6, 16, 17]
[6, 10, 16]
[6, 16, 49]
[6, 16, 46]
[6, 29, 46]
[6, 16, 23]
[6, 23, 46]
[6, 23, 29]
[6, 16, 30]
[6, 30, 49]
[6, 23, 31]
[12, 36, 54]
[12, 22, 36]
[12, 23, 36]
[12, 17, 36]
[12, 36, 37]
[1, 12, 36]
[26, 36, 42]
[23, 36, 42]
[36, 42, 44]
[7, 22, 36]
[7, 36, 43]
[9, 11, 19]
[11, 16, 19]
[11, 19, 44]
[24, 40, 48]
[24, 31, 48]
[0, 13, 27]
[0, 13, 14]
[0, 13, 22]
[0, 13, 19]
[0, 11, 13]
[0, 13, 32]
[0, 13, 53]
[0, 12, 53]
[0, 12, 52]
[0, 12, 14]
[0, 14, 16]
[0, 14, 35]
[0, 13, 52]
[0, 13, 31]
[0, 13, 18]
[0, 13, 33]
[13, 14, 32]
[13, 14, 31]
[3, 11, 32]
[3, 11, 52]
[0, 45, 52]
[0, 35, 45]
[7, 16, 38]
[7, 38, 53]
[16, 38, 44]
[11, 20, 32]
[30, 34, 46]
[11, 34, 35]
[0, 2, 33]
[0, 2, 43]
[0, 11, 52]
[0, 11, 49]
[0, 11, 35]
[0, 11, 32]
[0, 49, 53]
[0, 16, 49]
[0, 16, 35]
[0, 21, 31]
[0, 6, 16]
[0, 6, 49]
[0, 6, 32]
[0, 6, 31]
[0, 6, 45]
[0, 6, 22]
[0, 16, 19]
[0, 19, 53]
[0, 19, 35]
[0, 19, 49]
[0, 19, 21]
[0, 11, 19]
[0, 12, 19]
[0, 12, 31]
[0, 19, 45]
[0, 31, 45]
[0, 21, 45]
[0, 5, 12]
[0, 5, 21]
[0, 5, 28]
[0, 5, 27]
[0, 3, 5]
[0, 5, 43]
[0, 2, 5]
[0, 2, 49]
[0, 2, 13]
[0, 2, 18]
[0, 2, 28]
[0, 2, 48]
[0, 2, 27]
[0, 2, 3]
[0, 3, 31]
[0, 3, 32]
[0, 3, 52]
[0, 3, 11]
[0, 3, 49]
[0, 3, 13]
[0, 3, 27]
[0, 16, 27]
[0, 27, 53]
[0, 21, 27]
[0, 27, 49]
[0, 18, 49]
[0, 18, 53]
[0, 18, 32]
[0, 11, 18]
[0, 18, 28]
[0, 16, 28]
[0, 21, 28]
[0, 28, 35]
[0, 28, 49]
[0, 28, 48]
[0, 31, 48]
[0, 48, 52]
[0, 18, 48]
[0, 43, 48]
[0, 43, 49]
[0, 28, 43]
[0, 27, 43]
[0, 3, 43]
[0, 43, 45]
[0, 12, 27]
[0, 16, 51]
[0, 31, 51]
[0, 51, 53]
[0, 19, 51]
[0, 18, 51]
[0, 32, 51]
[0, 11, 51]
[0, 48, 51]
[0, 6, 51]
[0, 13, 51]
[0, 13, 42]
[0, 42, 52]
[0, 28, 42]
[0, 42, 49]
[0, 12, 42]
[0, 19, 42]
[0, 42, 48]
[0, 6, 42]
[0, 2, 42]
[0, 2, 51]
[0, 3, 51]
[0, 3, 42]
[0, 3, 22]
[0, 22, 31]
[0, 21, 22]
[0, 12, 22]
[0, 22, 53]
[0, 19, 22]
[0, 22, 32]
[0, 22, 48]
[0, 22, 51]
[0, 22, 42]
[0, 4, 22]
[0, 4, 16]
[0, 4, 21]
[0, 4, 52]
[0, 4, 49]
[0, 4, 45]
[0, 4, 12]
[0, 4, 27]
[0, 4, 18]
[0, 4, 32]
[0, 4, 48]
[0, 4, 51]
[0, 2, 4]
[0, 3, 4]
[0, 4, 15]
[0, 15, 21]
[0, 15, 52]
[0, 15, 28]
[0, 5, 15]
[0, 15, 27]
[0, 15, 35]
[0, 11, 15]
[0, 12, 15]
[0, 15, 53]
[0, 15, 48]
[0, 6, 15]
[0, 2, 15]
[0, 13, 15]
[0, 15, 42]
[0, 33, 42]
[0, 18, 33]
[0, 33, 43]
[0, 22, 33]
[0, 32, 33]
[0, 3, 33]
[0, 33, 52]
[0, 21, 33]
[0, 5, 33]
[0, 27, 33]
[0, 33, 35]
[0, 12, 33]
[0, 4, 33]
[0, 33, 37]
[0, 18, 37]
[0, 37, 45]
[0, 22, 37]
[0, 37, 52]
[0, 37, 51]
[0, 21, 37]
[0, 28, 37]
[0, 5, 37]
[0, 35, 37]
[0, 12, 37]
[0, 37, 48]
[0, 6, 37]
[0, 2, 37]
[0, 4, 37]
[0, 13, 37]
[0, 15, 37]
[0, 37, 50]
[0, 22, 50]
[0, 3, 50]
[0, 50, 51]
[0, 2, 50]
[0, 13, 50]
[0, 14, 50]
[0, 14, 43]
[0, 14, 31]
[0, 14, 19]
[0, 14, 32]
[0, 14, 48]
[0, 14, 52]
[0, 14, 45]
[0, 14, 21]
[0, 4, 14]
[0, 14, 51]
[0, 14, 22]
[0, 14, 37]
[0, 5, 14]
[0, 14, 33]
[0, 14, 42]
[0, 2, 14]
[2, 14, 25]
[2, 14, 29]
[2, 14, 26]
[2, 8, 14]
[2, 14, 47]
[2, 14, 43]
[2, 14, 48]
[2, 4, 14]
[2, 14, 37]
[2, 5, 14]
[2, 14, 33]
[2, 14, 42]
[14, 40, 42]
[14, 42, 54]
[14, 23, 42]
[14, 41, 42]
[14, 19, 42]
[14, 42, 52]
[12, 14, 42]
[14, 22, 42]
[14, 26, 42]
[8, 14, 42]
[14, 42, 48]
[14, 40, 48]
[14, 30, 48]
[14, 31, 48]
[14, 25, 48]
[14, 48, 51]
[14, 37, 48]
[4, 14, 48]
[14, 41, 48]
[14, 48, 52]
[14, 43, 48]
[14, 22, 48]
[8, 14, 48]
[8, 14, 40]
[8, 14, 30]
[8, 14, 35]
[8, 14, 31]
[8, 14, 32]
[8, 14, 25]
[8, 14, 19]
[8, 14, 37]
[8, 14, 45]
[4, 8, 14]
[8, 14, 26]
[8, 14, 33]
[7, 14, 33]
[14, 32, 33]
[14, 33, 52]
[14, 33, 35]
[14, 23, 33]
[14, 22, 33]
[5, 14, 33]
[14, 21, 33]
[14, 33, 54]
[14, 33, 41]
[14, 33, 43]
[14, 33, 37]
[1, 14, 33]
[4, 14, 33]
[12, 14, 33]
[14, 33, 42]
[7, 14, 52]
[5, 14, 52]
[14, 47, 52]
[7, 14, 47]
[3, 7, 47]
[3, 10, 47]
[3, 20, 47]
[3, 31, 47]
[31, 47, 53]
[10, 31, 47]
[31, 38, 47]
[46, 47, 53]
[7, 47, 53]
[5, 46, 47]
[5, 44, 47]
[4, 8, 24]
[4, 8, 17]
[10, 20, 47]
[5, 36, 47]
[5, 20, 47]
[5, 28, 47]
[5, 17, 47]
[3, 5, 47]
[5, 39, 47]
[5, 38, 47]
[5, 15, 47]
[15, 46, 47]
[15, 44, 47]
[24, 28, 35]
[18, 24, 28]
[24, 28, 49]
[24, 34, 46]
[2, 28, 43]
[2, 18, 25]
[16, 24, 46]
[16, 24, 35]
[7, 16, 24]
[16, 19, 38]
[19, 36, 46]
[19, 36, 44]
[19, 23, 36]
[44, 47, 53]
[7, 17, 47]
[7, 47, 54]
[20, 47, 54]
[34, 43, 48]
[30, 34, 48]
[30, 43, 45]
[20, 30, 45]
[44, 48, 51]
[9, 48, 51]
[18, 48, 51]
[3, 5, 51]
[17, 48, 51]
[20, 48, 51]
[31, 48, 51]
[44, 51, 53]
[18, 51, 53]
[29, 51, 53]
[17, 51, 53]
[18, 26, 51]
[9, 18, 51]
[18, 29, 51]
[29, 44, 51]
[17, 18, 51]
[17, 29, 51]
[32, 51, 54]
[32, 41, 54]
[23, 32, 41]
[26, 42, 52]
[3, 42, 52]
[9, 11, 26]
[11, 18, 26]
[10, 20, 45]
[20, 35, 45]
[20, 25, 45]
[19, 20, 45]
[9, 19, 45]
[6, 30, 45]
[6, 29, 45]
[6, 10, 45]
[6, 45, 46]
[6, 25, 45]
[6, 8, 45]
[6, 37, 45]
[8, 37, 45]
[37, 44, 45]
[35, 37, 45]
[37, 45, 46]
[10, 37, 45]
[9, 37, 45]
[20, 37, 45]
[4, 37, 45]
[37, 39, 45]
[21, 37, 45]
[36, 37, 45]
[37, 45, 52]
[28, 37, 39]
[37, 39, 46]
[5, 37, 46]
[5, 37, 40]
[5, 27, 44]
[41, 44, 48]
[27, 41, 44]
[28, 41, 44]
[25, 41, 44]
[41, 42, 44]
[38, 41, 44]
[36, 41, 44]
[41, 44, 53]
[37, 41, 44]
[41, 44, 50]
[27, 41, 53]
[41, 49, 53]
[18, 41, 53]
[18, 41, 48]
[18, 28, 41]
[18, 41, 49]
[18, 25, 41]
[18, 38, 41]
[4, 18, 41]
[18, 33, 41]
[1, 18, 41]
[18, 37, 41]
[18, 41, 50]
[18, 24, 41]
[18, 38, 49]
[38, 49, 53]
[3, 5, 43]
[3, 5, 27]
[16, 30, 39]
[2, 3, 42]
[2, 3, 27]
[2, 5, 39]
[2, 3, 43]
[2, 28, 39]
[2, 39, 49]
[2, 10, 28]
[2, 28, 49]
[2, 25, 49]
[2, 27, 49]
[2, 27, 43]
[2, 25, 48]
[2, 28, 48]
[2, 43, 48]
[2, 3, 49]
[2, 3, 38]
[2, 5, 38]
[2, 5, 15]
[2, 5, 50]
[2, 5, 33]
[5, 12, 17]
[20, 21, 45]
[12, 23, 53]
[42, 44, 48]
[21, 25, 45]
[20, 22, 48]
[20, 21, 22]
[7, 22, 53]
[22, 31, 53]
[22, 31, 48]
[25, 34, 48]
[31, 34, 48]
[7, 30, 34]
[27, 30, 34]
[30, 31, 34]
[6, 9, 16]
[25, 29, 34]
[21, 25, 34]
[21, 29, 34]
[21, 31, 34]
[30, 34, 43]
[14, 16, 23]
[7, 14, 16]
[4, 7, 16]
[4, 16, 27]
[4, 16, 40]
[4, 7, 52]
[4, 48, 52]
[4, 10, 16]
[4, 16, 25]
[4, 16, 49]
[4, 16, 17]
[4, 14, 16]
[4, 27, 40]
[4, 10, 40]
[4, 18, 40]
[4, 40, 48]
[4, 25, 48]
[4, 17, 48]
[4, 34, 48]
[4, 18, 48]
[4, 7, 18]
[4, 18, 49]
[4, 18, 25]
[4, 17, 18]
[4, 10, 18]
[4, 10, 25]
[4, 10, 45]
[4, 7, 45]
[4, 25, 45]
[4, 25, 49]
[3, 4, 49]
[3, 4, 7]
[3, 4, 32]
[4, 17, 32]
[4, 7, 17]
[4, 7, 34]
[4, 25, 34]
[4, 27, 34]
[4, 27, 49]
[3, 4, 27]
[4, 10, 27]
[3, 4, 52]
[4, 45, 52]
[4, 7, 22]
[4, 22, 32]
[4, 17, 22]
[3, 4, 22]
[4, 22, 48]
[4, 21, 22]
[4, 21, 25]
[4, 17, 21]
[4, 21, 34]
[4, 21, 27]
[4, 21, 45]
[4, 21, 36]
[4, 7, 36]
[4, 36, 49]
[4, 17, 36]
[4, 22, 36]
[3, 4, 36]
[4, 36, 45]
[4, 10, 36]
[4, 12, 36]
[4, 36, 41]
[4, 36, 37]
[4, 37, 52]
[4, 37, 48]
[4, 21, 37]
[4, 22, 37]
[4, 10, 37]
[4, 18, 37]
[4, 37, 40]
[4, 15, 37]
[4, 12, 37]
[4, 8, 37]
[4, 14, 37]
[4, 37, 51]
[4, 33, 37]
[4, 37, 41]
[2, 4, 37]
[2, 4, 49]
[2, 4, 48]
[2, 4, 25]
[2, 3, 4]
[2, 4, 17]
[2, 4, 18]
[2, 4, 15]
[2, 4, 27]
[2, 4, 8]
[2, 4, 51]
[2, 4, 33]
[4, 7, 33]
[4, 33, 34]
[4, 33, 52]
[4, 21, 33]
[4, 22, 33]
[3, 4, 33]
[4, 18, 33]
[4, 12, 33]
[4, 27, 33]
[4, 8, 33]
[4, 8, 48]
[4, 8, 25]
[4, 12, 25]
[4, 12, 27]
[4, 15, 27]
[4, 15, 34]
[4, 15, 52]
[4, 15, 21]
[4, 15, 48]
[4, 15, 17]
[4, 12, 15]
[4, 7, 12]
[4, 21, 54]
[4, 33, 54]
[4, 27, 54]
[4, 36, 54]
[4, 25, 54]
[4, 32, 54]
[4, 40, 54]
[4, 45, 54]
[4, 14, 54]
[4, 41, 54]
[4, 51, 54]
[4, 8, 45]
[4, 12, 40]
[4, 12, 22]
[4, 12, 52]
[4, 12, 17]
[4, 7, 14]
[4, 14, 52]
[4, 14, 22]
[4, 14, 21]
[4, 14, 25]
[4, 14, 32]
[4, 14, 40]
[4, 14, 45]
[4, 12, 14]
[4, 32, 41]
[4, 21, 41]
[4, 22, 41]
[4, 34, 41]
[4, 41, 49]
[4, 27, 41]
[4, 41, 48]
[4, 25, 41]
[46, 47, 52]
[7, 47, 52]
[11, 47, 52]
[28, 39, 47]
[16, 17, 39]
[6, 17, 30]
[6, 17, 29]
[7, 17, 22]
[17, 47, 53]
[11, 17, 47]
[4, 17, 51]
[17, 22, 48]
[17, 22, 53]
[16, 17, 51]
[6, 17, 51]
[17, 35, 51]
[17, 23, 51]
[11, 17, 51]
[17, 44, 51]
[17, 22, 51]
[12, 17, 23]
[12, 17, 29]
[12, 17, 22]
[12, 17, 51]
[17, 35, 36]
[7, 17, 36]
[17, 36, 44]
[17, 23, 36]
[17, 22, 36]
[5, 17, 36]
[2, 17, 44]
[2, 17, 18]
[2, 17, 48]
[2, 17, 29]
[2, 17, 51]
[19, 26, 42]
[5, 20, 27]
[19, 42, 44]
[19, 20, 42]
[20, 42, 48]
[19, 42, 46]
[19, 42, 49]
[9, 19, 42]
[9, 42, 49]
[9, 26, 42]
[40, 42, 48]
[9, 42, 48]
[3, 42, 49]
[28, 42, 48]
[15, 35, 37]
[15, 28, 37]
[15, 26, 37]
[11, 15, 44]
[15, 37, 44]
[15, 37, 48]
[15, 37, 46]
[15, 20, 37]
[15, 23, 37]
[6, 15, 37]
[15, 37, 50]
[15, 30, 35]
[15, 30, 46]
[15, 30, 48]
[15, 29, 46]
[15, 27, 30]
[15, 28, 35]
[15, 28, 48]
[6, 15, 29]
[6, 15, 46]
[15, 42, 48]
[15, 42, 46]
[36, 39, 45]
[15, 35, 39]
[15, 39, 46]
[3, 20, 42]
[20, 45, 54]
[25, 45, 54]
[7, 45, 54]
[20, 42, 54]
[34, 42, 46]
[34, 42, 48]
[39, 42, 54]
[21, 45, 54]
[31, 45, 54]
[26, 31, 51]
[27, 34, 43]
[6, 9, 51]
[6, 31, 51]
[3, 4, 51]
[4, 48, 51]
[4, 16, 51]
[3, 31, 51]
[13, 31, 51]
[9, 13, 51]
[13, 18, 51]
[6, 29, 51]
[6, 16, 51]
[6, 32, 51]
[19, 26, 51]
[16, 19, 51]
[19, 51, 53]
[31, 51, 53]
[17, 32, 51]
[19, 20, 51]
[20, 51, 53]
[20, 32, 51]
[26, 34, 51]
[2, 26, 51]
[2, 48, 51]
[34, 48, 51]
[31, 34, 51]
[50, 51, 53]
[18, 50, 51]
[23, 51, 53]
[23, 31, 51]
[26, 51, 54]
[14, 51, 54]
[20, 51, 54]
[18, 51, 54]
[31, 51, 54]
[11, 51, 54]
[2, 3, 51]
[14, 26, 51]
[11, 26, 51]
[14, 19, 51]
[14, 31, 51]
[29, 34, 51]
[6, 34, 51]
[6, 22, 51]
[6, 51, 54]
[6, 37, 51]
[6, 24, 51]
[6, 41, 51]
[6, 8, 51]
[11, 34, 51]
[14, 29, 51]
[14, 32, 51]
[24, 48, 51]
[11, 24, 51]
[24, 50, 51]
[24, 34, 51]
[24, 37, 51]
[24, 51, 54]
[14, 16, 51]
[13, 32, 51]
[13, 20, 51]
[11, 20, 51]
[24, 41, 51]
[4, 41, 51]
[18, 41, 51]
[41, 51, 53]
[31, 41, 51]
[41, 44, 51]
[32, 41, 51]
[41, 48, 51]
[14, 41, 51]
[3, 41, 51]
[22, 41, 51]
[41, 50, 51]
[34, 41, 51]
[37, 41, 51]
[41, 51, 54]
[13, 41, 51]
[11, 35, 51]
[11, 16, 51]
[11, 29, 51]
[11, 19, 51]
[13, 19, 51]
[13, 51, 53]
[1, 21, 31]
[1, 4, 21]
[1, 21, 25]
[1, 21, 27]
[1, 21, 28]
[1, 5, 21]
[1, 21, 36]
[1, 21, 33]
[1, 15, 21]
[1, 14, 21]
[1, 18, 25]
[1, 10, 18]
[1, 10, 25]
[1, 4, 25]
[1, 4, 18]
[1, 18, 28]
[1, 10, 27]
[1, 4, 27]
[1, 9, 27]
[1, 9, 25]
[1, 9, 35]
[1, 6, 9]
[1, 9, 16]
[1, 9, 26]
[1, 9, 11]
[1, 12, 25]
[1, 10, 40]
[1, 27, 40]
[1, 4, 40]
[1, 10, 36]
[1, 36, 46]
[1, 4, 36]
[1, 5, 36]
[1, 5, 27]
[1, 5, 46]
[1, 15, 27]
[1, 4, 15]
[1, 5, 15]
[1, 12, 27]
[1, 12, 46]
[1, 4, 12]
[1, 12, 40]
[1, 12, 15]
[8, 11, 51]
[3, 11, 51]
[11, 44, 51]
[3, 8, 51]
[3, 20, 51]
[8, 17, 51]
[17, 21, 47]
[17, 21, 38]
[6, 24, 49]
[6, 24, 46]
[6, 38, 49]
[6, 38, 46]
[6, 10, 38]
[6, 30, 38]
[18, 26, 38]
[2, 18, 26]
[7, 26, 38]
[26, 38, 52]
[5, 21, 38]
[5, 21, 47]
[26, 35, 38]
[26, 35, 36]
[15, 26, 35]
[15, 35, 38]
[15, 17, 35]
[15, 26, 52]
[11, 26, 52]
[7, 26, 36]
[19, 26, 36]
[26, 36, 54]
[26, 30, 38]
[19, 26, 38]
[26, 38, 54]
[26, 31, 38]
[11, 26, 35]
[11, 26, 54]
[11, 19, 26]
[2, 26, 42]
[2, 26, 27]
[18, 26, 50]
[9, 26, 50]
[26, 36, 37]
[31, 41, 53]
[31, 41, 49]
[41, 46, 53]
[25, 41, 49]
[7, 33, 43]
[23, 33, 43]
[24, 31, 49]
[27, 33, 43]
[24, 28, 48]
[16, 24, 49]
[17, 21, 22]
[4, 24, 40]
[21, 22, 41]
[21, 22, 31]
[21, 25, 41]
[21, 24, 41]
[23, 35, 51]
[23, 29, 51]
[23, 24, 51]
[6, 23, 51]
[16, 24, 25]
[18, 24, 32]
[11, 19, 35]
[19, 23, 42]
[19, 21, 45]
[18, 24, 48]
[18, 24, 25]
[5, 15, 17]
[5, 28, 43]
[3, 5, 20]
[3, 5, 52]
[6, 8, 42]
[45, 46, 52]
[6, 17, 32]
[8, 13, 44]
[8, 13, 17]
[7, 45, 52]
[30, 45, 52]
[4, 8, 40]
[4, 8, 32]
[20, 32, 47]
[3, 32, 47]
[21, 23, 24]
[7, 12, 33]
[12, 27, 33]
[7, 33, 52]
[18, 32, 33]
[7, 18, 33]
[20, 27, 33]
[3, 20, 33]
[3, 7, 33]
[3, 33, 43]
[3, 27, 33]
[3, 32, 33]
[3, 33, 52]
[7, 33, 54]
[27, 33, 54]
[18, 33, 54]
[32, 33, 54]
[20, 33, 54]
[8, 33, 35]
[8, 32, 33]
[3, 8, 33]
[3, 5, 33]
[5, 33, 43]
[5, 27, 33]
[23, 36, 37]
[36, 37, 46]
[36, 37, 44]
[35, 36, 37]
[10, 36, 37]
[22, 36, 37]
[14, 37, 40]
[14, 35, 37]
[14, 37, 52]
[14, 26, 37]
[12, 14, 37]
[13, 14, 37]
[14, 37, 45]
[10, 20, 37]
[8, 37, 40]
[8, 37, 44]
[8, 28, 37]
[11, 47, 54]
[3, 11, 47]
[11, 32, 47]
[11, 44, 47]
[11, 20, 47]
[8, 11, 32]
[8, 11, 26]
[8, 11, 35]
[31, 50, 53]
[27, 50, 53]
[49, 50, 53]
[29, 50, 53]
[46, 50, 53]
[3, 26, 42]
[3, 8, 42]
[3, 42, 50]
[42, 49, 50]
[42, 46, 50]
[9, 42, 50]
[39, 42, 50]
[39, 49, 50]
[29, 39, 50]
[9, 39, 50]
[39, 46, 50]
[39, 40, 50]
[16, 39, 50]
[30, 39, 50]
[13, 39, 50]
[2, 39, 50]
[22, 39, 50]
[7, 30, 39]
[30, 39, 46]
[12, 39, 42]
[28, 39, 42]
[39, 40, 42]
[39, 42, 49]
[36, 39, 42]
[16, 35, 39]
[9, 35, 39]
[30, 35, 39]
[30, 39, 49]
[35, 39, 40]
[39, 45, 46]
[7, 39, 45]
[7, 17, 39]
[17, 29, 39]
[17, 21, 39]
[21, 39, 45]
[21, 28, 39]
[28, 39, 49]
[16, 28, 39]
[17, 30, 39]
[17, 35, 39]
[30, 39, 40]
[28, 35, 39]
[39, 49, 54]
[7, 12, 39]
[27, 41, 49]
[1, 12, 17]
[2, 8, 48]
[2, 8, 25]
[12, 20, 33]
[12, 33, 52]
[2, 33, 43]
[2, 27, 33]
[2, 18, 33]
[2, 3, 33]
[1, 33, 35]
[1, 32, 33]
[1, 4, 33]
[3, 11, 49]
[6, 30, 31]
[4, 7, 24]
[4, 24, 25]
[4, 16, 24]
[4, 24, 48]
[2, 3, 8]
[2, 8, 51]
[25, 41, 48]
[24, 25, 48]
[24, 25, 49]
[16, 24, 28]
[1, 10, 28]
[1, 16, 28]
[6, 16, 24]
[16, 24, 40]
[4, 18, 24]
[11, 18, 24]
[6, 24, 31]
[8, 19, 44]
[8, 11, 44]
[6, 8, 30]
[6, 8, 32]
[3, 8, 11]
[8, 35, 37]
[8, 37, 48]
[6, 8, 37]
[8, 13, 37]
[8, 33, 37]
[2, 8, 37]
[8, 15, 37]
[20, 37, 48]
[20, 21, 37]
[37, 46, 52]
[37, 48, 52]
[21, 36, 37]
[5, 37, 44]
[5, 28, 37]
[5, 21, 37]
[5, 37, 52]
[6, 34, 46]
[12, 42, 46]
[12, 19, 42]
[6, 15, 42]
[6, 15, 30]
[15, 21, 47]
[15, 21, 27]
[15, 21, 29]
[21, 45, 47]
[21, 31, 47]
[5, 21, 27]
[15, 46, 53]
[15, 29, 53]
[3, 11, 26]
[10, 45, 47]
[7, 45, 47]
[13, 31, 47]
[11, 13, 47]
[3, 13, 47]
[13, 47, 54]
[13, 47, 53]
[13, 32, 47]
[9, 11, 13]
[3, 11, 13]
[11, 13, 54]
[9, 13, 42]
[3, 13, 42]
[11, 20, 54]
[31, 41, 48]
[28, 41, 49]
[28, 41, 48]
[18, 32, 41]
[41, 49, 54]
[27, 41, 54]
[41, 42, 46]
[41, 42, 49]
[13, 27, 41]
[13, 25, 41]
[36, 43, 49]
[19, 35, 45]
[15, 26, 27]
[5, 20, 21]
[20, 21, 47]
[15, 20, 21]
[15, 21, 28]
[15, 17, 21]
[5, 15, 21]
[15, 21, 39]
[15, 21, 23]
[15, 21, 34]
[15, 21, 37]
[15, 21, 38]
[5, 15, 46]
[5, 15, 26]
[5, 15, 44]
[5, 15, 28]
[5, 15, 52]
[5, 15, 50]
[15, 46, 52]
[12, 15, 46]
[15, 23, 46]
[15, 34, 46]
[15, 44, 48]
[15, 29, 44]
[15, 28, 44]
[15, 26, 30]
[11, 15, 26]
[8, 15, 48]
[8, 15, 35]
[4, 8, 15]
[12, 15, 39]
[15, 29, 39]
[15, 30, 39]
[15, 37, 39]
[15, 28, 39]
[15, 39, 50]
[15, 23, 39]
[15, 34, 39]
[15, 39, 47]
[2, 15, 39]
[13, 15, 39]
[5, 15, 39]
[15, 17, 39]
[1, 15, 39]
[15, 39, 42]
[8, 11, 15]
[8, 15, 26]
[15, 17, 29]
[15, 17, 48]
[11, 15, 17]
[15, 20, 48]
[11, 15, 20]
[15, 20, 53]
[15, 20, 30]
[15, 20, 27]
[15, 20, 38]
[8, 15, 44]
[8, 15, 28]
[15, 44, 53]
[8, 15, 30]
[15, 30, 53]
[15, 27, 44]
[15, 27, 53]
[15, 28, 38]
[15, 38, 48]
[4, 15, 38]
[6, 15, 38]
[15, 37, 38]
[15, 26, 38]
[15, 38, 44]
[15, 38, 53]
[24, 28, 41]
[3, 32, 51]
[4, 24, 49]
[4, 24, 32]
[3, 4, 41]
[4, 33, 41]
[32, 33, 41]
[3, 33, 41]
[33, 41, 42]
[41, 42, 48]
[3, 41, 42]
[41, 42, 54]
[24, 41, 42]
[36, 41, 42]
[22, 41, 42]
[33, 42, 54]
[45, 47, 54]
[32, 47, 54]
[31, 47, 54]
[31, 45, 47]
[14, 16, 30]
[18, 33, 37]
[33, 35, 37]
[20, 33, 37]
[2, 33, 37]
[2, 25, 44]
[2, 27, 44]
[19, 44, 45]
[2, 8, 44]
[3, 4, 8]
[3, 5, 36]
[3, 36, 42]
[36, 42, 46]
[36, 42, 54]
[24, 42, 54]
[12, 42, 54]
[6, 42, 54]
[36, 45, 54]
[39, 40, 54]
[8, 30, 45]
[8, 25, 45]
[8, 19, 45]
[39, 45, 54]
[7, 39, 54]
[3, 7, 36]
[3, 36, 43]
[3, 10, 36]
[3, 36, 49]
[19, 36, 45]
[8, 19, 51]
[8, 48, 51]
[4, 8, 51]
[8, 19, 35]
[2, 8, 17]
[11, 19, 49]
[3, 11, 20]
[8, 19, 26]
[11, 19, 20]
[8, 11, 17]
[33, 39, 54]
[2, 8, 33]
[7, 22, 33]
[3, 22, 33]
[20, 22, 33]
[7, 33, 39]
[33, 35, 39]
[2, 33, 39]
[22, 33, 39]
[3, 23, 33]
[23, 33, 35]
[2, 8, 28]
[2, 18, 28]
[17, 22, 32]
[3, 22, 32]
[19, 22, 53]
[19, 20, 22]
[22, 51, 53]
[22, 31, 51]
[13, 33, 54]
[3, 22, 51]
[22, 48, 51]
[19, 22, 51]
[20, 22, 51]
[35, 39, 45]
[6, 25, 54]
[2, 13, 25]
[19, 23, 51]
[15, 17, 53]
[5, 17, 21]
[2, 13, 17]
[2, 13, 18]
[2, 8, 13]
[2, 13, 27]
[2, 13, 44]
[8, 11, 13]
[11, 13, 52]
[2, 3, 13]
[11, 13, 17]
[5, 21, 33]
[5, 46, 50]
[5, 40, 50]
[5, 50, 52]
[5, 27, 50]
[5, 44, 50]
[3, 5, 50]
[11, 13, 44]
[13, 17, 22]
[13, 22, 53]
[6, 45, 54]
[13, 22, 31]
[18, 41, 54]
[25, 41, 54]
[31, 41, 54]
[21, 41, 54]
[21, 28, 41]
[21, 27, 41]
[21, 31, 41]
[23, 41, 53]
[23, 41, 46]
[15, 48, 52]
[15, 30, 52]
[21, 28, 47]
[21, 47, 54]
[8, 15, 17]
[15, 17, 30]
[15, 17, 44]
[2, 15, 48]
[2, 15, 29]
[2, 15, 26]
[2, 8, 15]
[15, 37, 52]
[5, 15, 37]
[2, 15, 37]
[2, 37, 48]
[2, 10, 37]
[2, 18, 37]
[2, 37, 44]
[2, 28, 37]
[12, 37, 52]
[12, 37, 46]
[12, 37, 40]
[12, 20, 37]
[12, 15, 37]
[12, 23, 37]
[12, 22, 37]
[12, 37, 51]
[12, 15, 53]
[12, 15, 29]
[12, 15, 20]
[12, 15, 52]
[20, 45, 47]
[13, 17, 47]
[17, 44, 47]
[17, 32, 47]
[15, 17, 47]
[2, 17, 47]
[44, 45, 47]
[26, 37, 51]
[18, 37, 51]
[37, 48, 51]
[6, 8, 17]
[6, 15, 17]
[2, 15, 17]
[12, 15, 17]
[9, 37, 51]
[8, 37, 51]
[8, 26, 42]
[8, 40, 42]
[8, 42, 48]
[8, 19, 42]
[35, 37, 51]
[8, 28, 42]
[8, 42, 44]
[6, 30, 32]
[11, 26, 34]
[21, 28, 34]
[21, 27, 34]
[26, 27, 34]
[7, 26, 34]
[26, 30, 34]
[26, 31, 34]
[30, 34, 35]
[28, 34, 48]
[16, 23, 51]
[20, 23, 51]
[3, 23, 51]
[23, 32, 51]
[23, 40, 42]
[20, 23, 42]
[3, 23, 42]
[23, 42, 46]
[26, 34, 42]
[2, 42, 48]
[2, 42, 49]
[2, 42, 44]
[2, 8, 42]
[2, 28, 42]
[6, 23, 42]
[6, 22, 42]
[22, 42, 48]
[19, 22, 42]
[3, 22, 42]
[20, 22, 42]
[20, 22, 37]
[22, 37, 48]
[22, 37, 51]
[21, 22, 37]
[19, 21, 22]
[6, 22, 37]
[7, 22, 47]
[22, 31, 47]
[17, 22, 47]
[22, 47, 53]
[21, 22, 47]
[3, 22, 47]
[20, 22, 47]
[1, 20, 22]
[1, 4, 22]
[1, 22, 31]
[1, 22, 32]
[1, 17, 22]
[1, 21, 22]
[1, 6, 22]
[1, 6, 10]
[1, 6, 25]
[1, 6, 16]
[1, 6, 32]
[1, 6, 46]
[1, 6, 17]
[1, 4, 17]
[1, 17, 35]
[1, 16, 17]
[1, 17, 32]
[1, 11, 17]
[1, 11, 18]
[1, 11, 35]
[1, 11, 16]
[1, 11, 32]
[1, 4, 32]
[1, 18, 32]
[1, 10, 35]
[1, 10, 31]
[1, 10, 16]
[1, 4, 16]
[1, 16, 25]
[2, 37, 51]
[2, 15, 44]
[2, 26, 50]
[8, 26, 50]
[19, 26, 50]
[26, 50, 51]
[26, 42, 50]
[24, 40, 54]
[23, 37, 51]
[23, 35, 37]
[37, 44, 51]
[45, 47, 52]
[47, 52, 54]
[2, 10, 47]
[2, 44, 47]
[2, 28, 47]
[45, 46, 47]
[6, 23, 32]
[6, 10, 37]
[6, 37, 46]
[6, 9, 37]
[8, 13, 42]
[13, 19, 42]
[13, 22, 42]
[2, 13, 42]
[8, 13, 19]
[11, 13, 19]
[13, 44, 47]
[13, 47, 52]
[13, 22, 47]
[2, 13, 47]
[13, 20, 47]
[13, 41, 53]
[13, 18, 41]
[13, 33, 42]
[13, 18, 33]
[8, 13, 33]
[13, 33, 37]
[13, 32, 33]
[13, 27, 33]
[13, 33, 52]
[13, 33, 34]
[1, 13, 33]
[13, 17, 51]
[6, 23, 37]
[24, 42, 46]
[12, 23, 51]
[23, 24, 40]
[18, 49, 50]
[15, 42, 44]
[8, 15, 42]
[15, 42, 52]
[15, 23, 35]
[15, 17, 23]
[15, 23, 53]
[15, 23, 29]
[15, 23, 42]
[15, 26, 42]
[15, 28, 42]
[11, 15, 52]
[2, 15, 28]
[2, 15, 42]
[6, 15, 23]
[5, 15, 27]
[2, 15, 27]
[15, 20, 42]
[12, 15, 23]
[12, 15, 42]
[12, 15, 27]
[23, 41, 51]
[23, 31, 41]
[21, 23, 41]
[44, 50, 51]
[16, 50, 51]
[16, 49, 50]
[16, 25, 50]
[9, 16, 50]
[10, 16, 50]
[16, 46, 50]
[27, 44, 50]
[6, 31, 41]
[6, 41, 49]
[6, 25, 41]
[6, 32, 41]
[6, 41, 54]
[12, 36, 41]
[5, 47, 52]
[2, 5, 47]
[7, 36, 47]
[6, 41, 42]
[6, 22, 41]
[22, 41, 48]
[22, 31, 41]
[22, 41, 53]
[22, 32, 41]
[6, 23, 41]
[6, 41, 46]
[28, 41, 42]
[23, 41, 42]
[28, 37, 41]
[37, 41, 48]
[24, 41, 48]
[4, 24, 41]
[6, 24, 41]
[24, 41, 54]
[3, 23, 41]
[3, 41, 49]
[41, 49, 50]
[31, 41, 50]
[25, 41, 50]
[41, 42, 50]
[41, 50, 53]
[3, 41, 50]
[3, 8, 50]
[7, 24, 54]
[4, 24, 54]
[8, 13, 15]
[23, 24, 32]
[23, 24, 31]
[23, 24, 35]
[23, 24, 42]
[6, 23, 24]
[24, 49, 54]
[5, 36, 43]
[5, 26, 36]
[22, 36, 42]
[3, 22, 36]
[21, 22, 36]
[19, 22, 36]
[22, 36, 41]
[36, 42, 49]
[15, 34, 42]
[6, 15, 34]
[5, 15, 34]
[5, 12, 14]
[3, 26, 36]
[19, 36, 42]
[36, 43, 44]
[36, 44, 45]
[23, 36, 43]
[23, 35, 36]
[21, 23, 36]
[17, 21, 36]
[18, 25, 50]
[25, 49, 50]
[21, 27, 33]
[20, 21, 33]
[21, 33, 37]
[33, 37, 52]
[8, 33, 42]
[20, 33, 42]
[3, 33, 42]
[33, 42, 52]
[2, 33, 42]
[23, 33, 42]
[20, 23, 33]
[23, 32, 33]
[14, 21, 25]
[14, 21, 45]
[14, 19, 21]
[14, 21, 31]
[14, 31, 45]
[23, 36, 46]
[3, 23, 36]
[14, 26, 31]
[14, 45, 47]
[14, 21, 29]
[11, 15, 47]
[7, 14, 43]
[14, 43, 45]
[7, 14, 45]
[14, 35, 45]
[14, 26, 52]
[14, 16, 40]
[14, 16, 19]
[14, 16, 35]
[14, 16, 25]
[14, 25, 45]
[14, 45, 52]
[14, 25, 43]
[14, 19, 26]
[7, 14, 26]
[14, 30, 35]
[14, 30, 43]
[14, 26, 30]
[14, 30, 52]
[12, 14, 29]
[14, 19, 45]
[12, 19, 22]
[12, 22, 42]
[12, 20, 42]
[12, 42, 52]
[12, 14, 25]
[12, 14, 52]
[12, 17, 39]
[12, 39, 46]
[5, 12, 39]
[12, 36, 39]
[12, 29, 39]
[12, 39, 40]
[12, 33, 39]
[12, 39, 54]
[12, 22, 39]
[12, 34, 39]
[12, 37, 39]
[5, 17, 39]
[5, 28, 39]
[5, 39, 52]
[2, 39, 42]
[13, 39, 42]
[9, 13, 39]
[2, 17, 39]
[35, 36, 39]
[17, 36, 39]
[12, 40, 42]
[14, 30, 40]
[11, 24, 32]
[6, 24, 32]
[7, 14, 30]
[24, 28, 42]
[5, 14, 47]
[14, 21, 47]
[14, 32, 47]
[14, 31, 47]
[15, 28, 47]
[20, 47, 53]
[11, 24, 49]
[14, 35, 40]
[11, 24, 35]
[15, 47, 53]
[15, 20, 47]
[2, 15, 47]
[2, 3, 47]
[24, 42, 49]
[24, 42, 48]
[24, 34, 42]
[4, 24, 34]
[11, 24, 54]
[18, 24, 54]
[6, 24, 54]
[24, 31, 54]
[24, 25, 54]
[12, 24, 54]
[12, 27, 54]
[12, 33, 54]
[36, 41, 54]
[13, 51, 54]
[13, 14, 54]
[13, 41, 54]
[13, 39, 54]
[13, 38, 54]
[24, 32, 54]
[21, 24, 54]
[21, 33, 54]
[33, 41, 54]
[12, 41, 54]
[21, 36, 47]
[3, 47, 52]
[22, 36, 47]
[36, 44, 47]
[10, 36, 47]
[36, 46, 47]
[3, 36, 47]
[36, 45, 47]
[17, 36, 47]
[36, 47, 54]
[15, 47, 52]
[23, 24, 46]
[16, 23, 24]
[24, 37, 46]
[24, 37, 48]
[18, 24, 37]
[4, 24, 37]
[24, 37, 40]
[24, 35, 37]
[24, 28, 37]
[22, 33, 42]
[2, 15, 50]
[15, 29, 50]
[14, 29, 45]
[14, 30, 45]
[14, 29, 50]
[14, 30, 50]
[14, 25, 50]
[8, 14, 50]
[2, 14, 50]
[14, 31, 50]
[14, 40, 50]
[14, 22, 50]
[14, 50, 52]
[14, 50, 51]
[14, 19, 50]
[14, 42, 50]
[14, 16, 50]
[5, 14, 50]
[14, 26, 50]
[14, 37, 50]
[14, 41, 50]
[24, 40, 50]
[24, 31, 50]
[24, 49, 50]
[18, 24, 50]
[24, 46, 50]
[27, 49, 50]
[3, 27, 50]
[9, 27, 50]
[10, 27, 50]
[27, 40, 50]
[9, 49, 50]
[9, 18, 50]
[26, 38, 50]
[3, 50, 52]
[46, 50, 52]
[3, 22, 50]
[22, 31, 50]
[22, 50, 53]
[22, 38, 50]
[22, 50, 51]
[19, 22, 50]
[22, 42, 50]
[3, 49, 50]
[3, 10, 50]
[21, 24, 31]
[21, 24, 25]
[36, 41, 46]
[3, 27, 41]
[3, 22, 41]
[22, 33, 41]
[21, 22, 33]
[26, 34, 38]
[7, 39, 47]
[12, 41, 42]
[39, 41, 42]
[12, 25, 41]
[12, 27, 41]
[13, 32, 41]
[12, 41, 53]
[3, 36, 41]
[3, 32, 41]
[3, 31, 41]
[12, 23, 29]
[12, 19, 23]
[12, 20, 23]
[12, 23, 46]
[4, 21, 24]
[12, 23, 40]
[12, 24, 40]
[12, 24, 42]
[12, 23, 42]
[12, 23, 31]
[5, 36, 39]
[36, 39, 54]
[21, 36, 39]
[36, 39, 47]
[23, 36, 39]
[12, 23, 39]
[2, 39, 47]
[17, 23, 39]
[23, 29, 39]
[21, 29, 39]
[23, 39, 46]
[20, 37, 51]
[5, 36, 37]
[20, 23, 37]
[12, 34, 46]
[12, 15, 34]
[7, 12, 34]
[12, 25, 34]
[12, 27, 34]
[12, 29, 34]
[12, 31, 34]
[15, 28, 34]
[15, 29, 34]
[15, 30, 34]
[15, 34, 48]
[15, 27, 34]
[15, 26, 34]
[15, 34, 35]
[6, 30, 34]
[6, 24, 37]
[12, 24, 37]
[12, 34, 42]
[2, 13, 51]
[6, 29, 34]
[23, 24, 37]
[21, 24, 37]
[12, 24, 25]
[12, 24, 46]
[7, 12, 24]
[21, 24, 28]
[30, 46, 50]
[29, 46, 50]
[15, 26, 50]
[15, 50, 52]
[21, 23, 33]
[14, 25, 54]
[14, 40, 54]
[7, 14, 54]
[14, 45, 54]
[14, 47, 54]
[7, 14, 22]
[14, 26, 54]
[12, 23, 24]
[4, 12, 24]
[12, 24, 31]
[12, 14, 23]
[7, 12, 14]
[12, 14, 40]
[12, 14, 54]
[12, 14, 22]
[12, 14, 31]
[12, 14, 19]
[30, 40, 50]
[30, 49, 50]
[8, 30, 50]
[30, 31, 50]
[10, 31, 50]
[8, 31, 50]
[31, 49, 50]
[5, 14, 21]
[14, 32, 54]
[14, 31, 54]
[14, 21, 54]
[7, 24, 34]
[24, 25, 34]
[24, 28, 34]
[24, 34, 48]
[6, 24, 34]
[24, 31, 34]
[24, 34, 35]
[21, 24, 34]
[33, 34, 35]
[14, 22, 47]
[33, 34, 43]
[33, 34, 42]
[13, 14, 42]
[13, 14, 25]
[8, 13, 14]
[13, 14, 19]
[23, 33, 37]
[5, 33, 37]
[14, 23, 37]
[14, 37, 51]
[36, 37, 39]
[23, 37, 39]
[13, 25, 34]
[1, 6, 34]
[1, 25, 34]
[14, 22, 37]
[14, 21, 37]
[22, 37, 39]
[22, 33, 37]
[33, 37, 39]
[13, 37, 39]
[13, 20, 37]
[2, 13, 37]
[13, 18, 37]
[13, 37, 44]
[13, 37, 52]
[13, 37, 51]
[9, 13, 37]
[13, 22, 37]
[13, 15, 37]
[13, 37, 50]
[18, 37, 50]
[37, 44, 50]
[21, 37, 39]
[21, 23, 39]
[1, 28, 35]
[1, 16, 40]
[16, 40, 50]
[1, 18, 40]
[1, 35, 40]
[1, 3, 32]
[1, 3, 4]
[1, 3, 11]
[23, 36, 41]
[36, 41, 49]
[12, 23, 33]
[23, 24, 41]
[24, 41, 46]
[24, 41, 49]
[24, 32, 41]
[24, 31, 41]
[1, 16, 46]
[1, 16, 27]
[1, 22, 36]
[1, 16, 35]
[1, 3, 27]
[1, 5, 17]
[1, 5, 28]
[24, 25, 41]
[1, 20, 25]
[1, 10, 20]
[1, 11, 20]
[1, 6, 41]
[1, 31, 41]
[14, 37, 41]
[1, 14, 41]
[14, 23, 41]
[4, 14, 41]
[14, 41, 54]
[14, 31, 41]
[14, 32, 41]
[14, 25, 41]
[14, 22, 41]
[12, 14, 41]
[14, 21, 41]
[1, 27, 41]
[1, 4, 41]
[1, 41, 46]
[1, 32, 41]
[1, 21, 41]
[21, 37, 41]
[24, 37, 41]
[37, 41, 46]
[1, 15, 28]
[1, 6, 15]
[1, 11, 15]
[1, 15, 35]
[30, 38, 50]
[27, 30, 50]
[2, 27, 50]
[1, 12, 31]
[6, 38, 54]
[6, 31, 38]
[4, 38, 54]
[4, 38, 52]
[4, 38, 48]
[4, 7, 38]
[4, 38, 49]
[2, 4, 38]
[4, 18, 38]
[7, 38, 52]
[15, 38, 52]
[4, 16, 38]
[4, 17, 38]
[4, 10, 38]
[3, 4, 38]
[4, 21, 38]
[4, 34, 38]
[4, 22, 38]
[4, 38, 41]
[15, 17, 38]
[15, 38, 46]
[16, 38, 46]
[2, 26, 38]
[5, 26, 38]
[19, 38, 49]
[19, 38, 44]
[16, 28, 38]
[28, 38, 48]
[38, 43, 49]
[7, 38, 43]
[38, 43, 44]
[38, 44, 53]
[18, 38, 53]
[6, 16, 38]
[16, 38, 49]
[27, 33, 34]
[7, 33, 34]
[33, 34, 39]
[1, 33, 34]
[21, 33, 34]
[1, 27, 33]
[1, 33, 39]
[23, 33, 39]
[9, 37, 39]
[16, 23, 39]
[1, 14, 16]
[35, 37, 39]
[37, 39, 40]
[5, 37, 39]
[2, 37, 39]
[12, 33, 37]
[9, 39, 45]
[29, 39, 45]
[30, 39, 45]
[23, 39, 40]
[39, 46, 47]
[17, 39, 47]
[14, 23, 43]
[23, 39, 42]
[33, 39, 42]
[5, 33, 39]
[5, 39, 50]
[15, 50, 53]
[15, 27, 50]
[44, 50, 53]
[8, 25, 50]
[10, 25, 50]
[24, 25, 50]
[25, 29, 50]
[8, 50, 51]
[8, 44, 50]
[10, 18, 50]
[13, 18, 50]
[13, 44, 50]
[13, 27, 50]
[13, 15, 50]
[13, 14, 50]
[3, 13, 50]
[15, 44, 50]
[27, 41, 50]
[24, 41, 50]
[41, 46, 50]
[13, 41, 50]
[1, 13, 41]
[3, 13, 41]
[39, 41, 54]
[39, 41, 46]
[39, 45, 47]
[39, 47, 54]
[12, 22, 41]
[12, 31, 41]
[21, 36, 41]
[21, 39, 54]
[21, 39, 47]
[21, 33, 39]
[23, 35, 39]
[12, 41, 46]
[4, 12, 41]
[12, 24, 41]
[12, 33, 41]
[21, 33, 41]
[27, 33, 41]
[12, 39, 41]
[39, 41, 49]
[28, 39, 41]
[21, 39, 41]
[33, 39, 41]
[34, 41, 42]
[30, 34, 39]
[14, 19, 23]
[14, 19, 22]
[14, 23, 29]
[14, 23, 40]
[9, 19, 50]
[8, 19, 50]
[19, 49, 50]
[19, 44, 50]
[19, 50, 53]
[16, 19, 50]
[19, 42, 50]
[19, 50, 51]
[18, 29, 50]
[18, 40, 50]
[18, 50, 53]
[8, 40, 50]
[10, 40, 50]
[16, 44, 50]
[16, 27, 50]
[16, 30, 50]
[16, 24, 50]
[2, 49, 50]
[2, 10, 50]
[2, 8, 50]
[14, 21, 23]
[14, 23, 32]
[14, 23, 35]
[14, 23, 31]
[1, 17, 36]
[1, 26, 36]
[1, 11, 26]
[1, 26, 35]
[1, 14, 31]
[1, 26, 31]
[1, 17, 21]
[1, 3, 36]
[1, 15, 17]
[1, 15, 26]
[14, 21, 22]
[1, 20, 21]
[1, 3, 33]
[1, 3, 26]
[1, 3, 20]
[1, 18, 26]
[1, 26, 27]
[1, 20, 27]
[1, 35, 36]
[1, 5, 33]
[1, 26, 34]
[1, 14, 26]
[1, 18, 33]
[1, 14, 40]
[1, 14, 32]
[1, 4, 14]
[1, 14, 25]
[14, 23, 51]
[36, 37, 41]
[6, 37, 41]
[1, 14, 35]
[1, 5, 14]
[1, 12, 14]
[1, 12, 20]
[1, 28, 39]
[1, 17, 39]
[1, 35, 39]
[1, 5, 39]
[1, 12, 39]
[12, 22, 33]
[12, 33, 42]
[1, 12, 33]
[14, 22, 31]
[14, 22, 51]
[31, 34, 41]
[34, 41, 46]
[23, 37, 41]
[33, 37, 41]
[23, 33, 41]
[23, 39, 41]
[37, 39, 41]
[17, 22, 39]
[22, 36, 39]
[7, 22, 39]
[22, 39, 47]
[22, 39, 42]
[21, 22, 39]
[31, 50, 51]
[3, 31, 50]
[9, 50, 51]
[29, 50, 51]
[22, 41, 50]
[12, 23, 41]
[22, 39, 41]
[22, 37, 41]
[1, 14, 22]
[1, 22, 33]
[1, 12, 22]
[1, 22, 39]
[21, 34, 39]
[34, 35, 39]
[28, 34, 39]
[12, 33, 34]
[12, 24, 34]
[20, 22, 38]
[22, 38, 48]
[6, 22, 38]
[7, 22, 38]
[17, 22, 38]
[22, 38, 47]
[22, 38, 53]
[22, 37, 38]
[19, 22, 38]
[22, 31, 38]
[38, 47, 54]
[7, 38, 47]
[16, 30, 38]
[30, 38, 48]
[30, 38, 43]
[7, 30, 38]
[30, 38, 49]
[1, 25, 41]
[24, 42, 50]
[1, 27, 34]
[1, 11, 34]
[17, 38, 53]
[30, 38, 53]
[1, 4, 34]
[5, 15, 38]
[13, 15, 17]
[2, 15, 38]
[5, 17, 38]
[17, 38, 48]
[7, 17, 38]
[17, 18, 38]
[6, 17, 38]
[16, 17, 38]
[10, 18, 38]
[10, 16, 38]
[18, 38, 48]
[7, 18, 38]
[38, 43, 48]
[2, 13, 33]
[11, 13, 51]
[2, 13, 39]
[2, 13, 14]
[2, 13, 15]
[2, 29, 50]
[1, 39, 41]
[1, 3, 41]
[39, 41, 50]
[8, 15, 50]
[11, 13, 34]
[13, 27, 34]
[29, 44, 50]
[42, 44, 50]
[25, 44, 50]
[1, 28, 41]
[1, 36, 41]
[1, 33, 41]
[1, 22, 41]
[1, 12, 41]
[12, 37, 41]
[1, 34, 46]
[13, 15, 53]
[13, 19, 22]
[8, 13, 51]
[3, 13, 51]
[13, 44, 51]
[13, 31, 41]
[13, 41, 44]
[13, 41, 42]
[1, 13, 17]
[1, 11, 13]
[13, 15, 52]
[11, 13, 15]
[13, 22, 51]
[13, 15, 27]
[13, 22, 32]
[13, 20, 22]
[1, 13, 22]
[13, 22, 41]
[22, 37, 50]
[13, 14, 22]
[13, 22, 39]
[13, 22, 33]
[21, 22, 38]
[3, 22, 38]
[13, 22, 38]
[22, 38, 41]
[22, 33, 38]
[13, 22, 50]
[13, 15, 42]
[13, 15, 44]
[13, 15, 47]
[13, 15, 20]
[17, 35, 38]
[1, 13, 15]
[1, 34, 35]
[13, 14, 33]
[3, 13, 33]
[13, 20, 33]
[13, 33, 39]
[13, 33, 41]
[33, 34, 41]
[1, 13, 31]
[1, 13, 32]
[13, 14, 47]
[1, 13, 14]
[1, 13, 27]
[1, 9, 13]
[1, 13, 25]
[1, 13, 18]
[1, 13, 20]
[1, 21, 34]
[13, 17, 39]
[13, 39, 47]
[1, 13, 39]
[13, 34, 51]
[13, 34, 42]
[13, 15, 34]
[1, 28, 34]
[1, 12, 34]
[1, 31, 34]
[13, 34, 39]
[1, 13, 34]
[13, 31, 34]
[13, 39, 41]
[13, 14, 41]
[13, 37, 41]
[13, 34, 41]
[24, 34, 41]
[34, 41, 48]
[6, 34, 41]
[12, 34, 41]
[34, 39, 41]
[27, 34, 41]
[21, 34, 41]
[28, 34, 41]
[25, 34, 41]
[1, 34, 41]
[40, 42, 50]
[37, 40, 50]
[15, 42, 50]
[8, 42, 50]
[42, 50, 52]
[2, 42, 50]
[13, 42, 50]
[30, 50, 53]
[19, 46, 50]
[8, 13, 50]
[13, 31, 50]
[13, 50, 53]
[13, 50, 52]
[13, 19, 50]
[13, 19, 38]
[13, 33, 38]
[13, 18, 38]
[13, 15, 38]
[15, 30, 38]
[9, 25, 50]
[30, 50, 52]
[5, 38, 44]
[38, 44, 48]
[17, 38, 44]
[13, 25, 50]
[13, 31, 38]
[13, 20, 38]
[13, 38, 53]
[3, 13, 38]
[9, 13, 50]
[13, 38, 52]
[13, 17, 38]
[13, 34, 38]
[13, 38, 41]
[13, 38, 44]
[13, 38, 50]
[13, 38, 47]
[21, 38, 47]
[21, 33, 38]
[33, 38, 52]
[33, 35, 38]
[16, 35, 38]
[30, 35, 38]
[12, 38, 53]
[12, 38, 54]
[31, 38, 49]
[31, 38, 54]
[31, 38, 48]
[19, 35, 38]
[10, 31, 38]
[5, 38, 52]
[5, 28, 38]
[5, 34, 38]
[7, 34, 38]
[34, 38, 41]
[12, 15, 38]
[3, 20, 38]
[6, 34, 38]
[38, 41, 49]
[6, 38, 41]
[20, 38, 48]
[2, 13, 50]
[34, 38, 48]
[12, 34, 38]
[34, 38, 43]
[15, 38, 47]
[3, 26, 38]
[2, 38, 48]
[2, 33, 38]
[7, 33, 38]
[33, 38, 54]
[12, 19, 38]
[5, 38, 43]
[10, 38, 47]
[38, 48, 52]
[15, 34, 38]
[38, 44, 47]
[38, 50, 53]
[10, 38, 50]
[18, 38, 50]
[16, 38, 50]
[10, 20, 38]
[17, 38, 47]
[19, 38, 53]
[19, 38, 50]
[38, 41, 50]
[28, 38, 41]
[38, 41, 54]
[38, 41, 46]
[12, 38, 41]
[38, 41, 53]
[21, 38, 41]
[33, 38, 41]
[38, 41, 48]
[3, 38, 41]
[37, 41, 50]
[37, 38, 41]
[31, 38, 41]
[35, 37, 38]
[6, 37, 38]
[34, 35, 38]
[38, 50, 52]
[5, 38, 50]
[15, 38, 50]
[3, 38, 50]
[38, 46, 50]
[17, 30, 38]
[30, 34, 38]
[30, 38, 52]
[4, 12, 38]
[2, 28, 38]
[2, 17, 38]
[2, 10, 38]
[2, 50, 51]
[2, 25, 50]
[2, 38, 50]
[12, 17, 38]
[31, 38, 50]
[2, 44, 50]
[2, 18, 50]
[20, 38, 54]
[19, 20, 38]
[20, 38, 53]
[20, 30, 38]
[5, 20, 38]
[30, 31, 38]
[31, 38, 53]
[21, 38, 54]
[21, 28, 38]
[19, 21, 38]
[21, 34, 38]
[21, 31, 38]
[20, 21, 38]
[31, 34, 38]
[4, 33, 38]
[2, 3, 50]
[3, 38, 52]
[37, 50, 52]
[2, 38, 44]
[2, 38, 49]
[2, 13, 38]
[12, 33, 38]
[33, 34, 38]
[20, 33, 38]
[3, 31, 38]
[3, 7, 38]
[3, 10, 38]
[9, 37, 50]
[3, 38, 49]
[12, 38, 46]
[30, 38, 46]
[3, 38, 43]
[3, 38, 47]
[3, 33, 38]
[3, 5, 38]
[8, 37, 50]
[37, 39, 50]
[37, 50, 51]
[24, 37, 50]
[5, 37, 38]
[5, 37, 50]
[5, 33, 38]
[5, 38, 46]
[10, 37, 50]
[2, 37, 50]
[37, 38, 44]
[10, 37, 38]
[21, 37, 38]
[12, 37, 38]
[28, 37, 38]
[37, 38, 50]
[13, 37, 38]
[2, 37, 38]
[2, 18, 38]
[18, 37, 38]
[37, 38, 48]
[38, 47, 53]
[18, 33, 38]
[37, 38, 52]
[37, 46, 50]
[26, 37, 38]
[37, 38, 46]
[38, 46, 47]
[20, 37, 38]
[33, 37, 38]
[4, 37, 38]
[33, 38, 43]
[20, 38, 47]
[2, 38, 43]
[38, 47, 52]
[2, 38, 47]
