[26, 27]
[9, 27]
[7, 27]
[6, 27]
[10, 27]
[16, 27]
[18, 27]
[21, 27]
[22, 27]
[5, 26]
[1, 26]
[11, 26]
[12, 26]
[13, 26]
[14, 26]
[18, 26]
[20, 26]
[21, 26]
[23, 26]
[24, 26]
[2, 6]
[1, 6]
[2, 5]
[1, 5]
[3, 5]
[1, 4]
[4, 24]
[2, 24]
[4, 6]
[1, 3]
[1, 8]
[5, 8]
[28, 86]
[10, 86]
[5, 10]
[2, 10]
[5, 24]
[80, 85]
[27, 85]
[8, 85]
[5, 85]
[1, 85]
[12, 85]
[15, 85]
[16, 85]
[17, 85]
[19, 85]
[20, 85]
[22, 85]
[23, 85]
[25, 85]
[28, 85]
[30, 85]
[33, 85]
[36, 85]
[38, 85]
[41, 85]
[42, 85]
[45, 85]
[46, 85]
[47, 85]
[50, 85]
[51, 85]
[53, 85]
[54, 85]
[56, 85]
[57, 85]
[58, 85]
[61, 85]
[65, 85]
[66, 85]
[67, 85]
[68, 85]
[69, 85]
[70, 85]
[74, 85]
[77, 85]
[78, 85]
[5, 174]
[25, 174]
[25, 76]
[18, 25]
[18, 73]
[4, 73]
[23, 24]
[26, 83]
[21, 59]
[3, 21]
[3, 17]
[26, 30]
[26, 60]
[26, 43]
[26, 37]
[26, 34]
[26, 71]
[26, 64]
[26, 125]
[26, 123]
[26, 102]
[26, 89]
[26, 161]
[26, 172]
[26, 152]
[26, 151]
[26, 150]
[26, 144]
[26, 74]
[26, 55]
[26, 82]
[26, 58]
[26, 126]
[26, 117]
[26, 110]
[26, 179]
[26, 173]
[26, 171]
[26, 167]
[26, 160]
[26, 147]
[26, 139]
[26, 186]
[26, 132]
[26, 122]
[26, 84]
[26, 56]
[26, 53]
[26, 45]
[26, 41]
[26, 36]
[26, 54]
[26, 57]
[26, 42]
[26, 31]
[26, 65]
[26, 68]
[26, 61]
[26, 38]
[26, 189]
[21, 63]
[13, 63]
[7, 63]
[4, 63]
[18, 63]
[59, 63]
[63, 101]
[63, 183]
[63, 158]
[63, 111]
[63, 178]
[63, 76]
[63, 72]
[35, 63]
[62, 63]
[7, 188]
[6, 188]
[4, 188]
[13, 188]
[14, 188]
[44, 188]
[39, 188]
[137, 188]
[184, 188]
[181, 188]
[106, 188]
[183, 188]
[7, 13]
[7, 9]
[3, 9]
[3, 22]
[1, 22]
[6, 22]
[6, 9]
[1, 9]
[4, 9]
[31, 153]
[27, 153]
[7, 153]
[18, 153]
[14, 153]
[39, 153]
[59, 153]
[106, 153]
[97, 153]
[101, 153]
[153, 158]
[136, 153]
[35, 153]
[52, 153]
[63, 153]
[49, 153]
[11, 153]
[40, 153]
[80, 153]
[46, 153]
[78, 153]
[15, 153]
[51, 153]
[115, 153]
[141, 153]
[153, 174]
[153, 164]
[86, 153]
[29, 153]
[153, 166]
[50, 153]
[12, 153]
[47, 153]
[67, 153]
[77, 153]
[85, 153]
[23, 153]
[10, 153]
[24, 153]
[79, 153]
[119, 153]
[118, 153]
[153, 170]
[108, 153]
[98, 153]
[153, 169]
[83, 153]
[37, 153]
[153, 161]
[153, 172]
[152, 153]
[150, 153]
[144, 153]
[74, 153]
[107, 153]
[153, 177]
[153, 176]
[153, 155]
[153, 156]
[9, 18]
[9, 184]
[9, 140]
[9, 106]
[9, 97]
[9, 101]
[9, 158]
[9, 168]
[9, 111]
[9, 136]
[9, 21]
[9, 76]
[9, 72]
[9, 63]
[9, 49]
[7, 62]
[1, 62]
[2, 22]
[17, 28]
[96, 163]
[27, 96]
[4, 96]
[3, 96]
[8, 96]
[18, 96]
[39, 96]
[73, 96]
[96, 137]
[96, 184]
[96, 140]
[96, 101]
[96, 183]
[96, 111]
[72, 96]
[35, 96]
[52, 96]
[63, 96]
[75, 96]
[40, 96]
[32, 96]
[46, 96]
[22, 96]
[15, 96]
[96, 115]
[96, 187]
[96, 141]
[96, 174]
[20, 96]
[48, 96]
[33, 96]
[19, 96]
[50, 96]
[96, 182]
[12, 96]
[66, 96]
[85, 96]
[10, 96]
[96, 118]
[96, 108]
[96, 129]
[60, 96]
[37, 96]
[71, 96]
[5, 96]
[89, 96]
[96, 161]
[96, 152]
[74, 96]
[96, 107]
[96, 104]
[96, 100]
[70, 98]
[9, 98]
[7, 98]
[3, 98]
[1, 98]
[6, 98]
[8, 98]
[13, 98]
[14, 98]
[44, 98]
[39, 98]
[59, 98]
[98, 184]
[98, 183]
[98, 136]
[35, 98]
[52, 98]
[63, 98]
[40, 98]
[32, 98]
[78, 98]
[22, 98]
[15, 98]
[98, 121]
[98, 115]
[98, 187]
[98, 174]
[98, 166]
[98, 182]
[12, 98]
[66, 98]
[67, 98]
[77, 98]
[85, 98]
[23, 98]
[10, 98]
[24, 98]
[79, 98]
[98, 118]
[98, 170]
[98, 108]
[4, 97]
[3, 97]
[1, 97]
[8, 97]
[13, 97]
[18, 97]
[44, 97]
[97, 137]
[97, 181]
[97, 106]
[3, 39]
[1, 39]
[25, 39]
[4, 25]
[9, 24]
[8, 11]
[2, 11]
[13, 24]
[27, 86]
[4, 86]
[14, 86]
[44, 86]
[39, 86]
[73, 86]
[59, 86]
[17, 86]
[86, 137]
[86, 140]
[86, 181]
[86, 106]
[86, 101]
[86, 158]
[86, 188]
[86, 168]
[86, 111]
[21, 86]
[76, 86]
[72, 86]
[35, 86]
[52, 86]
[62, 86]
[63, 86]
[49, 86]
[46, 86]
[15, 86]
[51, 86]
[86, 121]
[86, 115]
[86, 105]
[86, 187]
[86, 141]
[48, 86]
[25, 86]
[3, 13]
[3, 18]
[33, 81]
[20, 81]
[14, 81]
[6, 81]
[2, 81]
[8, 81]
[44, 81]
[81, 137]
[81, 181]
[81, 97]
[81, 183]
[81, 159]
[81, 168]
[81, 111]
[81, 178]
[76, 81]
[52, 81]
[49, 81]
[40, 81]
[32, 81]
[80, 81]
[51, 81]
[81, 105]
[81, 187]
[81, 86]
[19, 81]
[50, 81]
[77, 81]
[81, 85]
[10, 81]
[24, 81]
[81, 119]
[81, 118]
[81, 108]
[81, 98]
[81, 163]
[81, 124]
[81, 130]
[81, 129]
[43, 81]
[37, 81]
[34, 81]
[64, 81]
[81, 125]
[81, 123]
[81, 102]
[81, 152]
[81, 151]
[81, 107]
[81, 90]
[81, 155]
[81, 156]
[81, 153]
[81, 87]
[20, 63]
[6, 20]
[3, 20]
[8, 22]
[18, 22]
[6, 11]
[3, 11]
[14, 22]
[22, 39]
[1, 11]
[11, 23]
[23, 184]
[3, 23]
[22, 73]
[22, 59]
[7, 11]
[27, 28]
[7, 28]
[11, 14]
[15, 87]
[14, 87]
[6, 87]
[1, 87]
[8, 87]
[44, 87]
[39, 87]
[87, 137]
[87, 97]
[87, 101]
[87, 159]
[87, 158]
[87, 188]
[72, 87]
[35, 87]
[40, 87]
[32, 87]
[78, 87]
[87, 115]
[87, 187]
[87, 141]
[20, 87]
[33, 87]
[25, 87]
[86, 87]
[19, 87]
[16, 87]
[87, 166]
[50, 87]
[87, 182]
[12, 87]
[28, 87]
[47, 87]
[67, 87]
[77, 87]
[85, 87]
[23, 87]
[24, 87]
[87, 119]
[87, 170]
[87, 108]
[87, 180]
[87, 98]
[87, 163]
[87, 124]
[60, 87]
[83, 87]
[37, 87]
[64, 87]
[87, 125]
[87, 123]
[87, 172]
[87, 152]
[87, 151]
[87, 150]
[87, 144]
[87, 120]
[87, 104]
[87, 100]
[87, 96]
[87, 176]
[87, 155]
[87, 153]
[6, 71]
[3, 71]
[4, 71]
[8, 71]
[18, 71]
[71, 73]
[59, 71]
[71, 137]
[71, 97]
[71, 188]
[71, 111]
[71, 178]
[52, 71]
[62, 71]
[49, 71]
[71, 75]
[40, 71]
[71, 80]
[71, 78]
[22, 71]
[15, 71]
[51, 71]
[71, 113]
[71, 141]
[48, 71]
[33, 71]
[19, 71]
[71, 166]
[12, 71]
[66, 71]
[47, 71]
[70, 71]
[23, 71]
[24, 71]
[71, 79]
[71, 119]
[71, 170]
[71, 108]
[71, 180]
[71, 98]
[71, 163]
[71, 124]
[60, 71]
[43, 71]
[6, 136]
[3, 136]
[4, 136]
[2, 136]
[8, 136]
[13, 136]
[18, 136]
[44, 136]
[136, 137]
[136, 181]
[136, 159]
[136, 158]
[136, 188]
[136, 168]
[136, 178]
[6, 184]
[3, 184]
[4, 184]
[2, 184]
[18, 184]
[14, 184]
[39, 184]
[73, 184]
[59, 184]
[17, 184]
[137, 184]
[6, 18]
[1, 18]
[14, 24]
[14, 23]
[2, 23]
[25, 148]
[148, 178]
[27, 148]
[6, 148]
[4, 148]
[2, 148]
[13, 148]
[44, 148]
[73, 148]
[59, 148]
[137, 148]
[140, 148]
[148, 181]
[101, 148]
[148, 158]
[148, 168]
[111, 148]
[136, 148]
[21, 148]
[72, 148]
[52, 148]
[9, 148]
[32, 148]
[80, 148]
[15, 148]
[51, 148]
[121, 148]
[115, 148]
[148, 187]
[141, 148]
[20, 148]
[33, 148]
[86, 148]
[19, 148]
[16, 148]
[148, 182]
[12, 148]
[66, 148]
[47, 148]
[70, 148]
[69, 148]
[77, 148]
[85, 148]
[23, 148]
[79, 148]
[119, 148]
[118, 148]
[148, 170]
[108, 148]
[148, 180]
[148, 169]
[124, 148]
[129, 148]
[37, 148]
[34, 148]
[5, 148]
[125, 148]
[123, 148]
[102, 148]
[148, 172]
[148, 152]
[148, 151]
[144, 148]
[74, 148]
[107, 148]
[6, 19]
[3, 19]
[22, 181]
[22, 188]
[11, 44]
[8, 23]
[22, 178]
[21, 22]
[22, 76]
[11, 39]
[15, 169]
[15, 20]
[4, 20]
[18, 24]
[13, 23]
[23, 44]
[21, 168]
[13, 21]
[1, 21]
[6, 21]
[4, 21]
[18, 21]
[17, 21]
[21, 181]
[21, 97]
[21, 101]
[21, 183]
[21, 158]
[21, 188]
[21, 178]
[21, 136]
[7, 18]
[11, 59]
[15, 28]
[28, 188]
[101, 103]
[18, 103]
[18, 59]
[6, 59]
[24, 86]
[5, 63]
[5, 86]
[5, 98]
[2, 18]
[27, 65]
[4, 165]
[26, 165]
[13, 165]
[3, 165]
[2, 165]
[85, 165]
[87, 165]
[24, 165]
[96, 165]
[98, 165]
[18, 165]
[101, 165]
[97, 165]
[22, 165]
[73, 165]
[158, 165]
[163, 165]
[77, 165]
[59, 165]
[61, 165]
[103, 165]
[162, 165]
[165, 186]
[129, 165]
[78, 165]
[108, 165]
[159, 165]
[104, 165]
[157, 165]
[43, 165]
[116, 165]
[62, 165]
[25, 165]
[165, 169]
[42, 165]
[53, 165]
[34, 165]
[106, 165]
[105, 165]
[113, 165]
[38, 165]
[56, 165]
[69, 165]
[14, 165]
[149, 165]
[80, 165]
[15, 165]
[145, 165]
[165, 173]
[164, 165]
[165, 180]
[35, 165]
[76, 165]
[112, 165]
[165, 170]
[83, 165]
[10, 165]
[160, 165]
[72, 165]
[107, 165]
[125, 165]
[91, 165]
[109, 165]
[32, 165]
[165, 174]
[39, 165]
[30, 165]
[17, 165]
[165, 172]
[24, 178]
[2, 178]
[1, 178]
[4, 18]
[24, 136]
[27, 29]
[27, 187]
[13, 187]
[9, 187]
[29, 187]
[3, 187]
[2, 187]
[5, 187]
[178, 187]
[65, 187]
[57, 187]
[97, 187]
[22, 187]
[20, 187]
[187, 188]
[147, 187]
[44, 187]
[73, 187]
[158, 187]
[163, 187]
[77, 187]
[59, 187]
[61, 187]
[137, 187]
[162, 187]
[186, 187]
[129, 187]
[120, 187]
[36, 187]
[78, 187]
[108, 187]
[159, 187]
[99, 187]
[157, 187]
[88, 187]
[152, 187]
[62, 187]
[3, 28]
[2, 28]
[28, 184]
[24, 28]
[18, 28]
[28, 63]
[5, 28]
[28, 178]
[28, 101]
[28, 57]
[28, 97]
[22, 28]
[20, 28]
[28, 147]
[28, 44]
[28, 73]
[28, 59]
[28, 61]
[28, 186]
[28, 108]
[28, 104]
[28, 99]
[28, 48]
[23, 28]
[28, 88]
[28, 116]
[28, 40]
[5, 136]
[3, 101]
[25, 158]
[30, 178]
[7, 101]
[101, 184]
[1, 65]
[3, 65]
[89, 136]
[6, 89]
[8, 89]
[89, 184]
[1, 89]
[65, 89]
[86, 89]
[89, 97]
[20, 89]
[89, 188]
[44, 89]
[89, 133]
[89, 137]
[89, 186]
[78, 89]
[89, 159]
[5, 89]
[43, 89]
[88, 89]
[89, 116]
[28, 89]
[25, 89]
[89, 130]
[67, 89]
[34, 89]
[89, 106]
[89, 105]
[14, 89]
[50, 89]
[15, 89]
[89, 145]
[35, 89]
[76, 89]
[89, 170]
[83, 89]
[45, 89]
[89, 92]
[72, 89]
[89, 107]
[89, 125]
[52, 89]
[32, 89]
[29, 89]
[30, 89]
[51, 89]
[89, 177]
[60, 89]
[37, 89]
[12, 89]
[11, 89]
[55, 89]
[89, 117]
[89, 139]
[89, 123]
[89, 156]
[89, 111]
[89, 155]
[89, 128]
[89, 90]
[89, 179]
[89, 163]
[89, 103]
[89, 129]
[89, 120]
[89, 152]
[16, 89]
[89, 169]
[42, 89]
[70, 89]
[89, 149]
[89, 180]
[89, 94]
[64, 89]
[89, 112]
[89, 119]
[89, 109]
[68, 89]
[78, 178]
[178, 183]
[2, 183]
[13, 183]
[1, 183]
[8, 183]
[4, 183]
[6, 183]
[18, 183]
[65, 183]
[20, 183]
[158, 183]
[133, 183]
[77, 183]
[65, 136]
[2, 65]
[4, 158]
[24, 158]
[97, 158]
[25, 77]
[9, 65]
[8, 65]
[4, 65]
[65, 81]
[18, 65]
[65, 97]
[8, 69]
[69, 184]
[9, 22]
[2, 20]
[9, 29]
[18, 20]
[1, 20]
[20, 136]
[5, 131]
[26, 131]
[1, 131]
[64, 136]
[9, 64]
[20, 97]
[51, 122]
[2, 30]
[30, 148]
[20, 22]
[13, 29]
[1, 29]
[29, 30]
[30, 181]
[23, 30]
[27, 30]
[18, 44]
[7, 44]
[21, 78]
[6, 29]
[7, 29]
[29, 184]
[29, 63]
[13, 59]
[13, 116]
[26, 116]
[28, 176]
[2, 44]
[44, 178]
[13, 73]
[29, 65]
[21, 30]
[21, 99]
[1, 73]
[29, 97]
[65, 73]
[133, 184]
[26, 133]
[7, 133]
[130, 176]
[7, 176]
[1, 176]
[27, 176]
[58, 176]
[3, 176]
[7, 100]
[27, 100]
[13, 100]
[2, 100]
[85, 100]
[9, 100]
[8, 100]
[4, 100]
[6, 100]
[63, 100]
[100, 136]
[100, 178]
[97, 100]
[20, 100]
[100, 188]
[44, 100]
[100, 133]
[77, 100]
[59, 100]
[100, 186]
[100, 159]
[100, 104]
[99, 100]
[46, 100]
[48, 100]
[23, 100]
[100, 157]
[62, 100]
[40, 100]
[100, 126]
[67, 100]
[100, 140]
[100, 181]
[14, 100]
[50, 100]
[100, 121]
[100, 118]
[100, 164]
[83, 100]
[58, 100]
[10, 100]
[100, 107]
[100, 125]
[100, 102]
[91, 100]
[52, 100]
[32, 100]
[100, 174]
[100, 151]
[29, 100]
[39, 100]
[100, 171]
[0, 100]
[31, 100]
[100, 189]
[100, 141]
[100, 115]
[100, 122]
[100, 101]
[11, 100]
[79, 100]
[55, 100]
[100, 117]
[100, 139]
[100, 167]
[41, 100]
[100, 155]
[100, 128]
[93, 100]
[100, 161]
[100, 150]
[100, 179]
[33, 100]
[100, 138]
[24, 100]
[86, 100]
[100, 123]
[61, 100]
[100, 103]
[100, 120]
[100, 152]
[16, 100]
[100, 169]
[42, 100]
[70, 100]
[94, 100]
[47, 100]
[68, 100]
[89, 100]
[100, 172]
[100, 166]
[100, 127]
[95, 100]
[100, 154]
[100, 144]
[84, 100]
[100, 134]
[74, 100]
[65, 133]
[133, 148]
[2, 133]
[85, 133]
[9, 133]
[71, 133]
[8, 133]
[4, 133]
[96, 133]
[98, 133]
[63, 133]
[133, 136]
[133, 178]
[22, 133]
[20, 133]
[44, 133]
[27, 77]
[7, 77]
[3, 77]
[9, 77]
[8, 77]
[77, 136]
[77, 97]
[73, 77]
[77, 133]
[1, 59]
[13, 25]
[1, 25]
[20, 59]
[24, 174]
[59, 178]
[59, 65]
[18, 137]
[6, 137]
[2, 137]
[20, 137]
[30, 136]
[4, 30]
[30, 87]
[6, 30]
[30, 81]
[30, 153]
[30, 98]
[18, 30]
[30, 65]
[20, 30]
[30, 188]
[30, 73]
[30, 59]
[30, 78]
[22, 29]
[30, 104]
[6, 31]
[3, 31]
[13, 31]
[13, 34]
[7, 34]
[31, 34]
[1, 31]
[34, 84]
[24, 34]
[21, 24]
[21, 46]
[133, 137]
[137, 183]
[27, 162]
[1, 162]
[13, 162]
[7, 162]
[2, 162]
[85, 162]
[9, 162]
[71, 162]
[8, 162]
[4, 162]
[98, 162]
[18, 162]
[63, 162]
[162, 178]
[44, 162]
[73, 162]
[162, 183]
[27, 186]
[13, 186]
[3, 186]
[184, 186]
[4, 186]
[81, 186]
[96, 186]
[153, 186]
[97, 186]
[77, 186]
[183, 186]
[27, 36]
[7, 36]
[36, 148]
[3, 36]
[36, 184]
[9, 36]
[36, 87]
[4, 36]
[36, 81]
[36, 153]
[18, 36]
[36, 63]
[36, 136]
[36, 178]
[36, 65]
[22, 36]
[20, 36]
[36, 188]
[36, 133]
[36, 137]
[36, 162]
[27, 78]
[1, 78]
[13, 78]
[7, 78]
[3, 78]
[4, 78]
[6, 78]
[65, 78]
[78, 97]
[22, 78]
[44, 78]
[73, 78]
[78, 183]
[78, 137]
[78, 162]
[78, 186]
[36, 78]
[8, 159]
[3, 159]
[27, 31]
[29, 73]
[29, 47]
[6, 47]
[29, 133]
[8, 47]
[2, 47]
[7, 47]
[29, 183]
[27, 47]
[13, 47]
[3, 47]
[47, 184]
[47, 63]
[47, 178]
[47, 65]
[47, 97]
[22, 47]
[20, 47]
[47, 188]
[47, 73]
[47, 133]
[47, 59]
[47, 183]
[47, 137]
[36, 47]
[47, 78]
[13, 159]
[7, 25]
[6, 159]
[1, 159]
[159, 184]
[159, 178]
[65, 159]
[97, 159]
[77, 159]
[159, 183]
[159, 186]
[36, 159]
[27, 104]
[1, 104]
[13, 104]
[7, 104]
[2, 104]
[85, 104]
[9, 104]
[71, 104]
[6, 104]
[18, 104]
[104, 136]
[104, 178]
[65, 104]
[97, 104]
[20, 104]
[44, 104]
[104, 133]
[77, 104]
[104, 137]
[104, 162]
[104, 186]
[36, 104]
[78, 104]
[104, 159]
[27, 99]
[26, 99]
[13, 99]
[7, 99]
[99, 148]
[2, 99]
[85, 99]
[9, 99]
[8, 99]
[81, 99]
[6, 99]
[99, 153]
[98, 99]
[99, 178]
[97, 99]
[44, 99]
[99, 183]
[99, 186]
[36, 99]
[78, 99]
[99, 159]
[27, 46]
[1, 46]
[7, 46]
[3, 46]
[2, 46]
[46, 63]
[20, 46]
[46, 183]
[46, 162]
[46, 104]
[27, 48]
[13, 48]
[7, 48]
[8, 48]
[48, 63]
[48, 178]
[48, 65]
[48, 97]
[44, 48]
[48, 73]
[48, 77]
[48, 59]
[48, 162]
[48, 104]
[23, 136]
[23, 65]
[20, 23]
[23, 188]
[51, 136]
[8, 51]
[1, 51]
[3, 51]
[47, 51]
[25, 47]
[25, 136]
[6, 25]
[6, 51]
[51, 184]
[4, 51]
[51, 178]
[51, 65]
[51, 97]
[22, 51]
[51, 165]
[20, 51]
[44, 51]
[51, 73]
[51, 77]
[51, 137]
[51, 162]
[51, 99]
[48, 51]
[51, 157]
[43, 51]
[28, 51]
[51, 130]
[51, 140]
[51, 135]
[51, 106]
[51, 56]
[51, 181]
[15, 51]
[51, 121]
[51, 145]
[51, 164]
[51, 76]
[45, 51]
[51, 58]
[51, 72]
[51, 102]
[51, 52]
[32, 51]
[51, 174]
[51, 151]
[39, 51]
[8, 67]
[7, 67]
[23, 133]
[25, 63]
[23, 183]
[23, 162]
[23, 186]
[23, 78]
[23, 99]
[23, 46]
[71, 157]
[26, 157]
[148, 157]
[3, 157]
[2, 157]
[157, 184]
[31, 184]
[9, 31]
[31, 87]
[31, 96]
[31, 98]
[18, 31]
[31, 63]
[31, 165]
[85, 157]
[153, 157]
[18, 157]
[63, 157]
[157, 178]
[97, 157]
[77, 157]
[59, 157]
[137, 157]
[36, 157]
[136, 157]
[65, 157]
[44, 157]
[157, 186]
[99, 157]
[46, 157]
[23, 157]
[7, 43]
[13, 43]
[1, 43]
[43, 184]
[8, 43]
[4, 43]
[18, 43]
[43, 178]
[43, 97]
[43, 59]
[43, 159]
[43, 188]
[43, 133]
[43, 78]
[43, 99]
[43, 46]
[23, 43]
[59, 88]
[26, 88]
[13, 88]
[7, 88]
[3, 88]
[4, 88]
[29, 164]
[27, 164]
[13, 164]
[3, 164]
[164, 184]
[18, 164]
[63, 164]
[22, 164]
[73, 164]
[36, 164]
[159, 164]
[136, 164]
[65, 164]
[20, 164]
[44, 164]
[133, 164]
[78, 164]
[99, 164]
[46, 164]
[23, 164]
[43, 164]
[116, 164]
[62, 164]
[40, 164]
[25, 164]
[126, 164]
[130, 164]
[67, 164]
[140, 164]
[135, 164]
[105, 164]
[50, 164]
[2, 88]
[22, 25]
[25, 73]
[25, 59]
[25, 137]
[25, 36]
[25, 159]
[25, 48]
[25, 187]
[25, 44]
[25, 183]
[25, 162]
[25, 186]
[25, 99]
[25, 46]
[25, 157]
[25, 43]
[25, 62]
[85, 88]
[87, 88]
[88, 153]
[88, 98]
[18, 88]
[88, 97]
[88, 104]
[47, 104]
[88, 133]
[21, 47]
[78, 88]
[81, 116]
[8, 116]
[88, 159]
[47, 118]
[47, 86]
[47, 88]
[47, 187]
[51, 177]
[43, 47]
[25, 155]
[25, 140]
[51, 90]
[90, 162]
[28, 90]
[85, 90]
[2, 90]
[86, 123]
[61, 86]
[86, 103]
[86, 129]
[86, 120]
[86, 108]
[16, 86]
[86, 169]
[42, 86]
[70, 86]
[53, 86]
[86, 180]
[64, 86]
[126, 186]
[81, 126]
[3, 126]
[27, 126]
[1, 126]
[8, 176]
[47, 164]
[113, 118]
[28, 118]
[51, 185]
[51, 101]
[11, 51]
[41, 51]
[51, 111]
[51, 161]
[51, 150]
[51, 179]
[51, 138]
[51, 158]
[28, 76]
[76, 77]
[77, 126]
[96, 126]
[40, 47]
[47, 116]
[47, 92]
[47, 170]
[47, 107]
[47, 130]
[47, 56]
[47, 174]
[47, 99]
[47, 102]
[47, 48]
[47, 62]
[47, 69]
[10, 47]
[47, 171]
[46, 47]
[47, 50]
[47, 160]
[47, 125]
[47, 58]
[47, 55]
[47, 139]
[47, 156]
[47, 57]
[47, 147]
[47, 60]
[47, 168]
[47, 93]
[47, 163]
[47, 175]
[47, 176]
[37, 47]
[47, 141]
[47, 146]
[47, 90]
[47, 75]
[47, 127]
[31, 47]
[47, 182]
[47, 94]
[47, 172]
[47, 132]
[47, 52]
[47, 72]
[47, 151]
[47, 128]
[47, 152]
[12, 47]
[38, 47]
[47, 74]
[47, 79]
[47, 117]
[24, 47]
[47, 149]
[47, 82]
[30, 47]
[47, 142]
[47, 189]
[47, 112]
[47, 119]
[126, 153]
[7, 126]
[2, 126]
[71, 126]
[98, 126]
[63, 126]
[126, 136]
[4, 126]
[97, 126]
[126, 178]
[23, 126]
[126, 159]
[27, 67]
[1, 67]
[67, 184]
[9, 67]
[63, 67]
[67, 162]
[44, 67]
[4, 67]
[67, 97]
[67, 188]
[18, 67]
[23, 67]
[67, 186]
[67, 157]
[67, 126]
[3, 140]
[13, 140]
[1, 140]
[4, 140]
[29, 159]
[3, 181]
[31, 77]
[28, 31]
[31, 136]
[31, 173]
[31, 76]
[31, 45]
[31, 49]
[31, 91]
[20, 31]
[31, 118]
[31, 67]
[31, 140]
[31, 135]
[31, 105]
[31, 35]
[31, 65]
[31, 177]
[31, 124]
[11, 31]
[31, 167]
[7, 181]
[25, 181]
[25, 80]
[13, 181]
[3, 80]
[31, 41]
[31, 111]
[31, 161]
[31, 33]
[31, 120]
[31, 108]
[16, 31]
[31, 169]
[31, 70]
[31, 180]
[5, 31]
[31, 104]
[21, 31]
[31, 123]
[31, 78]
[31, 36]
[31, 187]
[31, 137]
[31, 170]
[31, 88]
[31, 68]
[31, 54]
[31, 110]
[7, 32]
[4, 181]
[4, 82]
[27, 82]
[1, 82]
[29, 162]
[29, 157]
[29, 126]
[29, 106]
[29, 113]
[14, 29]
[29, 145]
[29, 83]
[29, 39]
[0, 29]
[29, 43]
[29, 40]
[29, 92]
[29, 50]
[29, 115]
[29, 185]
[29, 122]
[29, 101]
[29, 158]
[29, 42]
[29, 53]
[29, 84]
[29, 143]
[29, 175]
[29, 67]
[29, 105]
[29, 70]
[5, 29]
[29, 104]
[21, 29]
[29, 36]
[29, 137]
[29, 107]
[29, 130]
[29, 99]
[10, 29]
[29, 171]
[29, 46]
[29, 125]
[29, 57]
[29, 141]
[29, 31]
[29, 52]
[29, 152]
[29, 82]
[29, 66]
[29, 48]
[29, 69]
[29, 58]
[29, 155]
[29, 138]
[19, 29]
[29, 166]
[29, 34]
[29, 37]
[29, 146]
[29, 127]
[29, 140]
[29, 135]
[29, 35]
[29, 124]
[29, 111]
[16, 29]
[29, 78]
[29, 110]
[27, 84]
[13, 84]
[28, 121]
[2, 76]
[2, 113]
[27, 113]
[27, 70]
[1, 70]
[70, 90]
[70, 177]
[70, 121]
[70, 159]
[70, 181]
[3, 70]
[3, 76]
[1, 76]
[23, 76]
[76, 186]
[15, 76]
[76, 121]
[76, 173]
[3, 113]
[80, 113]
[113, 119]
[85, 119]
[121, 136]
[121, 159]
[13, 121]
[27, 121]
[1, 121]
[2, 121]
[121, 178]
[9, 121]
[121, 126]
[23, 121]
[15, 121]
[178, 181]
[1, 181]
[25, 106]
[28, 66]
[66, 126]
[80, 126]
[27, 80]
[28, 106]
[28, 34]
[8, 34]
[34, 77]
[34, 186]
[6, 34]
[34, 184]
[3, 34]
[34, 44]
[34, 188]
[2, 34]
[34, 98]
[34, 59]
[18, 34]
[34, 133]
[4, 34]
[34, 104]
[34, 73]
[34, 113]
[32, 34]
[34, 102]
[34, 62]
[34, 36]
[25, 34]
[17, 34]
[34, 129]
[34, 95]
[34, 68]
[34, 183]
[34, 80]
[34, 181]
[34, 83]
[34, 177]
[34, 123]
[34, 119]
[34, 105]
[34, 35]
[34, 145]
[34, 46]
[34, 67]
[34, 107]
[10, 34]
[34, 152]
[34, 155]
[19, 34]
[34, 182]
[34, 94]
[34, 149]
[34, 109]
[34, 49]
[34, 150]
[34, 64]
[34, 54]
[34, 90]
[34, 147]
[34, 69]
[34, 140]
[34, 125]
[34, 115]
[34, 70]
[34, 171]
[34, 57]
[34, 66]
[34, 166]
[34, 37]
[34, 127]
[34, 60]
[34, 112]
[34, 134]
[34, 131]
[34, 103]
[1, 103]
[26, 103]
[27, 103]
[21, 103]
[103, 178]
[85, 103]
[103, 157]
[103, 153]
[103, 159]
[103, 136]
[103, 162]
[43, 103]
[20, 103]
[103, 184]
[103, 126]
[81, 103]
[103, 121]
[98, 103]
[103, 186]
[103, 170]
[59, 103]
[4, 103]
[103, 104]
[88, 103]
[40, 103]
[36, 103]
[17, 103]
[103, 183]
[14, 103]
[83, 103]
[67, 103]
[103, 138]
[0, 103]
[51, 103]
[103, 169]
[103, 113]
[95, 103]
[103, 130]
[56, 103]
[103, 155]
[103, 146]
[103, 111]
[49, 103]
[103, 167]
[103, 156]
[50, 103]
[103, 124]
[103, 177]
[103, 185]
[103, 158]
[45, 103]
[103, 118]
[79, 103]
[12, 103]
[103, 189]
[80, 103]
[84, 103]
[103, 143]
[33, 103]
[103, 108]
[103, 139]
[103, 140]
[70, 103]
[103, 107]
[55, 103]
[103, 119]
[103, 164]
[103, 163]
[75, 103]
[103, 141]
[103, 152]
[103, 182]
[94, 103]
[103, 149]
[103, 109]
[103, 154]
[103, 125]
[57, 103]
[66, 103]
[37, 103]
[60, 103]
[103, 176]
[103, 131]
[96, 131]
[71, 131]
[131, 165]
[21, 131]
[131, 187]
[131, 178]
[85, 131]
[97, 131]
[131, 136]
[131, 137]
[43, 131]
[22, 131]
[8, 131]
[20, 131]
[6, 131]
[131, 184]
[13, 131]
[81, 131]
[44, 131]
[131, 188]
[121, 131]
[7, 131]
[131, 186]
[131, 170]
[18, 131]
[131, 133]
[104, 131]
[73, 131]
[83, 131]
[76, 131]
[106, 131]
[67, 131]
[131, 138]
[131, 174]
[131, 169]
[128, 131]
[113, 131]
[129, 131]
[105, 131]
[131, 151]
[56, 131]
[131, 155]
[111, 131]
[39, 131]
[131, 150]
[131, 167]
[131, 156]
[62, 131]
[124, 131]
[35, 131]
[131, 185]
[131, 158]
[91, 131]
[118, 131]
[72, 131]
[131, 160]
[131, 189]
[32, 131]
[80, 131]
[131, 145]
[90, 131]
[115, 131]
[10, 131]
[55, 131]
[52, 131]
[68, 131]
[60, 131]
[131, 143]
[19, 131]
[131, 161]
[108, 131]
[116, 131]
[92, 131]
[58, 131]
[122, 131]
[119, 131]
[131, 163]
[131, 144]
[131, 152]
[82, 131]
[74, 131]
[109, 131]
[131, 172]
[127, 131]
[131, 176]
[112, 131]
[1, 112]
[26, 112]
[27, 112]
[21, 112]
[112, 187]
[112, 178]
[9, 112]
[23, 112]
[85, 112]
[63, 112]
[87, 112]
[97, 112]
[112, 153]
[112, 135]
[22, 112]
[78, 112]
[13, 112]
[112, 126]
[44, 112]
[112, 188]
[112, 121]
[2, 112]
[112, 170]
[28, 112]
[112, 133]
[104, 112]
[73, 112]
[36, 112]
[25, 112]
[17, 112]
[86, 112]
[14, 112]
[106, 112]
[112, 138]
[0, 112]
[51, 112]
[112, 174]
[102, 112]
[112, 173]
[112, 113]
[105, 112]
[112, 151]
[112, 155]
[49, 112]
[112, 167]
[50, 112]
[62, 112]
[112, 177]
[29, 112]
[101, 112]
[46, 112]
[79, 112]
[112, 168]
[112, 140]
[41, 112]
[112, 117]
[75, 112]
[112, 120]
[112, 123]
[112, 180]
[112, 125]
[112, 171]
[31, 112]
[35, 112]
[84, 112]
[33, 112]
[54, 112]
[16, 112]
[112, 182]
[94, 112]
[112, 149]
[112, 114]
[24, 112]
[112, 147]
[112, 166]
[112, 185]
[91, 112]
[112, 118]
[72, 112]
[112, 145]
[112, 115]
[30, 112]
[112, 160]
[112, 129]
[68, 112]
[60, 112]
[108, 112]
[112, 116]
[92, 112]
[112, 144]
[82, 112]
[71, 82]
[21, 82]
[82, 187]
[23, 82]
[63, 82]
[82, 157]
[82, 159]
[82, 136]
[65, 82]
[43, 82]
[82, 135]
[8, 82]
[6, 82]
[48, 82]
[82, 126]
[44, 82]
[82, 188]
[7, 82]
[82, 186]
[82, 88]
[36, 82]
[25, 82]
[82, 86]
[14, 82]
[82, 83]
[76, 82]
[82, 106]
[0, 82]
[51, 82]
[82, 174]
[82, 128]
[82, 173]
[15, 82]
[82, 151]
[82, 155]
[49, 82]
[62, 82]
[82, 177]
[82, 101]
[79, 82]
[12, 82]
[82, 139]
[69, 82]
[41, 82]
[82, 95]
[82, 164]
[75, 82]
[82, 120]
[82, 84]
[33, 82]
[54, 82]
[70, 82]
[16, 82]
[82, 182]
[24, 82]
[82, 154]
[66, 82]
[82, 185]
[72, 82]
[32, 82]
[80, 82]
[82, 145]
[82, 90]
[82, 115]
[82, 160]
[55, 82]
[82, 156]
[82, 129]
[60, 82]
[82, 143]
[19, 82]
[82, 161]
[82, 108]
[82, 163]
[163, 178]
[85, 163]
[162, 163]
[22, 163]
[20, 163]
[77, 163]
[163, 184]
[121, 163]
[163, 170]
[18, 163]
[133, 163]
[104, 163]
[73, 163]
[163, 183]
[67, 163]
[99, 163]
[138, 163]
[102, 163]
[163, 181]
[11, 163]
[56, 163]
[146, 163]
[50, 163]
[45, 163]
[107, 163]
[163, 180]
[125, 163]
[163, 171]
[31, 163]
[37, 163]
[35, 163]
[64, 163]
[94, 163]
[149, 163]
[114, 163]
[163, 166]
[65, 163]
[43, 163]
[8, 163]
[48, 163]
[7, 163]
[163, 186]
[88, 163]
[86, 163]
[62, 163]
[5, 163]
[14, 163]
[163, 174]
[79, 163]
[163, 164]
[70, 163]
[163, 182]
[66, 163]
[163, 185]
[158, 163]
[135, 163]
[54, 163]
[163, 189]
[116, 163]
[68, 163]
[90, 163]
[150, 163]
[60, 163]
[83, 163]
[76, 163]
[119, 163]
[15, 163]
[155, 163]
[49, 163]
[29, 163]
[163, 179]
[142, 163]
[95, 163]
[33, 163]
[134, 163]
[92, 163]
[58, 163]
[122, 163]
[30, 163]
[161, 163]
[163, 177]
[41, 163]
[32, 163]
[80, 163]
[55, 163]
[152, 163]
[160, 163]
[61, 163]
[144, 163]
[163, 176]
[163, 175]
[1, 175]
[26, 175]
[27, 175]
[175, 178]
[9, 175]
[85, 175]
[87, 175]
[77, 175]
[175, 184]
[81, 175]
[40, 175]
[175, 183]
[46, 175]
[123, 175]
[57, 175]
[23, 175]
[6, 175]
[101, 175]
[24, 175]
[133, 175]
[104, 175]
[36, 175]
[162, 175]
[121, 175]
[67, 175]
[102, 175]
[113, 175]
[175, 181]
[130, 175]
[50, 175]
[140, 175]
[125, 175]
[34, 175]
[169, 175]
[118, 175]
[120, 175]
[106, 175]
[51, 175]
[69, 175]
[75, 175]
[84, 175]
[154, 175]
[167, 175]
[45, 175]
[72, 175]
[91, 175]
[65, 175]
[43, 175]
[126, 175]
[129, 175]
[173, 175]
[139, 175]
[111, 175]
[52, 175]
[107, 175]
[112, 175]
[37, 175]
[64, 175]
[94, 175]
[149, 175]
[114, 175]
[8, 175]
[86, 175]
[143, 175]
[82, 175]
[62, 175]
[166, 175]
[53, 175]
[132, 175]
[174, 175]
[175, 182]
[175, 185]
[103, 175]
[158, 175]
[54, 175]
[109, 175]
[38, 175]
[175, 189]
[68, 175]
[90, 175]
[150, 175]
[14, 175]
[83, 175]
[76, 175]
[155, 175]
[49, 175]
[142, 175]
[95, 175]
[33, 175]
[92, 175]
[58, 175]
[122, 175]
[161, 175]
[41, 175]
[32, 175]
[152, 175]
[1, 152]
[9, 152]
[137, 152]
[22, 152]
[20, 152]
[77, 152]
[152, 184]
[2, 152]
[59, 152]
[18, 152]
[40, 152]
[123, 152]
[147, 152]
[57, 152]
[23, 152]
[63, 152]
[136, 152]
[4, 152]
[101, 152]
[24, 152]
[133, 152]
[99, 152]
[152, 159]
[36, 152]
[152, 162]
[121, 152]
[17, 152]
[102, 152]
[152, 181]
[105, 152]
[11, 152]
[50, 152]
[152, 168]
[152, 180]
[125, 152]
[152, 169]
[25, 152]
[51, 152]
[128, 152]
[12, 152]
[65, 152]
[43, 152]
[48, 152]
[126, 152]
[139, 152]
[5, 152]
[10, 152]
[71, 152]
[145, 152]
[114, 152]
[78, 152]
[86, 152]
[143, 152]
[152, 186]
[140, 152]
[138, 152]
[146, 152]
[117, 152]
[19, 152]
[53, 152]
[37, 152]
[94, 152]
[149, 152]
[152, 174]
[152, 185]
[152, 158]
[54, 152]
[68, 152]
[150, 152]
[14, 152]
[152, 166]
[152, 177]
[79, 152]
[152, 182]
[109, 152]
[152, 189]
[60, 152]
[152, 155]
[134, 152]
[74, 152]
[127, 152]
[41, 152]
[32, 152]
[42, 152]
[55, 152]
[152, 179]
[61, 152]
[142, 152]
[92, 152]
[122, 152]
[30, 152]
[30, 46]
[30, 123]
[30, 57]
[30, 101]
[30, 43]
[30, 88]
[30, 67]
[30, 113]
[30, 105]
[25, 30]
[30, 126]
[30, 34]
[30, 135]
[5, 30]
[30, 170]
[17, 30]
[30, 39]
[30, 50]
[30, 118]
[0, 30]
[30, 151]
[30, 139]
[10, 30]
[30, 52]
[30, 143]
[30, 171]
[30, 144]
[30, 95]
[30, 33]
[30, 138]
[30, 35]
[30, 94]
[30, 177]
[30, 103]
[30, 79]
[30, 60]
[30, 134]
[30, 74]
[30, 42]
[30, 55]
[30, 160]
[30, 179]
[30, 61]
[30, 142]
[30, 108]
[30, 168]
[30, 180]
[30, 141]
[30, 128]
[30, 72]
[30, 115]
[30, 64]
[30, 66]
[30, 83]
[30, 124]
[16, 30]
[30, 185]
[19, 30]
[30, 68]
[30, 166]
[30, 38]
[30, 127]
[30, 32]
[1, 32]
[27, 32]
[32, 97]
[32, 184]
[13, 32]
[2, 32]
[32, 59]
[32, 183]
[32, 99]
[32, 48]
[8, 32]
[23, 32]
[32, 102]
[32, 45]
[32, 62]
[32, 145]
[32, 174]
[14, 32]
[32, 164]
[32, 58]
[32, 136]
[32, 65]
[21, 32]
[32, 46]
[32, 123]
[32, 147]
[24, 32]
[11, 32]
[32, 169]
[32, 84]
[32, 57]
[32, 119]
[32, 172]
[32, 43]
[32, 146]
[32, 117]
[32, 111]
[32, 158]
[32, 37]
[32, 150]
[32, 182]
[32, 67]
[32, 105]
[32, 109]
[32, 189]
[32, 155]
[32, 41]
[32, 170]
[17, 32]
[32, 39]
[32, 118]
[32, 151]
[32, 139]
[10, 32]
[32, 143]
[32, 95]
[32, 33]
[32, 138]
[32, 35]
[32, 79]
[32, 60]
[32, 74]
[32, 101]
[32, 108]
[32, 168]
[32, 141]
[14, 17]
[13, 14]
[14, 73]
[8, 14]
[14, 162]
[14, 186]
[14, 181]
[14, 99]
[4, 14]
[14, 44]
[14, 77]
[14, 121]
[14, 76]
[44, 181]
[18, 181]
[2, 181]
[23, 181]
[4, 76]
[73, 76]
[76, 162]
[76, 188]
[76, 99]
[76, 157]
[21, 76]
[76, 97]
[104, 181]
[62, 145]
[26, 145]
[81, 145]
[1, 145]
[71, 145]
[145, 153]
[85, 145]
[8, 145]
[13, 145]
[145, 178]
[145, 159]
[63, 145]
[25, 145]
[2, 145]
[99, 145]
[104, 145]
[121, 145]
[136, 145]
[126, 145]
[21, 145]
[97, 145]
[76, 145]
[145, 170]
[145, 171]
[133, 145]
[83, 145]
[135, 145]
[40, 145]
[93, 145]
[101, 145]
[137, 145]
[36, 145]
[78, 145]
[116, 145]
[124, 145]
[106, 145]
[113, 145]
[69, 145]
[67, 145]
[140, 145]
[139, 145]
[117, 145]
[15, 145]
[35, 145]
[0, 145]
[45, 145]
[90, 145]
[33, 145]
[145, 150]
[145, 156]
[114, 145]
[120, 145]
[145, 147]
[123, 145]
[72, 145]
[145, 174]
[11, 145]
[102, 145]
[52, 145]
[145, 149]
[145, 189]
[19, 145]
[70, 145]
[145, 151]
[145, 185]
[55, 145]
[24, 145]
[68, 145]
[37, 145]
[145, 176]
[66, 145]
[95, 145]
[80, 133]
[54, 185]
[25, 185]
[26, 185]
[148, 185]
[153, 185]
[98, 185]
[85, 185]
[96, 185]
[8, 185]
[165, 185]
[178, 185]
[159, 185]
[63, 185]
[3, 185]
[27, 185]
[77, 185]
[185, 188]
[2, 185]
[23, 185]
[104, 185]
[20, 185]
[184, 185]
[7, 185]
[4, 185]
[157, 185]
[21, 185]
[46, 185]
[181, 185]
[44, 185]
[88, 185]
[126, 185]
[78, 185]
[170, 185]
[118, 185]
[83, 185]
[107, 185]
[135, 185]
[62, 185]
[48, 185]
[10, 185]
[122, 185]
[50, 185]
[101, 185]
[36, 185]
[116, 185]
[124, 185]
[113, 185]
[69, 185]
[67, 185]
[140, 185]
[105, 185]
[155, 185]
[35, 185]
[91, 185]
[0, 185]
[58, 185]
[39, 185]
[12, 185]
[43, 185]
[90, 185]
[130, 185]
[33, 185]
[167, 185]
[120, 185]
[123, 185]
[111, 185]
[174, 185]
[102, 185]
[60, 185]
[149, 185]
[182, 185]
[134, 185]
[141, 185]
[185, 189]
[94, 185]
[110, 185]
[19, 185]
[70, 185]
[133, 171]
[76, 133]
[133, 170]
[17, 133]
[14, 133]
[118, 133]
[20, 181]
[85, 177]
[71, 177]
[99, 121]
[22, 121]
[104, 121]
[121, 157]
[21, 121]
[59, 121]
[88, 162]
[88, 181]
[51, 84]
[24, 51]
[24, 188]
[24, 77]
[44, 88]
[31, 99]
[20, 126]
[88, 136]
[88, 126]
[99, 126]
[22, 126]
[4, 102]
[7, 102]
[7, 14]
[6, 14]
[14, 84]
[20, 84]
[65, 121]
[162, 177]
[177, 186]
[8, 177]
[24, 25]
[6, 181]
[48, 181]
[121, 187]
[48, 88]
[78, 121]
[88, 137]
[137, 181]
[36, 88]
[121, 183]
[181, 183]
[88, 183]
[43, 88]
[43, 121]
[20, 83]
[9, 83]
[24, 159]
[63, 84]
[63, 83]
[83, 186]
[1, 83]
[18, 83]
[73, 83]
[83, 184]
[83, 104]
[77, 83]
[23, 83]
[21, 83]
[83, 188]
[2, 83]
[83, 136]
[6, 83]
[83, 187]
[36, 83]
[9, 170]
[8, 170]
[17, 25]
[13, 17]
[17, 73]
[7, 17]
[17, 77]
[17, 23]
[17, 59]
[17, 137]
[17, 88]
[17, 121]
[6, 17]
[17, 187]
[17, 83]
[17, 170]
[18, 170]
[85, 170]
[63, 170]
[73, 170]
[53, 184]
[121, 170]
[33, 121]
[33, 73]
[9, 33]
[13, 33]
[27, 50]
[28, 50]
[7, 50]
[4, 50]
[22, 50]
[50, 104]
[50, 159]
[25, 50]
[50, 157]
[50, 162]
[50, 59]
[18, 50]
[21, 50]
[50, 99]
[50, 88]
[50, 78]
[20, 50]
[50, 136]
[49, 50]
[5, 50]
[50, 155]
[50, 76]
[50, 158]
[50, 181]
[50, 168]
[50, 173]
[50, 115]
[50, 91]
[50, 53]
[50, 128]
[50, 56]
[50, 130]
[50, 110]
[50, 116]
[50, 138]
[50, 113]
[50, 135]
[50, 58]
[50, 80]
[50, 156]
[50, 122]
[50, 182]
[50, 65]
[50, 124]
[50, 105]
[50, 167]
[50, 120]
[50, 117]
[0, 50]
[50, 107]
[10, 50]
[45, 50]
[59, 101]
[59, 170]
[7, 170]
[23, 170]
[157, 170]
[162, 170]
[97, 170]
[21, 170]
[170, 188]
[2, 170]
[20, 170]
[6, 170]
[84, 178]
[170, 187]
[36, 170]
[14, 137]
[14, 187]
[14, 36]
[8, 150]
[71, 150]
[71, 92]
[81, 92]
[27, 139]
[5, 188]
[5, 25]
[5, 23]
[5, 157]
[5, 21]
[5, 88]
[5, 20]
[5, 77]
[5, 137]
[5, 99]
[5, 36]
[5, 14]
[5, 44]
[5, 183]
[5, 43]
[5, 67]
[5, 123]
[5, 76]
[5, 35]
[5, 72]
[5, 158]
[5, 181]
[5, 177]
[5, 83]
[5, 150]
[5, 102]
[5, 126]
[5, 116]
[5, 156]
[5, 122]
[5, 65]
[5, 168]
[5, 11]
[5, 154]
[5, 39]
[5, 111]
[5, 33]
[5, 95]
[5, 169]
[5, 161]
[5, 68]
[5, 16]
[5, 143]
[5, 180]
[5, 66]
[5, 69]
[5, 37]
[5, 151]
[5, 54]
[5, 61]
[2, 106]
[2, 80]
[18, 80]
[8, 106]
[1, 106]
[6, 106]
[59, 106]
[106, 184]
[104, 106]
[106, 133]
[78, 106]
[106, 187]
[106, 157]
[106, 137]
[17, 106]
[106, 118]
[1, 118]
[85, 118]
[22, 33]
[33, 63]
[13, 118]
[118, 178]
[118, 170]
[73, 118]
[104, 118]
[118, 162]
[18, 118]
[97, 118]
[84, 97]
[18, 84]
[7, 118]
[78, 118]
[6, 118]
[118, 187]
[88, 118]
[24, 97]
[24, 106]
[27, 92]
[26, 92]
[1, 92]
[28, 92]
[14, 62]
[92, 98]
[85, 92]
[8, 92]
[24, 118]
[24, 40]
[24, 101]
[24, 44]
[24, 76]
[24, 35]
[24, 72]
[24, 185]
[24, 140]
[24, 173]
[24, 80]
[24, 65]
[11, 24]
[24, 90]
[24, 169]
[24, 74]
[24, 66]
[15, 24]
[24, 37]
[24, 151]
[24, 164]
[24, 45]
[19, 24]
[24, 179]
[24, 84]
[24, 129]
[24, 70]
[24, 142]
[24, 125]
[24, 171]
[24, 141]
[24, 182]
[24, 38]
[24, 115]
[24, 62]
[24, 177]
[24, 122]
[24, 64]
[24, 127]
[24, 139]
[24, 33]
[24, 95]
[24, 161]
[16, 24]
[24, 180]
[58, 63]
[27, 42]
[28, 42]
[42, 81]
[1, 42]
[42, 87]
[9, 42]
[42, 82]
[2, 42]
[42, 178]
[42, 188]
[42, 131]
[6, 42]
[42, 51]
[42, 103]
[42, 136]
[42, 77]
[25, 42]
[18, 42]
[42, 159]
[42, 59]
[20, 42]
[42, 48]
[42, 144]
[42, 78]
[42, 183]
[42, 150]
[42, 116]
[42, 189]
[42, 137]
[42, 168]
[42, 49]
[14, 42]
[42, 43]
[23, 42]
[42, 123]
[42, 170]
[42, 155]
[42, 111]
[42, 181]
[42, 83]
[42, 102]
[42, 156]
[42, 124]
[42, 108]
[42, 68]
[42, 106]
[42, 140]
[42, 80]
[42, 90]
[42, 169]
[42, 74]
[15, 42]
[37, 42]
[42, 151]
[42, 132]
[42, 120]
[0, 42]
[42, 45]
[42, 166]
[42, 179]
[42, 84]
[34, 92]
[70, 187]
[18, 70]
[7, 70]
[28, 70]
[70, 186]
[59, 70]
[59, 90]
[18, 90]
[21, 90]
[27, 90]
[90, 98]
[71, 90]
[1, 90]
[9, 176]
[96, 176]
[98, 176]
[89, 176]
[97, 176]
[31, 176]
[35, 73]
[3, 35]
[35, 186]
[8, 35]
[7, 35]
[22, 35]
[6, 35]
[35, 77]
[25, 35]
[35, 162]
[35, 159]
[35, 133]
[35, 157]
[20, 35]
[35, 48]
[35, 92]
[35, 78]
[35, 183]
[35, 97]
[35, 121]
[35, 150]
[35, 116]
[35, 189]
[35, 168]
[35, 49]
[35, 143]
[14, 35]
[35, 43]
[35, 170]
[35, 167]
[35, 39]
[35, 40]
[35, 83]
[35, 154]
[35, 158]
[35, 140]
[35, 90]
[35, 169]
[15, 35]
[35, 151]
[35, 164]
[35, 120]
[0, 35]
[19, 35]
[35, 146]
[35, 166]
[35, 119]
[35, 142]
[35, 149]
[35, 52]
[35, 182]
[35, 172]
[35, 60]
[35, 55]
[35, 115]
[35, 62]
[35, 122]
[35, 64]
[33, 35]
[35, 161]
[35, 61]
[35, 128]
[35, 134]
[35, 110]
[35, 113]
[35, 91]
[35, 105]
[35, 130]
[10, 35]
[35, 94]
[35, 107]
[35, 114]
[35, 132]
[35, 179]
[35, 70]
[56, 156]
[56, 186]
[56, 81]
[83, 92]
[92, 96]
[25, 177]
[7, 177]
[27, 177]
[9, 177]
[4, 177]
[2, 177]
[13, 177]
[177, 178]
[6, 177]
[136, 177]
[77, 177]
[104, 177]
[21, 177]
[59, 177]
[20, 177]
[78, 177]
[36, 177]
[48, 177]
[17, 177]
[177, 183]
[150, 177]
[177, 189]
[168, 177]
[49, 177]
[43, 177]
[67, 177]
[155, 177]
[39, 177]
[111, 177]
[177, 181]
[44, 177]
[135, 177]
[58, 177]
[118, 177]
[154, 177]
[158, 177]
[65, 177]
[11, 177]
[90, 177]
[15, 177]
[151, 177]
[115, 177]
[62, 177]
[126, 187]
[78, 126]
[83, 170]
[36, 126]
[126, 137]
[48, 126]
[9, 92]
[4, 92]
[13, 92]
[92, 178]
[92, 188]
[22, 92]
[77, 92]
[25, 92]
[92, 97]
[92, 121]
[6, 92]
[92, 136]
[92, 187]
[59, 92]
[36, 92]
[92, 137]
[92, 126]
[17, 183]
[18, 150]
[25, 150]
[22, 150]
[28, 150]
[1, 150]
[150, 165]
[150, 188]
[9, 150]
[150, 178]
[119, 183]
[119, 157]
[7, 150]
[77, 150]
[133, 150]
[150, 157]
[145, 169]
[9, 169]
[85, 169]
[2, 169]
[13, 169]
[169, 178]
[73, 169]
[169, 188]
[7, 169]
[51, 169]
[77, 169]
[25, 169]
[18, 169]
[159, 169]
[121, 169]
[88, 169]
[6, 169]
[104, 169]
[21, 169]
[162, 169]
[20, 169]
[78, 169]
[137, 169]
[23, 169]
[36, 169]
[116, 169]
[168, 169]
[49, 169]
[143, 169]
[14, 169]
[43, 169]
[167, 169]
[169, 170]
[144, 169]
[169, 189]
[67, 169]
[123, 169]
[111, 169]
[169, 181]
[44, 169]
[76, 169]
[138, 169]
[58, 169]
[108, 169]
[118, 169]
[65, 169]
[99, 101]
[101, 159]
[101, 133]
[88, 101]
[20, 101]
[78, 101]
[36, 101]
[83, 101]
[101, 116]
[101, 168]
[49, 101]
[14, 101]
[101, 155]
[101, 123]
[40, 101]
[17, 43]
[170, 183]
[43, 170]
[158, 159]
[43, 126]
[43, 92]
[9, 144]
[8, 144]
[98, 144]
[1, 144]
[84, 96]
[28, 144]
[86, 144]
[144, 184]
[13, 144]
[19, 32]
[107, 170]
[9, 107]
[63, 107]
[71, 107]
[1, 107]
[98, 107]
[85, 107]
[8, 107]
[107, 186]
[27, 107]
[107, 184]
[4, 107]
[2, 107]
[13, 107]
[107, 188]
[7, 107]
[22, 107]
[31, 107]
[77, 107]
[18, 107]
[97, 107]
[107, 136]
[21, 107]
[23, 107]
[99, 107]
[17, 107]
[107, 126]
[43, 107]
[36, 107]
[92, 107]
[107, 144]
[107, 189]
[67, 107]
[83, 107]
[48, 107]
[107, 168]
[49, 107]
[107, 143]
[14, 107]
[107, 155]
[107, 167]
[107, 123]
[40, 107]
[107, 181]
[58, 107]
[107, 156]
[107, 124]
[107, 158]
[107, 140]
[107, 173]
[107, 115]
[62, 107]
[107, 122]
[107, 161]
[107, 171]
[5, 107]
[56, 107]
[107, 160]
[107, 117]
[107, 174]
[88, 144]
[25, 144]
[144, 178]
[7, 144]
[77, 144]
[18, 144]
[97, 144]
[6, 144]
[136, 144]
[104, 144]
[21, 144]
[137, 144]
[59, 144]
[20, 144]
[78, 144]
[17, 144]
[144, 183]
[43, 144]
[9, 189]
[27, 189]
[28, 189]
[24, 46]
[5, 19]
[19, 21]
[96, 189]
[98, 189]
[84, 186]
[3, 84]
[84, 86]
[84, 145]
[6, 84]
[84, 136]
[84, 104]
[84, 187]
[84, 133]
[84, 99]
[59, 84]
[78, 84]
[43, 84]
[48, 84]
[84, 150]
[84, 102]
[84, 135]
[84, 126]
[65, 84]
[15, 84]
[84, 151]
[39, 84]
[84, 120]
[84, 147]
[52, 84]
[84, 141]
[84, 134]
[10, 84]
[84, 183]
[58, 84]
[84, 156]
[84, 124]
[69, 84]
[84, 143]
[84, 107]
[80, 84]
[84, 111]
[84, 108]
[68, 84]
[46, 84]
[84, 105]
[11, 84]
[84, 139]
[33, 84]
[84, 167]
[84, 166]
[84, 94]
[84, 132]
[16, 84]
[54, 84]
[84, 109]
[84, 176]
[84, 181]
[84, 140]
[84, 122]
[84, 161]
[50, 84]
[84, 154]
[84, 90]
[37, 84]
[84, 146]
[83, 144]
[83, 189]
[67, 83]
[87, 189]
[63, 189]
[2, 189]
[13, 189]
[73, 189]
[188, 189]
[22, 189]
[51, 189]
[31, 189]
[25, 189]
[21, 189]
[162, 189]
[170, 189]
[3, 189]
[104, 189]
[99, 189]
[144, 189]
[67, 137]
[67, 104]
[67, 189]
[44, 170]
[44, 92]
[28, 166]
[8, 166]
[1, 166]
[27, 166]
[9, 166]
[2, 166]
[13, 166]
[73, 166]
[166, 188]
[32, 166]
[22, 166]
[51, 166]
[159, 166]
[157, 166]
[21, 166]
[137, 166]
[88, 166]
[17, 166]
[166, 170]
[3, 166]
[86, 166]
[18, 166]
[6, 166]
[166, 177]
[99, 166]
[36, 166]
[144, 166]
[83, 166]
[44, 166]
[49, 166]
[78, 166]
[118, 166]
[101, 166]
[76, 166]
[138, 166]
[106, 166]
[97, 166]
[136, 166]
[155, 166]
[40, 166]
[166, 173]
[145, 166]
[115, 166]
[62, 166]
[95, 166]
[45, 166]
[128, 166]
[110, 166]
[91, 166]
[56, 166]
[160, 166]
[43, 166]
[133, 166]
[15, 166]
[151, 166]
[39, 166]
[120, 166]
[52, 166]
[141, 166]
[166, 183]
[14, 166]
[156, 166]
[80, 166]
[139, 166]
[33, 166]
[44, 189]
[18, 116]
[21, 116]
[34, 116]
[71, 116]
[116, 148]
[1, 116]
[24, 113]
[116, 153]
[85, 116]
[73, 116]
[9, 116]
[59, 189]
[20, 189]
[96, 116]
[24, 91]
[14, 189]
[14, 116]
[31, 164]
[65, 170]
[83, 164]
[28, 168]
[14, 19]
[14, 168]
[78, 189]
[62, 184]
[2, 62]
[3, 62]
[62, 73]
[62, 188]
[62, 157]
[22, 62]
[62, 104]
[62, 99]
[62, 121]
[62, 137]
[31, 62]
[62, 92]
[62, 144]
[62, 101]
[44, 62]
[49, 62]
[62, 155]
[62, 106]
[62, 182]
[62, 136]
[62, 67]
[62, 126]
[40, 88]
[8, 40]
[1, 40]
[27, 40]
[40, 63]
[9, 40]
[13, 40]
[7, 40]
[40, 77]
[40, 162]
[40, 184]
[3, 40]
[22, 40]
[40, 104]
[40, 99]
[40, 83]
[36, 118]
[99, 118]
[118, 189]
[40, 118]
[73, 173]
[17, 76]
[40, 76]
[76, 170]
[76, 78]
[36, 76]
[76, 83]
[76, 189]
[76, 118]
[59, 76]
[40, 97]
[76, 137]
[44, 118]
[76, 92]
[168, 178]
[4, 168]
[165, 168]
[13, 168]
[77, 168]
[24, 75]
[168, 184]
[73, 168]
[168, 188]
[3, 168]
[104, 168]
[20, 168]
[6, 168]
[137, 168]
[59, 168]
[92, 168]
[40, 168]
[118, 168]
[27, 138]
[71, 138]
[1, 138]
[25, 138]
[13, 138]
[85, 138]
[96, 138]
[77, 138]
[176, 188]
[77, 176]
[85, 176]
[115, 118]
[25, 115]
[99, 106]
[101, 106]
[36, 106]
[40, 106]
[92, 106]
[106, 168]
[72, 106]
[106, 173]
[106, 144]
[138, 170]
[138, 165]
[51, 141]
[7, 141]
[27, 141]
[63, 141]
[141, 165]
[1, 141]
[4, 138]
[138, 159]
[138, 186]
[115, 119]
[8, 119]
[2, 138]
[73, 138]
[138, 188]
[22, 138]
[21, 138]
[121, 138]
[138, 157]
[20, 138]
[6, 138]
[118, 138]
[137, 138]
[99, 138]
[44, 138]
[138, 189]
[76, 138]
[88, 138]
[126, 189]
[28, 49]
[1, 49]
[8, 49]
[49, 63]
[4, 49]
[13, 49]
[49, 178]
[178, 180]
[77, 180]
[8, 180]
[85, 180]
[1, 180]
[133, 189]
[49, 133]
[64, 142]
[81, 142]
[87, 142]
[142, 148]
[26, 142]
[89, 142]
[142, 153]
[98, 142]
[85, 142]
[34, 142]
[96, 142]
[28, 142]
[63, 142]
[27, 142]
[13, 142]
[7, 142]
[131, 142]
[32, 142]
[51, 142]
[77, 142]
[25, 142]
[142, 159]
[23, 142]
[86, 142]
[18, 142]
[73, 142]
[3, 142]
[22, 142]
[21, 142]
[121, 142]
[31, 142]
[6, 142]
[17, 142]
[142, 145]
[118, 142]
[99, 142]
[44, 142]
[83, 142]
[36, 142]
[133, 142]
[92, 142]
[76, 142]
[142, 168]
[142, 144]
[142, 187]
[43, 142]
[116, 142]
[39, 142]
[142, 150]
[142, 143]
[111, 142]
[138, 142]
[142, 155]
[106, 142]
[14, 142]
[142, 156]
[123, 142]
[142, 169]
[102, 142]
[58, 142]
[108, 142]
[50, 142]
[142, 182]
[52, 142]
[0, 142]
[132, 142]
[45, 142]
[120, 142]
[80, 142]
[127, 142]
[74, 142]
[142, 171]
[11, 142]
[33, 142]
[140, 142]
[122, 142]
[15, 142]
[142, 154]
[90, 142]
[139, 142]
[37, 142]
[5, 142]
[60, 142]
[61, 142]
[57, 142]
[38, 142]
[70, 142]
[91, 142]
[75, 142]
[53, 142]
[110, 142]
[107, 142]
[56, 142]
[117, 142]
[94, 142]
[142, 176]
[109, 142]
[40, 68]
[40, 133]
[13, 79]
[63, 79]
[49, 159]
[49, 88]
[49, 186]
[23, 49]
[49, 144]
[6, 49]
[49, 184]
[5, 182]
[5, 52]
[2, 49]
[134, 142]
[1, 134]
[26, 134]
[85, 134]
[28, 134]
[9, 134]
[47, 134]
[7, 134]
[77, 134]
[25, 134]
[134, 162]
[23, 134]
[86, 134]
[134, 184]
[2, 134]
[73, 134]
[134, 188]
[22, 134]
[104, 134]
[21, 134]
[31, 134]
[59, 134]
[17, 134]
[78, 134]
[134, 137]
[88, 134]
[83, 134]
[134, 177]
[49, 134]
[36, 134]
[76, 134]
[134, 144]
[67, 134]
[43, 134]
[48, 134]
[134, 150]
[134, 143]
[134, 166]
[134, 138]
[134, 155]
[62, 134]
[40, 134]
[72, 134]
[106, 134]
[65, 134]
[134, 135]
[134, 156]
[134, 158]
[115, 134]
[58, 134]
[124, 134]
[108, 134]
[52, 134]
[0, 134]
[134, 147]
[80, 134]
[134, 171]
[11, 134]
[122, 134]
[15, 134]
[134, 151]
[129, 134]
[42, 134]
[39, 134]
[19, 134]
[134, 161]
[91, 134]
[134, 174]
[10, 134]
[12, 134]
[113, 134]
[130, 134]
[117, 134]
[46, 134]
[79, 134]
[16, 134]
[134, 180]
[54, 134]
[132, 134]
[74, 134]
[134, 154]
[90, 134]
[134, 139]
[125, 134]
[134, 172]
[134, 149]
[60, 134]
[70, 134]
[5, 134]
[61, 134]
[109, 134]
[87, 109]
[109, 148]
[26, 109]
[85, 109]
[8, 109]
[27, 109]
[47, 109]
[13, 109]
[7, 109]
[29, 109]
[51, 109]
[25, 109]
[109, 159]
[23, 109]
[86, 109]
[109, 184]
[2, 109]
[73, 109]
[109, 188]
[22, 109]
[104, 109]
[21, 109]
[109, 121]
[31, 109]
[82, 109]
[109, 170]
[109, 185]
[59, 109]
[6, 109]
[17, 109]
[78, 109]
[109, 118]
[99, 109]
[109, 137]
[44, 109]
[83, 109]
[109, 136]
[49, 109]
[76, 109]
[109, 168]
[67, 109]
[109, 187]
[109, 116]
[69, 109]
[109, 150]
[109, 143]
[109, 166]
[109, 155]
[62, 109]
[109, 173]
[106, 109]
[109, 135]
[14, 109]
[109, 158]
[109, 169]
[102, 109]
[58, 109]
[108, 109]
[68, 109]
[109, 182]
[0, 109]
[80, 109]
[109, 181]
[109, 171]
[11, 109]
[15, 109]
[109, 141]
[109, 119]
[33, 109]
[109, 160]
[109, 128]
[45, 109]
[19, 109]
[109, 174]
[109, 113]
[109, 117]
[46, 109]
[79, 109]
[109, 180]
[109, 154]
[109, 139]
[75, 109]
[53, 109]
[41, 109]
[50, 109]
[109, 125]
[109, 149]
[60, 109]
[70, 109]
[61, 109]
[24, 109]
[24, 176]
[24, 130]
[24, 117]
[24, 54]
[24, 53]
[24, 94]
[24, 41]
[24, 61]
[61, 81]
[61, 71]
[61, 153]
[8, 61]
[27, 61]
[13, 61]
[61, 131]
[32, 61]
[51, 61]
[61, 103]
[61, 77]
[25, 61]
[61, 159]
[61, 186]
[61, 178]
[61, 184]
[2, 61]
[3, 61]
[61, 121]
[61, 157]
[61, 82]
[61, 170]
[61, 97]
[17, 61]
[61, 69]
[14, 61]
[61, 181]
[61, 118]
[61, 106]
[22, 61]
[61, 78]
[61, 133]
[61, 183]
[61, 167]
[61, 123]
[58, 61]
[61, 124]
[61, 76]
[61, 166]
[61, 158]
[61, 66]
[19, 61]
[61, 179]
[61, 150]
[61, 143]
[61, 164]
[52, 61]
[61, 132]
[61, 80]
[61, 169]
[61, 171]
[45, 61]
[11, 61]
[61, 120]
[61, 62]
[61, 115]
[61, 64]
[61, 127]
[33, 61]
[61, 95]
[61, 147]
[61, 119]
[15, 61]
[61, 140]
[37, 61]
[61, 129]
[61, 90]
[55, 61]
[61, 122]
[61, 160]
[61, 110]
[56, 61]
[61, 174]
[10, 61]
[61, 91]
[38, 61]
[61, 139]
[61, 70]
[50, 61]
[61, 113]
[61, 130]
[61, 117]
[53, 61]
[53, 81]
[53, 148]
[53, 98]
[53, 96]
[8, 53]
[9, 53]
[53, 112]
[13, 53]
[7, 53]
[53, 131]
[51, 53]
[53, 103]
[53, 77]
[53, 186]
[53, 178]
[18, 53]
[3, 53]
[21, 53]
[53, 157]
[53, 145]
[53, 88]
[36, 53]
[53, 155]
[40, 53]
[53, 104]
[53, 59]
[53, 136]
[53, 144]
[53, 67]
[43, 53]
[53, 111]
[53, 102]
[53, 121]
[17, 53]
[53, 69]
[53, 138]
[53, 154]
[53, 185]
[53, 118]
[22, 53]
[53, 133]
[53, 135]
[35, 53]
[53, 177]
[53, 58]
[53, 124]
[53, 68]
[53, 76]
[53, 72]
[53, 158]
[53, 66]
[53, 150]
[53, 143]
[53, 115]
[53, 64]
[53, 182]
[15, 53]
[53, 140]
[37, 53]
[42, 53]
[53, 179]
[53, 172]
[53, 164]
[0, 53]
[53, 171]
[45, 53]
[53, 128]
[53, 107]
[53, 120]
[53, 139]
[53, 54]
[53, 147]
[53, 119]
[53, 176]
[46, 53]
[53, 125]
[53, 180]
[53, 160]
[10, 53]
[12, 53]
[38, 53]
[53, 75]
[53, 117]
[1, 117]
[87, 117]
[71, 117]
[98, 117]
[96, 117]
[8, 117]
[27, 117]
[9, 117]
[13, 117]
[25, 117]
[23, 117]
[73, 117]
[3, 117]
[31, 117]
[97, 117]
[101, 117]
[63, 117]
[117, 188]
[20, 117]
[92, 117]
[117, 168]
[14, 117]
[117, 181]
[78, 117]
[49, 117]
[7, 117]
[77, 117]
[117, 184]
[21, 117]
[117, 157]
[36, 117]
[40, 117]
[59, 117]
[44, 117]
[117, 144]
[117, 169]
[17, 117]
[117, 118]
[22, 117]
[117, 133]
[117, 177]
[72, 117]
[117, 158]
[116, 117]
[39, 117]
[117, 156]
[62, 117]
[115, 117]
[102, 117]
[117, 126]
[117, 138]
[65, 117]
[74, 117]
[117, 135]
[68, 117]
[64, 117]
[117, 182]
[33, 117]
[117, 140]
[16, 117]
[117, 141]
[117, 172]
[117, 164]
[117, 171]
[117, 128]
[117, 120]
[117, 147]
[117, 160]
[110, 117]
[10, 117]
[12, 117]
[113, 117]
[117, 130]
[54, 117]
[117, 146]
[117, 129]
[117, 176]
[55, 117]
[117, 125]
[117, 180]
[38, 117]
[1, 38]
[38, 81]
[38, 153]
[38, 98]
[34, 38]
[38, 96]
[8, 38]
[28, 38]
[27, 38]
[9, 38]
[29, 38]
[38, 131]
[25, 38]
[38, 159]
[38, 162]
[23, 38]
[38, 86]
[38, 178]
[38, 73]
[31, 38]
[38, 82]
[38, 99]
[38, 137]
[38, 101]
[20, 38]
[38, 170]
[38, 92]
[38, 168]
[38, 187]
[38, 173]
[38, 106]
[38, 83]
[38, 49]
[7, 38]
[38, 51]
[38, 77]
[38, 88]
[36, 38]
[38, 155]
[38, 40]
[38, 104]
[38, 44]
[38, 136]
[38, 67]
[17, 38]
[38, 133]
[38, 48]
[38, 156]
[38, 62]
[38, 115]
[38, 102]
[38, 185]
[38, 167]
[38, 135]
[38, 58]
[38, 150]
[38, 80]
[5, 38]
[38, 182]
[38, 151]
[38, 52]
[38, 161]
[38, 174]
[38, 39]
[38, 169]
[38, 95]
[0, 38]
[38, 108]
[38, 154]
[38, 66]
[11, 38]
[37, 38]
[38, 166]
[38, 90]
[19, 38]
[38, 179]
[38, 132]
[38, 149]
[38, 84]
[38, 70]
[38, 147]
[12, 38]
[38, 130]
[10, 38]
[38, 107]
[38, 129]
[38, 55]
[38, 125]
[1, 125]
[28, 125]
[4, 125]
[13, 125]
[25, 125]
[125, 159]
[125, 162]
[23, 125]
[2, 125]
[31, 125]
[99, 125]
[125, 137]
[125, 188]
[20, 125]
[125, 168]
[7, 125]
[125, 184]
[21, 125]
[125, 157]
[125, 189]
[88, 125]
[40, 125]
[104, 125]
[59, 125]
[44, 125]
[67, 125]
[121, 125]
[22, 125]
[125, 183]
[125, 177]
[76, 125]
[48, 125]
[116, 125]
[125, 156]
[115, 125]
[102, 125]
[69, 125]
[91, 125]
[125, 167]
[58, 125]
[124, 125]
[125, 150]
[80, 125]
[125, 182]
[122, 125]
[52, 125]
[46, 125]
[125, 141]
[125, 164]
[125, 174]
[125, 169]
[95, 125]
[125, 143]
[0, 125]
[108, 125]
[74, 125]
[11, 125]
[125, 166]
[19, 125]
[125, 179]
[57, 125]
[60, 125]
[45, 125]
[125, 139]
[119, 125]
[84, 125]
[75, 125]
[64, 125]
[125, 128]
[120, 125]
[12, 125]
[113, 125]
[125, 130]
[10, 125]
[54, 125]
[125, 176]
[165, 176]
[4, 176]
[159, 176]
[23, 176]
[86, 176]
[2, 176]
[73, 176]
[6, 176]
[63, 176]
[136, 176]
[22, 176]
[99, 176]
[170, 176]
[92, 176]
[14, 176]
[173, 176]
[106, 176]
[49, 176]
[18, 176]
[157, 176]
[88, 176]
[104, 176]
[67, 176]
[43, 176]
[133, 176]
[176, 177]
[72, 176]
[158, 176]
[48, 176]
[116, 176]
[62, 176]
[115, 176]
[102, 176]
[126, 176]
[138, 176]
[176, 185]
[167, 176]
[150, 176]
[80, 176]
[176, 182]
[15, 176]
[151, 176]
[122, 176]
[52, 176]
[140, 176]
[164, 176]
[174, 176]
[39, 176]
[169, 176]
[143, 176]
[111, 176]
[108, 176]
[74, 176]
[68, 176]
[127, 176]
[37, 176]
[166, 176]
[45, 176]
[139, 176]
[119, 176]
[149, 176]
[70, 176]
[75, 176]
[128, 176]
[110, 176]
[113, 176]
[33, 176]
[10, 176]
[107, 176]
[95, 107]
[66, 107]
[90, 107]
[107, 132]
[16, 107]
[54, 107]
[107, 146]
[107, 129]
[57, 107]
[79, 107]
[37, 107]
[70, 107]
[75, 107]
[107, 180]
[94, 107]
[41, 107]
[107, 108]
[68, 107]
[107, 166]
[107, 149]
[87, 149]
[26, 149]
[85, 149]
[9, 149]
[25, 149]
[149, 162]
[149, 178]
[137, 149]
[101, 149]
[149, 187]
[59, 149]
[86, 149]
[73, 149]
[4, 149]
[13, 149]
[149, 184]
[21, 149]
[149, 159]
[149, 157]
[149, 177]
[20, 149]
[118, 149]
[69, 149]
[91, 149]
[65, 149]
[141, 149]
[120, 149]
[130, 149]
[105, 149]
[149, 168]
[83, 149]
[149, 189]
[17, 149]
[106, 149]
[138, 149]
[149, 150]
[15, 149]
[52, 149]
[149, 164]
[113, 149]
[123, 149]
[63, 149]
[149, 156]
[58, 149]
[23, 149]
[149, 170]
[77, 149]
[18, 149]
[149, 188]
[31, 149]
[49, 149]
[67, 149]
[43, 149]
[48, 149]
[126, 149]
[149, 161]
[149, 171]
[149, 160]
[14, 149]
[149, 167]
[5, 149]
[149, 154]
[111, 149]
[74, 149]
[45, 149]
[139, 149]
[33, 149]
[62, 149]
[149, 179]
[132, 149]
[90, 149]
[16, 149]
[42, 149]
[60, 149]
[122, 149]
[54, 149]
[95, 149]
[66, 149]
[146, 149]
[57, 149]
[129, 149]
[79, 149]
[149, 174]
[50, 149]
[84, 149]
[75, 149]
[149, 180]
[114, 149]
[1, 114]
[87, 114]
[114, 148]
[26, 114]
[89, 114]
[114, 153]
[98, 114]
[85, 114]
[96, 114]
[28, 114]
[114, 162]
[114, 137]
[101, 114]
[114, 121]
[86, 114]
[73, 114]
[4, 114]
[114, 186]
[7, 114]
[114, 184]
[21, 114]
[114, 144]
[114, 159]
[88, 114]
[104, 114]
[114, 177]
[20, 114]
[78, 114]
[44, 114]
[114, 118]
[69, 114]
[91, 114]
[65, 114]
[46, 114]
[114, 120]
[114, 147]
[114, 130]
[105, 114]
[83, 114]
[114, 189]
[106, 114]
[102, 114]
[80, 114]
[114, 182]
[39, 114]
[114, 128]
[10, 114]
[63, 114]
[2, 114]
[114, 124]
[114, 136]
[22, 114]
[114, 170]
[92, 114]
[18, 114]
[31, 114]
[49, 114]
[43, 114]
[48, 114]
[114, 126]
[114, 161]
[114, 160]
[114, 167]
[5, 114]
[11, 114]
[114, 169]
[111, 114]
[45, 114]
[114, 139]
[114, 119]
[33, 114]
[114, 140]
[62, 114]
[114, 158]
[53, 114]
[114, 176]
[90, 114]
[16, 114]
[38, 114]
[114, 146]
[57, 114]
[37, 114]
[50, 114]
[84, 114]
[70, 114]
[75, 114]
[94, 114]
[41, 114]
[1, 41]
[41, 81]
[41, 87]
[41, 148]
[41, 71]
[41, 153]
[41, 98]
[41, 96]
[9, 41]
[41, 162]
[41, 178]
[41, 137]
[41, 101]
[41, 187]
[35, 41]
[27, 41]
[4, 41]
[41, 186]
[6, 41]
[41, 157]
[41, 88]
[41, 104]
[41, 133]
[41, 78]
[41, 183]
[41, 69]
[41, 91]
[41, 46]
[41, 141]
[0, 41]
[41, 147]
[41, 130]
[41, 83]
[17, 41]
[41, 106]
[41, 72]
[41, 116]
[41, 138]
[41, 80]
[41, 182]
[15, 41]
[39, 41]
[41, 128]
[41, 110]
[41, 113]
[10, 41]
[41, 123]
[41, 63]
[2, 41]
[41, 156]
[41, 124]
[41, 136]
[23, 41]
[41, 99]
[41, 170]
[41, 77]
[18, 41]
[41, 185]
[41, 188]
[41, 97]
[41, 49]
[41, 126]
[41, 161]
[41, 167]
[5, 41]
[19, 41]
[41, 111]
[41, 74]
[41, 127]
[41, 45]
[41, 139]
[33, 41]
[41, 115]
[41, 140]
[41, 158]
[41, 179]
[41, 53]
[41, 56]
[41, 160]
[41, 42]
[41, 122]
[41, 62]
[41, 54]
[41, 66]
[41, 146]
[41, 176]
[41, 60]
[41, 172]
[41, 129]
[41, 57]
[41, 166]
[41, 117]
[41, 75]
[8, 75]
[75, 165]
[28, 75]
[75, 162]
[3, 75]
[75, 137]
[51, 75]
[59, 75]
[75, 121]
[73, 75]
[27, 75]
[4, 75]
[21, 75]
[75, 144]
[6, 75]
[75, 157]
[75, 88]
[75, 177]
[44, 75]
[75, 183]
[75, 76]
[69, 75]
[75, 91]
[65, 75]
[75, 135]
[0, 75]
[75, 120]
[75, 105]
[75, 168]
[17, 75]
[75, 116]
[75, 138]
[75, 80]
[15, 75]
[75, 155]
[67, 75]
[12, 75]
[52, 75]
[75, 164]
[11, 75]
[64, 75]
[39, 75]
[75, 113]
[75, 123]
[2, 75]
[75, 119]
[75, 156]
[75, 124]
[75, 93]
[75, 143]
[23, 75]
[75, 170]
[18, 75]
[50, 75]
[70, 75]
[75, 188]
[75, 79]
[75, 174]
[75, 94]
[75, 97]
[75, 141]
[75, 147]
[10, 75]
[31, 75]
[75, 161]
[19, 75]
[75, 111]
[74, 75]
[75, 127]
[75, 139]
[75, 140]
[75, 158]
[56, 75]
[75, 160]
[42, 75]
[54, 75]
[66, 75]
[75, 146]
[75, 129]
[75, 166]
[55, 75]
[1, 55]
[55, 153]
[55, 98]
[55, 96]
[8, 55]
[55, 137]
[55, 187]
[51, 55]
[55, 73]
[27, 55]
[55, 186]
[7, 55]
[55, 184]
[6, 55]
[55, 157]
[20, 55]
[55, 78]
[55, 69]
[55, 65]
[0, 55]
[55, 105]
[55, 168]
[55, 83]
[17, 55]
[55, 102]
[55, 150]
[15, 55]
[55, 155]
[55, 181]
[55, 58]
[55, 67]
[43, 55]
[48, 55]
[14, 55]
[52, 55]
[11, 55]
[55, 132]
[55, 90]
[55, 171]
[39, 55]
[55, 63]
[2, 55]
[55, 119]
[55, 156]
[55, 124]
[55, 95]
[55, 143]
[55, 136]
[23, 55]
[55, 77]
[37, 55]
[55, 84]
[55, 149]
[46, 55]
[18, 55]
[55, 70]
[55, 120]
[55, 113]
[55, 99]
[55, 167]
[49, 55]
[55, 108]
[33, 55]
[50, 55]
[55, 60]
[55, 57]
[55, 180]
[55, 147]
[31, 55]
[19, 55]
[55, 111]
[55, 74]
[55, 66]
[55, 146]
[55, 129]
[55, 166]
[55, 93]
[41, 55]
[1, 69]
[28, 69]
[69, 162]
[69, 178]
[69, 121]
[69, 73]
[27, 69]
[13, 69]
[7, 69]
[21, 69]
[69, 159]
[69, 157]
[69, 104]
[20, 69]
[63, 69]
[23, 69]
[18, 69]
[69, 188]
[69, 187]
[44, 69]
[69, 118]
[69, 137]
[69, 144]
[69, 136]
[69, 99]
[69, 76]
[176, 180]
[94, 176]
[55, 176]
[183, 189]
[48, 118]
[48, 144]
[48, 69]
[69, 126]
[69, 189]
[91, 162]
[17, 65]
[65, 118]
[43, 118]
[33, 133]
[33, 97]
[101, 164]
[31, 46]
[17, 46]
[46, 177]
[46, 118]
[46, 76]
[46, 144]
[28, 64]
[64, 98]
[65, 92]
[116, 162]
[116, 189]
[92, 181]
[118, 181]
[17, 181]
[83, 181]
[144, 181]
[155, 181]
[173, 181]
[39, 181]
[158, 181]
[46, 181]
[158, 170]
[23, 158]
[158, 162]
[59, 158]
[78, 158]
[137, 158]
[133, 158]
[83, 158]
[118, 158]
[43, 158]
[102, 158]
[138, 158]
[155, 158]
[14, 158]
[39, 158]
[123, 158]
[124, 158]
[158, 167]
[108, 158]
[88, 158]
[46, 158]
[110, 158]
[64, 158]
[33, 158]
[122, 158]
[54, 158]
[139, 158]
[91, 158]
[79, 158]
[12, 158]
[62, 158]
[130, 158]
[56, 158]
[10, 158]
[116, 186]
[20, 116]
[77, 116]
[99, 116]
[159, 182]
[59, 116]
[78, 116]
[116, 137]
[116, 133]
[44, 116]
[48, 116]
[116, 126]
[92, 116]
[116, 118]
[43, 116]
[77, 102]
[102, 159]
[102, 178]
[98, 102]
[1, 102]
[25, 102]
[3, 102]
[28, 180]
[25, 180]
[73, 102]
[3, 180]
[13, 180]
[141, 180]
[157, 180]
[104, 180]
[22, 180]
[18, 180]
[7, 180]
[36, 180]
[97, 180]
[180, 185]
[180, 186]
[21, 180]
[99, 180]
[180, 187]
[59, 180]
[78, 180]
[44, 180]
[48, 180]
[83, 180]
[116, 180]
[43, 180]
[180, 183]
[22, 90]
[73, 90]
[90, 184]
[63, 90]
[3, 90]
[23, 90]
[90, 186]
[90, 170]
[20, 90]
[90, 133]
[90, 126]
[90, 92]
[90, 187]
[44, 90]
[48, 90]
[90, 102]
[90, 138]
[90, 155]
[40, 90]
[90, 173]
[90, 140]
[43, 90]
[90, 183]
[11, 90]
[66, 90]
[90, 99]
[14, 90]
[88, 90]
[65, 90]
[90, 168]
[67, 90]
[8, 15]
[6, 15]
[13, 123]
[73, 123]
[98, 123]
[116, 123]
[8, 123]
[45, 178]
[28, 45]
[123, 184]
[45, 177]
[154, 158]
[58, 158]
[42, 177]
[120, 177]
[177, 179]
[146, 177]
[64, 177]
[110, 177]
[33, 177]
[0, 177]
[141, 177]
[37, 177]
[106, 158]
[156, 158]
[68, 158]
[67, 158]
[179, 181]
[95, 158]
[111, 158]
[64, 181]
[25, 119]
[86, 119]
[62, 133]
[62, 123]
[19, 62]
[62, 116]
[62, 69]
[62, 167]
[62, 140]
[62, 151]
[62, 65]
[62, 141]
[62, 74]
[39, 62]
[62, 122]
[126, 155]
[49, 164]
[102, 189]
[173, 189]
[66, 189]
[11, 189]
[179, 189]
[108, 189]
[120, 189]
[146, 189]
[64, 189]
[33, 189]
[91, 189]
[40, 43]
[45, 88]
[8, 45]
[45, 71]
[45, 148]
[40, 48]
[45, 184]
[1, 45]
[40, 65]
[65, 101]
[54, 65]
[3, 49]
[65, 167]
[65, 111]
[49, 104]
[49, 97]
[49, 136]
[49, 59]
[49, 73]
[17, 49]
[44, 49]
[49, 187]
[49, 121]
[43, 49]
[49, 69]
[85, 155]
[8, 155]
[155, 178]
[27, 155]
[13, 155]
[63, 155]
[7, 155]
[18, 155]
[23, 155]
[155, 165]
[22, 155]
[21, 155]
[96, 155]
[137, 155]
[77, 155]
[4, 155]
[155, 184]
[155, 186]
[3, 155]
[104, 155]
[97, 155]
[73, 155]
[17, 155]
[121, 155]
[76, 155]
[144, 155]
[38, 50]
[1, 167]
[87, 167]
[71, 167]
[153, 167]
[28, 167]
[167, 178]
[27, 167]
[13, 167]
[63, 167]
[25, 167]
[18, 167]
[23, 167]
[165, 167]
[157, 167]
[22, 167]
[77, 167]
[20, 167]
[167, 170]
[159, 167]
[167, 184]
[6, 167]
[167, 186]
[88, 167]
[3, 167]
[104, 167]
[97, 167]
[59, 167]
[17, 167]
[44, 167]
[76, 167]
[133, 167]
[144, 167]
[48, 167]
[69, 167]
[40, 167]
[14, 167]
[14, 118]
[14, 69]
[14, 40]
[14, 155]
[138, 155]
[49, 138]
[92, 138]
[138, 187]
[43, 138]
[48, 138]
[69, 138]
[40, 138]
[102, 138]
[63, 102]
[102, 186]
[2, 102]
[102, 162]
[78, 102]
[21, 102]
[97, 102]
[59, 102]
[44, 102]
[102, 126]
[102, 133]
[17, 102]
[49, 102]
[92, 102]
[76, 102]
[43, 102]
[102, 167]
[14, 102]
[14, 111]
[8, 111]
[111, 178]
[13, 111]
[18, 111]
[23, 111]
[77, 111]
[4, 111]
[111, 184]
[111, 157]
[111, 188]
[99, 111]
[111, 170]
[111, 137]
[6, 111]
[3, 111]
[83, 111]
[111, 183]
[111, 186]
[88, 111]
[73, 111]
[78, 111]
[111, 121]
[48, 111]
[111, 126]
[111, 133]
[17, 111]
[111, 144]
[76, 111]
[111, 138]
[67, 111]
[111, 123]
[111, 168]
[11, 111]
[111, 140]
[80, 111]
[111, 181]
[37, 111]
[111, 135]
[39, 111]
[111, 179]
[45, 111]
[19, 111]
[111, 164]
[49, 111]
[40, 111]
[111, 155]
[111, 120]
[111, 124]
[111, 173]
[58, 111]
[74, 111]
[90, 111]
[111, 139]
[62, 111]
[57, 111]
[110, 111]
[95, 111]
[111, 122]
[111, 115]
[93, 111]
[81, 93]
[71, 93]
[26, 93]
[93, 153]
[93, 98]
[85, 93]
[28, 93]
[93, 131]
[32, 93]
[93, 178]
[9, 93]
[22, 93]
[77, 93]
[20, 93]
[4, 93]
[93, 104]
[93, 175]
[82, 93]
[93, 112]
[7, 93]
[93, 118]
[2, 93]
[93, 185]
[93, 97]
[93, 187]
[6, 93]
[93, 158]
[3, 93]
[43, 93]
[35, 93]
[93, 102]
[93, 183]
[73, 93]
[93, 150]
[72, 93]
[93, 121]
[48, 93]
[93, 126]
[93, 167]
[93, 166]
[83, 93]
[17, 93]
[93, 144]
[63, 93]
[68, 93]
[93, 168]
[11, 93]
[84, 93]
[61, 93]
[53, 93]
[93, 116]
[93, 151]
[15, 93]
[93, 132]
[93, 134]
[93, 109]
[38, 93]
[50, 93]
[93, 143]
[66, 93]
[93, 123]
[93, 140]
[65, 93]
[37, 93]
[93, 135]
[39, 93]
[93, 179]
[93, 117]
[64, 93]
[93, 127]
[93, 161]
[33, 93]
[70, 93]
[19, 93]
[93, 160]
[52, 93]
[93, 147]
[93, 119]
[93, 125]
[93, 164]
[40, 93]
[93, 124]
[93, 173]
[90, 93]
[5, 93]
[42, 93]
[93, 139]
[62, 93]
[57, 93]
[93, 122]
[93, 115]
[8, 115]
[28, 115]
[32, 115]
[27, 115]
[13, 115]
[18, 115]
[23, 115]
[115, 165]
[22, 115]
[115, 159]
[4, 115]
[115, 184]
[104, 115]
[7, 115]
[115, 157]
[115, 188]
[115, 137]
[101, 115]
[6, 115]
[115, 158]
[3, 115]
[99, 115]
[92, 115]
[43, 115]
[69, 115]
[14, 115]
[115, 183]
[88, 115]
[78, 115]
[115, 156]
[72, 115]
[115, 121]
[17, 115]
[115, 144]
[63, 115]
[76, 115]
[68, 115]
[115, 181]
[115, 151]
[15, 115]
[115, 143]
[0, 115]
[67, 115]
[115, 123]
[115, 140]
[80, 115]
[65, 115]
[39, 115]
[115, 129]
[16, 115]
[115, 180]
[70, 115]
[115, 160]
[115, 147]
[115, 174]
[115, 120]
[58, 115]
[74, 115]
[42, 115]
[115, 139]
[62, 115]
[57, 115]
[110, 115]
[81, 110]
[87, 110]
[110, 148]
[71, 110]
[110, 152]
[110, 153]
[98, 110]
[30, 110]
[110, 163]
[32, 110]
[110, 178]
[27, 110]
[13, 110]
[110, 165]
[4, 110]
[7, 110]
[110, 188]
[110, 136]
[110, 137]
[101, 110]
[2, 110]
[43, 110]
[102, 110]
[86, 110]
[73, 110]
[110, 184]
[110, 157]
[72, 110]
[106, 110]
[110, 133]
[63, 110]
[21, 110]
[76, 110]
[36, 110]
[59, 110]
[6, 110]
[3, 110]
[110, 168]
[110, 116]
[69, 110]
[110, 135]
[78, 110]
[48, 110]
[110, 126]
[110, 167]
[17, 110]
[66, 110]
[67, 110]
[110, 123]
[110, 140]
[0, 110]
[110, 129]
[33, 110]
[91, 110]
[70, 110]
[11, 110]
[110, 160]
[110, 147]
[49, 110]
[40, 110]
[52, 110]
[110, 143]
[5, 110]
[64, 110]
[95, 110]
[46, 110]
[110, 130]
[110, 174]
[80, 110]
[110, 124]
[110, 113]
[110, 180]
[54, 110]
[12, 110]
[56, 110]
[110, 141]
[110, 128]
[110, 171]
[110, 119]
[58, 110]
[74, 110]
[1, 74]
[71, 74]
[29, 74]
[74, 165]
[74, 77]
[4, 74]
[51, 74]
[74, 118]
[44, 74]
[14, 74]
[74, 86]
[25, 74]
[23, 74]
[9, 74]
[20, 74]
[74, 186]
[73, 74]
[74, 184]
[74, 104]
[74, 157]
[72, 74]
[74, 106]
[74, 83]
[63, 74]
[74, 97]
[59, 74]
[6, 74]
[74, 92]
[69, 74]
[74, 88]
[74, 121]
[48, 74]
[74, 151]
[74, 138]
[74, 173]
[74, 169]
[74, 156]
[74, 154]
[74, 160]
[74, 146]
[74, 143]
[65, 74]
[39, 74]
[74, 105]
[45, 74]
[74, 155]
[50, 74]
[74, 179]
[74, 120]
[66, 74]
[0, 74]
[74, 91]
[11, 74]
[49, 74]
[64, 74]
[33, 74]
[46, 74]
[74, 174]
[12, 74]
[56, 74]
[74, 128]
[74, 119]
[74, 122]
[74, 182]
[74, 79]
[60, 74]
[74, 130]
[74, 113]
[74, 180]
[101, 180]
[14, 180]
[88, 180]
[17, 180]
[146, 180]
[65, 180]
[164, 180]
[108, 180]
[19, 180]
[158, 180]
[72, 180]
[106, 180]
[68, 180]
[180, 181]
[150, 180]
[135, 180]
[156, 180]
[37, 180]
[39, 180]
[35, 180]
[124, 180]
[139, 180]
[80, 180]
[127, 180]
[52, 180]
[16, 180]
[120, 180]
[160, 180]
[50, 180]
[70, 180]
[171, 180]
[105, 180]
[62, 180]
[91, 180]
[54, 180]
[33, 180]
[172, 180]
[12, 180]
[56, 180]
[128, 180]
[119, 180]
[130, 180]
[125, 180]
[41, 125]
[4, 123]
[68, 86]
[68, 96]
[68, 87]
[1, 68]
[8, 68]
[27, 68]
[68, 159]
[68, 188]
[68, 137]
[68, 162]
[68, 73]
[68, 184]
[68, 133]
[68, 144]
[63, 68]
[68, 76]
[68, 126]
[68, 123]
[68, 173]
[68, 167]
[15, 68]
[68, 90]
[58, 68]
[68, 95]
[11, 68]
[45, 68]
[68, 77]
[7, 68]
[68, 187]
[0, 68]
[44, 68]
[59, 68]
[43, 68]
[48, 68]
[68, 183]
[68, 78]
[68, 101]
[14, 68]
[17, 68]
[68, 72]
[68, 106]
[144, 168]
[25, 143]
[126, 168]
[138, 168]
[28, 161]
[71, 161]
[167, 168]
[23, 119]
[9, 119]
[155, 168]
[20, 119]
[119, 184]
[6, 119]
[92, 119]
[69, 119]
[119, 121]
[119, 126]
[119, 167]
[119, 155]
[119, 189]
[67, 119]
[119, 143]
[66, 119]
[49, 119]
[22, 119]
[104, 119]
[3, 119]
[18, 119]
[31, 119]
[21, 119]
[36, 119]
[97, 119]
[65, 119]
[119, 123]
[40, 119]
[15, 119]
[90, 119]
[58, 119]
[119, 151]
[119, 179]
[59, 119]
[48, 119]
[78, 119]
[17, 119]
[39, 119]
[119, 146]
[119, 161]
[88, 119]
[108, 119]
[119, 150]
[119, 156]
[119, 122]
[80, 119]
[79, 119]
[119, 147]
[119, 160]
[105, 119]
[62, 119]
[119, 164]
[119, 120]
[119, 139]
[57, 119]
[119, 174]
[119, 171]
[119, 141]
[91, 119]
[119, 128]
[50, 119]
[119, 172]
[10, 119]
[54, 70]
[54, 154]
[54, 162]
[8, 54]
[102, 116]
[116, 144]
[114, 166]
[116, 138]
[77, 113]
[113, 183]
[116, 121]
[168, 183]
[164, 169]
[40, 116]
[17, 116]
[88, 116]
[94, 177]
[94, 158]
[168, 187]
[62, 68]
[43, 168]
[140, 159]
[140, 178]
[8, 140]
[28, 140]
[2, 140]
[23, 140]
[140, 162]
[73, 140]
[76, 140]
[6, 140]
[137, 140]
[20, 140]
[118, 140]
[83, 140]
[36, 140]
[85, 146]
[146, 148]
[133, 140]
[104, 140]
[87, 146]
[140, 166]
[138, 140]
[69, 140]
[140, 144]
[59, 140]
[99, 140]
[88, 140]
[140, 187]
[43, 140]
[116, 140]
[90, 164]
[96, 173]
[162, 174]
[162, 173]
[81, 173]
[87, 173]
[148, 173]
[71, 173]
[182, 183]
[8, 182]
[170, 173]
[27, 173]
[4, 173]
[174, 183]
[159, 174]
[27, 174]
[1, 174]
[13, 174]
[153, 173]
[63, 173]
[173, 184]
[23, 173]
[137, 173]
[20, 173]
[118, 173]
[121, 173]
[136, 173]
[7, 173]
[25, 173]
[36, 173]
[50, 125]
[120, 146]
[23, 120]
[63, 120]
[27, 120]
[173, 186]
[85, 120]
[71, 120]
[97, 173]
[92, 173]
[3, 173]
[157, 174]
[2, 174]
[174, 184]
[23, 174]
[174, 188]
[31, 174]
[18, 174]
[104, 174]
[44, 174]
[137, 174]
[118, 174]
[144, 174]
[88, 174]
[136, 174]
[7, 174]
[36, 174]
[97, 174]
[133, 174]
[92, 174]
[3, 174]
[48, 174]
[158, 174]
[102, 174]
[17, 174]
[77, 174]
[116, 174]
[11, 174]
[45, 174]
[46, 174]
[167, 174]
[155, 174]
[49, 174]
[151, 174]
[174, 179]
[146, 174]
[139, 174]
[120, 174]
[154, 174]
[106, 174]
[42, 174]
[135, 174]
[166, 181]
[65, 116]
[18, 72]
[25, 72]
[72, 73]
[72, 178]
[28, 72]
[45, 96]
[45, 159]
[72, 88]
[13, 72]
[20, 72]
[72, 104]
[170, 172]
[18, 172]
[72, 184]
[4, 72]
[20, 172]
[72, 83]
[89, 172]
[72, 181]
[69, 72]
[69, 172]
[121, 172]
[45, 121]
[27, 45]
[72, 101]
[8, 72]
[72, 188]
[72, 186]
[3, 72]
[72, 144]
[23, 72]
[48, 72]
[21, 72]
[72, 183]
[72, 92]
[72, 187]
[72, 121]
[72, 118]
[72, 164]
[0, 178]
[0, 87]
[0, 28]
[0, 3]
[0, 85]
[0, 159]
[0, 69]
[0, 73]
[48, 66]
[0, 48]
[0, 20]
[22, 66]
[32, 66]
[66, 86]
[1, 66]
[66, 178]
[51, 66]
[9, 66]
[25, 66]
[66, 104]
[66, 157]
[66, 83]
[63, 66]
[8, 66]
[13, 66]
[66, 165]
[66, 144]
[23, 66]
[66, 102]
[59, 66]
[21, 66]
[66, 137]
[44, 66]
[50, 66]
[66, 92]
[66, 101]
[66, 118]
[65, 66]
[66, 169]
[66, 164]
[66, 72]
[14, 66]
[0, 66]
[40, 66]
[66, 141]
[66, 160]
[49, 66]
[66, 130]
[66, 161]
[66, 151]
[11, 66]
[66, 139]
[52, 66]
[66, 128]
[66, 91]
[66, 122]
[15, 66]
[66, 147]
[64, 66]
[57, 66]
[54, 66]
[66, 135]
[12, 66]
[66, 132]
[66, 129]
[39, 66]
[86, 154]
[26, 154]
[47, 154]
[1, 154]
[148, 154]
[51, 154]
[87, 154]
[28, 154]
[98, 154]
[154, 159]
[85, 154]
[20, 154]
[9, 154]
[25, 154]
[104, 154]
[154, 157]
[22, 154]
[154, 184]
[4, 154]
[27, 154]
[154, 185]
[7, 154]
[145, 154]
[154, 165]
[154, 186]
[23, 154]
[6, 154]
[97, 154]
[77, 154]
[59, 154]
[36, 154]
[21, 154]
[137, 154]
[154, 183]
[101, 154]
[121, 154]
[69, 154]
[33, 99]
[33, 162]
[120, 171]
[154, 166]
[94, 166]
[120, 182]
[120, 159]
[159, 171]
[96, 171]
[182, 188]
[7, 182]
[51, 182]
[29, 182]
[1, 182]
[28, 171]
[71, 171]
[27, 182]
[4, 182]
[2, 182]
[73, 182]
[104, 182]
[157, 182]
[136, 182]
[182, 184]
[63, 182]
[13, 182]
[165, 182]
[182, 186]
[23, 182]
[6, 182]
[170, 182]
[182, 189]
[97, 182]
[31, 182]
[138, 182]
[102, 182]
[99, 182]
[59, 182]
[88, 182]
[48, 182]
[21, 182]
[44, 182]
[78, 182]
[110, 182]
[118, 182]
[69, 182]
[167, 182]
[126, 182]
[115, 182]
[43, 182]
[150, 182]
[23, 150]
[6, 150]
[174, 182]
[67, 174]
[79, 174]
[150, 189]
[150, 162]
[58, 174]
[168, 174]
[4, 128]
[32, 128]
[1, 128]
[81, 128]
[26, 128]
[128, 153]
[96, 128]
[128, 159]
[85, 128]
[9, 128]
[25, 128]
[22, 128]
[128, 184]
[27, 128]
[83, 128]
[63, 128]
[13, 128]
[18, 128]
[128, 144]
[6, 128]
[128, 162]
[97, 128]
[31, 128]
[128, 138]
[102, 128]
[99, 128]
[77, 128]
[111, 128]
[128, 137]
[78, 128]
[128, 183]
[92, 128]
[101, 128]
[118, 128]
[76, 128]
[128, 158]
[43, 128]
[14, 128]
[93, 128]
[40, 128]
[72, 128]
[128, 150]
[113, 128]
[33, 128]
[128, 155]
[123, 128]
[128, 173]
[128, 140]
[127, 128]
[128, 160]
[55, 114]
[97, 150]
[138, 150]
[102, 150]
[36, 150]
[126, 150]
[137, 150]
[44, 150]
[78, 150]
[150, 183]
[92, 150]
[118, 150]
[76, 150]
[40, 150]
[4, 113]
[113, 136]
[25, 113]
[113, 184]
[78, 113]
[97, 113]
[21, 113]
[7, 113]
[59, 113]
[48, 113]
[113, 187]
[65, 113]
[113, 158]
[113, 157]
[113, 144]
[42, 113]
[6, 113]
[113, 138]
[102, 113]
[36, 113]
[113, 137]
[92, 113]
[69, 113]
[113, 126]
[113, 133]
[113, 150]
[33, 83]
[28, 33]
[2, 33]
[25, 33]
[4, 33]
[18, 33]
[33, 165]
[33, 188]
[33, 186]
[3, 33]
[33, 88]
[33, 48]
[21, 33]
[33, 187]
[33, 167]
[33, 42]
[33, 164]
[33, 36]
[33, 137]
[33, 44]
[33, 69]
[33, 40]
[155, 164]
[113, 155]
[33, 155]
[50, 154]
[40, 154]
[113, 154]
[43, 106]
[123, 157]
[9, 161]
[83, 123]
[20, 123]
[25, 123]
[77, 123]
[3, 123]
[59, 123]
[121, 123]
[65, 123]
[44, 123]
[64, 173]
[43, 173]
[21, 173]
[167, 173]
[126, 173]
[59, 173]
[65, 173]
[77, 173]
[14, 173]
[40, 173]
[154, 173]
[140, 173]
[70, 173]
[95, 173]
[15, 173]
[161, 173]
[132, 173]
[67, 173]
[139, 173]
[58, 173]
[168, 173]
[171, 173]
[52, 173]
[122, 173]
[56, 173]
[46, 173]
[173, 182]
[10, 173]
[141, 173]
[127, 173]
[160, 173]
[57, 173]
[37, 173]
[135, 173]
[129, 173]
[14, 123]
[14, 140]
[14, 95]
[14, 15]
[14, 64]
[14, 143]
[14, 60]
[14, 122]
[14, 147]
[14, 172]
[14, 179]
[14, 105]
[14, 132]
[14, 37]
[14, 135]
[14, 129]
[14, 156]
[14, 39]
[28, 39]
[6, 39]
[39, 73]
[39, 144]
[39, 157]
[23, 39]
[39, 138]
[39, 126]
[39, 43]
[4, 39]
[8, 39]
[39, 88]
[39, 102]
[39, 164]
[39, 44]
[39, 48]
[39, 121]
[39, 59]
[39, 77]
[17, 39]
[39, 167]
[39, 118]
[39, 72]
[39, 155]
[39, 154]
[33, 39]
[39, 174]
[39, 50]
[39, 40]
[39, 150]
[39, 182]
[39, 128]
[39, 130]
[39, 64]
[39, 168]
[39, 124]
[15, 39]
[39, 143]
[39, 161]
[39, 79]
[0, 39]
[39, 68]
[39, 90]
[39, 179]
[39, 105]
[39, 156]
[39, 141]
[39, 139]
[19, 39]
[39, 146]
[39, 171]
[39, 132]
[37, 39]
[37, 178]
[37, 51]
[37, 98]
[37, 159]
[9, 37]
[13, 37]
[37, 185]
[22, 37]
[37, 184]
[7, 37]
[18, 37]
[37, 189]
[37, 186]
[20, 37]
[21, 37]
[37, 183]
[37, 76]
[37, 97]
[37, 92]
[37, 169]
[37, 62]
[37, 78]
[37, 45]
[37, 58]
[37, 106]
[37, 187]
[37, 123]
[37, 116]
[28, 37]
[37, 73]
[23, 37]
[37, 147]
[37, 126]
[37, 113]
[37, 70]
[8, 37]
[37, 88]
[37, 102]
[37, 164]
[37, 59]
[10, 37]
[17, 37]
[37, 118]
[37, 140]
[37, 60]
[37, 181]
[37, 135]
[37, 40]
[37, 72]
[37, 182]
[37, 128]
[37, 130]
[37, 91]
[37, 46]
[11, 37]
[37, 143]
[37, 161]
[37, 79]
[37, 90]
[37, 156]
[37, 139]
[0, 37]
[37, 105]
[37, 146]
[37, 160]
[12, 37]
[37, 141]
[141, 159]
[2, 141]
[136, 141]
[141, 188]
[31, 141]
[22, 141]
[18, 141]
[141, 162]
[137, 141]
[141, 189]
[101, 141]
[99, 141]
[21, 141]
[92, 141]
[133, 141]
[141, 169]
[69, 141]
[78, 141]
[49, 141]
[58, 141]
[52, 141]
[116, 141]
[141, 157]
[138, 141]
[88, 141]
[102, 141]
[59, 141]
[120, 141]
[141, 167]
[118, 141]
[140, 141]
[95, 141]
[60, 141]
[122, 141]
[141, 172]
[42, 141]
[135, 141]
[129, 141]
[70, 141]
[141, 174]
[40, 141]
[141, 150]
[141, 182]
[128, 141]
[130, 141]
[64, 141]
[124, 141]
[15, 141]
[5, 141]
[16, 141]
[141, 179]
[19, 141]
[132, 141]
[141, 143]
[141, 161]
[79, 141]
[90, 141]
[141, 156]
[0, 141]
[105, 141]
[141, 146]
[12, 141]
[12, 159]
[2, 12]
[12, 63]
[12, 188]
[12, 31]
[12, 184]
[12, 18]
[12, 137]
[12, 101]
[12, 104]
[12, 20]
[12, 25]
[12, 36]
[12, 170]
[12, 97]
[12, 65]
[12, 169]
[12, 62]
[12, 69]
[12, 78]
[12, 93]
[12, 151]
[12, 106]
[12, 80]
[12, 187]
[12, 28]
[6, 12]
[12, 157]
[12, 23]
[12, 147]
[12, 126]
[12, 43]
[4, 12]
[8, 12]
[12, 88]
[12, 102]
[12, 48]
[12, 59]
[12, 77]
[12, 173]
[12, 167]
[12, 118]
[12, 95]
[12, 122]
[12, 172]
[12, 181]
[12, 135]
[12, 154]
[12, 174]
[12, 150]
[12, 72]
[12, 168]
[12, 68]
[5, 12]
[12, 108]
[12, 19]
[12, 132]
[12, 54]
[12, 57]
[12, 56]
[11, 12]
[12, 143]
[12, 161]
[12, 90]
[12, 156]
[12, 139]
[0, 12]
[12, 14]
[12, 160]
[1, 160]
[29, 160]
[148, 160]
[160, 178]
[87, 160]
[71, 160]
[2, 160]
[9, 160]
[27, 160]
[160, 188]
[31, 160]
[7, 160]
[160, 162]
[83, 160]
[104, 160]
[99, 160]
[160, 186]
[20, 160]
[21, 160]
[160, 183]
[25, 160]
[3, 160]
[76, 160]
[97, 160]
[158, 160]
[160, 169]
[62, 160]
[69, 160]
[151, 160]
[67, 160]
[106, 160]
[80, 160]
[116, 160]
[73, 160]
[157, 160]
[23, 160]
[138, 160]
[147, 160]
[126, 160]
[43, 160]
[8, 160]
[88, 160]
[102, 160]
[44, 160]
[48, 160]
[121, 160]
[59, 160]
[120, 160]
[160, 167]
[118, 160]
[140, 160]
[95, 160]
[60, 160]
[122, 160]
[160, 172]
[42, 160]
[135, 160]
[129, 160]
[154, 160]
[33, 160]
[160, 182]
[64, 160]
[160, 168]
[68, 160]
[5, 160]
[94, 160]
[127, 160]
[16, 160]
[160, 179]
[160, 171]
[54, 160]
[57, 160]
[91, 160]
[11, 160]
[46, 160]
[105, 160]
[146, 160]
[1, 146]
[26, 146]
[146, 153]
[71, 146]
[96, 146]
[98, 146]
[146, 159]
[9, 146]
[136, 146]
[27, 146]
[13, 146]
[146, 165]
[22, 146]
[18, 146]
[146, 162]
[146, 186]
[20, 146]
[21, 146]
[146, 170]
[65, 146]
[146, 166]
[78, 146]
[106, 146]
[146, 187]
[123, 146]
[73, 146]
[144, 146]
[113, 146]
[88, 146]
[146, 164]
[44, 146]
[121, 146]
[17, 146]
[146, 167]
[140, 146]
[146, 155]
[146, 154]
[146, 150]
[72, 146]
[124, 146]
[67, 146]
[45, 146]
[80, 146]
[116, 146]
[95, 146]
[122, 146]
[108, 146]
[146, 172]
[135, 146]
[129, 146]
[19, 146]
[128, 146]
[64, 146]
[68, 146]
[94, 146]
[146, 179]
[14, 146]
[91, 146]
[146, 156]
[146, 168]
[46, 146]
[146, 171]
[143, 146]
[79, 146]
[1, 79]
[29, 79]
[79, 178]
[51, 79]
[2, 79]
[79, 85]
[35, 79]
[79, 136]
[79, 185]
[31, 79]
[79, 111]
[79, 184]
[79, 189]
[79, 99]
[79, 186]
[21, 79]
[25, 79]
[76, 79]
[36, 79]
[79, 170]
[79, 92]
[79, 169]
[78, 79]
[79, 93]
[79, 187]
[79, 123]
[6, 79]
[73, 79]
[23, 79]
[79, 126]
[43, 79]
[79, 113]
[4, 79]
[79, 164]
[44, 79]
[48, 79]
[79, 121]
[59, 79]
[77, 79]
[79, 118]
[79, 181]
[79, 155]
[79, 154]
[33, 79]
[79, 124]
[49, 79]
[15, 79]
[56, 79]
[52, 79]
[10, 79]
[11, 79]
[60, 79]
[79, 105]
[79, 80]
[19, 79]
[79, 129]
[68, 79]
[79, 94]
[79, 179]
[79, 172]
[79, 91]
[79, 168]
[46, 79]
[79, 143]
[1, 143]
[26, 143]
[143, 148]
[86, 143]
[143, 178]
[51, 143]
[87, 143]
[71, 143]
[96, 143]
[98, 143]
[143, 159]
[2, 143]
[85, 143]
[63, 143]
[13, 143]
[143, 145]
[143, 188]
[143, 184]
[137, 143]
[143, 189]
[104, 143]
[143, 186]
[143, 183]
[3, 143]
[36, 143]
[97, 143]
[65, 143]
[133, 143]
[69, 143]
[78, 143]
[6, 143]
[23, 143]
[138, 143]
[4, 143]
[8, 143]
[88, 143]
[48, 143]
[121, 143]
[59, 143]
[77, 143]
[17, 143]
[70, 143]
[124, 143]
[49, 143]
[45, 143]
[127, 143]
[58, 143]
[54, 143]
[116, 143]
[67, 143]
[10, 143]
[92, 143]
[143, 157]
[102, 143]
[44, 143]
[143, 181]
[143, 154]
[72, 143]
[120, 143]
[15, 143]
[19, 143]
[64, 143]
[94, 143]
[52, 143]
[80, 143]
[0, 143]
[143, 174]
[128, 143]
[143, 168]
[16, 143]
[108, 143]
[143, 171]
[57, 143]
[1, 57]
[57, 148]
[57, 86]
[57, 153]
[51, 57]
[57, 98]
[57, 159]
[9, 57]
[27, 57]
[13, 57]
[57, 185]
[31, 57]
[57, 184]
[7, 57]
[57, 101]
[57, 99]
[20, 57]
[57, 76]
[57, 106]
[57, 118]
[57, 155]
[57, 150]
[57, 182]
[57, 95]
[57, 60]
[43, 57]
[57, 167]
[3, 57]
[57, 122]
[57, 68]
[42, 57]
[36, 57]
[57, 133]
[57, 69]
[57, 138]
[48, 57]
[57, 121]
[57, 59]
[57, 77]
[17, 57]
[57, 135]
[57, 129]
[57, 116]
[56, 57]
[57, 67]
[10, 57]
[57, 183]
[57, 92]
[57, 157]
[5, 57]
[57, 181]
[57, 70]
[57, 127]
[54, 57]
[57, 94]
[0, 57]
[57, 174]
[57, 128]
[19, 57]
[57, 168]
[46, 57]
[57, 179]
[57, 108]
[1, 108]
[108, 159]
[2, 108]
[85, 108]
[13, 108]
[22, 108]
[7, 108]
[108, 137]
[101, 108]
[99, 108]
[76, 108]
[73, 108]
[108, 147]
[108, 162]
[108, 164]
[108, 140]
[25, 108]
[97, 108]
[65, 108]
[78, 108]
[6, 108]
[8, 108]
[108, 124]
[58, 108]
[108, 172]
[102, 108]
[108, 154]
[64, 108]
[108, 170]
[106, 108]
[108, 126]
[108, 161]
[108, 182]
[95, 108]
[60, 108]
[68, 108]
[36, 108]
[108, 133]
[108, 138]
[48, 108]
[108, 121]
[59, 108]
[77, 108]
[90, 108]
[45, 108]
[105, 108]
[92, 108]
[108, 157]
[72, 108]
[70, 108]
[108, 114]
[56, 108]
[10, 108]
[16, 108]
[0, 108]
[52, 108]
[19, 108]
[108, 127]
[91, 108]
[1, 91]
[26, 91]
[91, 148]
[91, 178]
[71, 91]
[91, 159]
[85, 91]
[91, 136]
[63, 91]
[13, 91]
[91, 177]
[22, 91]
[7, 91]
[91, 104]
[91, 99]
[91, 186]
[21, 91]
[76, 91]
[28, 91]
[73, 91]
[91, 169]
[91, 144]
[91, 164]
[65, 91]
[6, 91]
[88, 91]
[91, 156]
[91, 120]
[91, 155]
[43, 91]
[91, 167]
[3, 91]
[17, 91]
[91, 140]
[91, 106]
[91, 161]
[91, 139]
[91, 130]
[60, 91]
[91, 151]
[4, 91]
[91, 124]
[91, 138]
[91, 121]
[59, 91]
[91, 135]
[91, 92]
[91, 102]
[91, 129]
[91, 150]
[70, 91]
[91, 143]
[91, 113]
[42, 91]
[91, 187]
[91, 118]
[91, 122]
[68, 91]
[69, 91]
[11, 91]
[91, 132]
[45, 91]
[52, 91]
[91, 171]
[91, 179]
[56, 91]
[91, 94]
[16, 91]
[46, 91]
[91, 127]
[89, 127]
[82, 127]
[26, 127]
[86, 127]
[127, 153]
[87, 127]
[71, 127]
[96, 127]
[98, 127]
[2, 127]
[85, 127]
[127, 145]
[127, 188]
[127, 184]
[127, 189]
[101, 127]
[127, 186]
[21, 127]
[127, 158]
[28, 127]
[8, 127]
[49, 127]
[44, 127]
[127, 183]
[127, 181]
[127, 177]
[7, 127]
[76, 127]
[40, 127]
[127, 147]
[83, 127]
[126, 127]
[127, 182]
[36, 127]
[127, 133]
[77, 127]
[88, 127]
[15, 127]
[72, 127]
[54, 127]
[127, 156]
[116, 127]
[3, 127]
[127, 168]
[127, 172]
[10, 127]
[127, 162]
[17, 127]
[73, 127]
[127, 140]
[106, 127]
[4, 127]
[124, 127]
[127, 138]
[127, 150]
[42, 127]
[127, 161]
[127, 130]
[56, 127]
[127, 129]
[68, 127]
[11, 127]
[127, 132]
[45, 127]
[52, 127]
[127, 179]
[16, 127]
[1, 16]
[2, 16]
[16, 35]
[16, 185]
[16, 188]
[16, 137]
[16, 101]
[16, 104]
[16, 99]
[16, 186]
[16, 21]
[16, 158]
[16, 166]
[16, 28]
[16, 62]
[16, 50]
[16, 25]
[16, 44]
[16, 183]
[16, 181]
[16, 76]
[16, 173]
[16, 83]
[16, 170]
[16, 126]
[16, 48]
[6, 16]
[16, 88]
[16, 162]
[16, 64]
[14, 16]
[16, 67]
[16, 33]
[16, 65]
[16, 182]
[16, 90]
[16, 58]
[16, 155]
[15, 16]
[16, 156]
[16, 174]
[16, 121]
[16, 102]
[0, 16]
[16, 113]
[16, 69]
[16, 94]
[16, 135]
[16, 46]
[16, 17]
[16, 73]
[16, 106]
[16, 124]
[10, 16]
[16, 150]
[16, 128]
[16, 56]
[16, 68]
[16, 132]
[16, 45]
[16, 52]
[1, 52]
[52, 159]
[2, 52]
[52, 136]
[13, 52]
[52, 188]
[31, 52]
[52, 184]
[52, 104]
[52, 99]
[28, 52]
[52, 62]
[25, 52]
[52, 97]
[23, 52]
[8, 52]
[44, 52]
[52, 154]
[52, 183]
[52, 181]
[7, 52]
[40, 52]
[52, 170]
[52, 126]
[36, 52]
[52, 133]
[52, 77]
[52, 144]
[6, 52]
[52, 72]
[43, 52]
[3, 52]
[19, 52]
[52, 64]
[52, 65]
[52, 182]
[15, 52]
[52, 54]
[52, 174]
[52, 168]
[0, 52]
[52, 105]
[52, 113]
[52, 187]
[52, 120]
[52, 139]
[52, 151]
[52, 135]
[52, 122]
[52, 171]
[46, 52]
[17, 52]
[52, 140]
[4, 52]
[52, 138]
[10, 52]
[52, 150]
[42, 52]
[52, 161]
[11, 52]
[11, 165]
[11, 188]
[11, 186]
[11, 21]
[11, 97]
[11, 76]
[11, 144]
[11, 164]
[11, 49]
[11, 162]
[11, 19]
[11, 64]
[90, 174]
[0, 174]
[105, 174]
[80, 174]
[171, 174]
[78, 123]
[123, 154]
[139, 187]
[5, 42]
[40, 123]
[155, 182]
[154, 182]
[83, 95]
[36, 123]
[48, 123]
[88, 123]
[97, 123]
[76, 123]
[123, 170]
[92, 123]
[102, 123]
[123, 164]
[72, 123]
[118, 123]
[69, 123]
[123, 155]
[33, 123]
[123, 150]
[98, 147]
[87, 147]
[147, 153]
[86, 147]
[77, 147]
[147, 183]
[147, 189]
[147, 159]
[2, 147]
[147, 177]
[136, 147]
[27, 147]
[31, 147]
[22, 147]
[18, 147]
[137, 147]
[99, 147]
[23, 147]
[147, 178]
[7, 147]
[147, 181]
[147, 167]
[15, 77]
[15, 25]
[15, 62]
[15, 99]
[15, 101]
[15, 136]
[15, 22]
[15, 133]
[15, 126]
[15, 183]
[15, 48]
[15, 162]
[15, 181]
[15, 43]
[15, 167]
[116, 182]
[64, 182]
[106, 182]
[58, 182]
[124, 182]
[151, 182]
[19, 182]
[54, 182]
[140, 182]
[49, 128]
[70, 164]
[20, 70]
[70, 84]
[70, 104]
[70, 169]
[129, 169]
[18, 129]
[51, 129]
[129, 159]
[64, 129]
[70, 129]
[129, 133]
[129, 178]
[85, 129]
[13, 129]
[129, 185]
[129, 145]
[129, 137]
[129, 189]
[23, 129]
[129, 177]
[129, 144]
[17, 129]
[129, 138]
[73, 129]
[4, 129]
[65, 129]
[88, 129]
[129, 170]
[59, 129]
[129, 136]
[22, 129]
[101, 129]
[99, 129]
[62, 129]
[6, 129]
[126, 129]
[129, 183]
[77, 129]
[78, 129]
[48, 129]
[129, 181]
[121, 129]
[92, 129]
[102, 129]
[72, 129]
[129, 174]
[42, 129]
[128, 129]
[40, 129]
[123, 129]
[95, 129]
[90, 129]
[129, 139]
[129, 156]
[129, 147]
[106, 129]
[58, 129]
[124, 129]
[19, 129]
[46, 129]
[129, 161]
[60, 129]
[129, 130]
[63, 70]
[50, 70]
[70, 188]
[70, 144]
[65, 70]
[70, 136]
[22, 70]
[62, 70]
[70, 183]
[70, 133]
[43, 70]
[70, 167]
[44, 70]
[70, 83]
[70, 78]
[70, 150]
[33, 70]
[70, 123]
[70, 154]
[15, 157]
[106, 181]
[106, 113]
[106, 150]
[3, 15]
[72, 168]
[168, 182]
[106, 183]
[15, 92]
[50, 90]
[23, 135]
[96, 135]
[87, 135]
[104, 135]
[135, 148]
[26, 135]
[27, 135]
[71, 135]
[135, 153]
[85, 135]
[98, 135]
[135, 159]
[70, 135]
[135, 178]
[2, 135]
[135, 184]
[18, 135]
[135, 189]
[135, 158]
[7, 135]
[88, 135]
[97, 135]
[101, 135]
[77, 135]
[135, 187]
[135, 157]
[135, 144]
[44, 135]
[135, 170]
[73, 135]
[36, 135]
[135, 188]
[17, 135]
[133, 135]
[99, 135]
[128, 135]
[40, 135]
[33, 135]
[83, 135]
[62, 135]
[92, 135]
[69, 135]
[135, 150]
[135, 154]
[72, 135]
[90, 135]
[48, 67]
[20, 67]
[67, 181]
[65, 67]
[67, 138]
[67, 76]
[67, 102]
[67, 133]
[59, 67]
[67, 128]
[33, 67]
[67, 113]
[67, 69]
[67, 150]
[67, 154]
[43, 67]
[67, 167]
[67, 72]
[67, 70]
[5, 70]
[67, 155]
[67, 183]
[67, 78]
[135, 183]
[123, 135]
[4, 147]
[3, 147]
[147, 162]
[147, 188]
[147, 186]
[144, 147]
[138, 147]
[102, 147]
[59, 147]
[92, 147]
[33, 147]
[147, 150]
[72, 147]
[135, 147]
[78, 147]
[23, 64]
[51, 64]
[13, 64]
[9, 94]
[64, 73]
[64, 169]
[64, 184]
[64, 145]
[32, 64]
[64, 101]
[64, 170]
[36, 64]
[20, 64]
[64, 157]
[64, 97]
[17, 64]
[64, 113]
[64, 128]
[64, 69]
[64, 155]
[64, 137]
[64, 77]
[64, 123]
[64, 70]
[3, 64]
[64, 188]
[64, 144]
[64, 138]
[33, 64]
[64, 147]
[59, 64]
[64, 135]
[33, 106]
[106, 147]
[17, 58]
[8, 58]
[58, 96]
[1, 58]
[58, 81]
[106, 135]
[33, 49]
[15, 83]
[58, 62]
[9, 58]
[58, 87]
[58, 71]
[2, 58]
[6, 58]
[28, 58]
[58, 103]
[21, 58]
[58, 73]
[58, 104]
[58, 118]
[36, 58]
[58, 65]
[44, 58]
[58, 97]
[58, 128]
[58, 99]
[58, 162]
[58, 138]
[58, 76]
[22, 58]
[58, 157]
[58, 92]
[58, 167]
[58, 183]
[58, 181]
[43, 58]
[58, 95]
[58, 139]
[58, 135]
[58, 78]
[95, 178]
[88, 95]
[86, 95]
[23, 161]
[98, 161]
[18, 161]
[161, 165]
[8, 161]
[6, 161]
[158, 161]
[73, 161]
[101, 161]
[104, 161]
[161, 170]
[118, 161]
[20, 161]
[65, 161]
[44, 161]
[161, 177]
[17, 161]
[161, 187]
[128, 161]
[154, 161]
[77, 161]
[40, 161]
[4, 161]
[161, 188]
[144, 161]
[138, 161]
[121, 161]
[76, 161]
[62, 161]
[83, 161]
[69, 161]
[136, 161]
[92, 161]
[161, 167]
[161, 183]
[90, 161]
[67, 161]
[33, 161]
[123, 161]
[70, 161]
[161, 186]
[102, 161]
[43, 161]
[156, 161]
[78, 161]
[120, 161]
[80, 161]
[11, 161]
[45, 161]
[54, 161]
[15, 161]
[0, 161]
[85, 95]
[51, 95]
[89, 95]
[26, 95]
[95, 96]
[95, 148]
[95, 181]
[95, 162]
[95, 164]
[87, 95]
[27, 95]
[95, 167]
[13, 95]
[6, 95]
[63, 95]
[95, 126]
[73, 95]
[95, 170]
[95, 118]
[65, 95]
[17, 95]
[95, 137]
[95, 189]
[7, 95]
[4, 95]
[95, 188]
[95, 144]
[68, 150]
[68, 181]
[22, 95]
[95, 121]
[76, 95]
[95, 150]
[62, 95]
[95, 133]
[95, 155]
[95, 183]
[95, 123]
[99, 139]
[8, 139]
[139, 178]
[96, 139]
[87, 139]
[139, 148]
[1, 139]
[113, 139]
[77, 139]
[48, 139]
[71, 139]
[65, 140]
[140, 154]
[72, 95]
[139, 164]
[139, 159]
[9, 139]
[118, 139]
[13, 139]
[18, 139]
[23, 139]
[6, 139]
[28, 139]
[139, 169]
[22, 139]
[36, 139]
[44, 139]
[139, 177]
[88, 139]
[50, 139]
[128, 139]
[139, 189]
[40, 139]
[139, 188]
[139, 144]
[59, 139]
[121, 139]
[76, 139]
[133, 139]
[126, 139]
[17, 139]
[139, 157]
[92, 139]
[64, 139]
[139, 150]
[139, 155]
[139, 167]
[139, 181]
[90, 139]
[135, 139]
[139, 186]
[102, 139]
[70, 139]
[49, 150]
[49, 123]
[49, 70]
[49, 139]
[78, 139]
[116, 128]
[113, 116]
[116, 155]
[64, 116]
[116, 135]
[116, 147]
[49, 116]
[113, 124]
[124, 150]
[17, 124]
[28, 124]
[2, 124]
[1, 124]
[85, 124]
[9, 124]
[18, 124]
[6, 124]
[63, 124]
[104, 124]
[7, 124]
[124, 162]
[124, 188]
[124, 133]
[73, 124]
[23, 124]
[101, 124]
[44, 124]
[88, 124]
[99, 124]
[124, 157]
[92, 124]
[83, 124]
[48, 124]
[124, 186]
[124, 167]
[21, 124]
[90, 124]
[65, 124]
[77, 124]
[124, 126]
[40, 124]
[72, 140]
[140, 150]
[67, 140]
[113, 140]
[94, 106]
[94, 115]
[6, 94]
[85, 94]
[86, 94]
[1, 94]
[94, 125]
[94, 98]
[2, 94]
[21, 94]
[7, 94]
[63, 94]
[27, 94]
[13, 94]
[94, 181]
[94, 183]
[31, 94]
[53, 94]
[48, 94]
[3, 94]
[74, 94]
[94, 104]
[94, 113]
[69, 94]
[94, 110]
[94, 188]
[22, 94]
[94, 189]
[94, 187]
[94, 121]
[94, 157]
[77, 94]
[94, 126]
[94, 162]
[94, 164]
[73, 94]
[62, 94]
[94, 144]
[94, 167]
[94, 138]
[76, 94]
[50, 94]
[93, 94]
[65, 94]
[59, 94]
[94, 123]
[68, 113]
[68, 94]
[140, 155]
[139, 140]
[135, 140]
[77, 120]
[140, 147]
[33, 140]
[70, 140]
[154, 168]
[25, 151]
[9, 151]
[71, 151]
[113, 151]
[77, 151]
[45, 113]
[60, 113]
[113, 122]
[15, 113]
[0, 113]
[46, 113]
[11, 113]
[113, 172]
[25, 56]
[56, 162]
[56, 177]
[56, 170]
[13, 56]
[1, 56]
[56, 187]
[56, 181]
[56, 189]
[31, 56]
[3, 56]
[17, 56]
[56, 169]
[56, 76]
[56, 68]
[20, 56]
[56, 121]
[56, 62]
[68, 156]
[56, 123]
[39, 56]
[56, 72]
[56, 129]
[33, 56]
[19, 68]
[18, 56]
[56, 63]
[64, 156]
[19, 64]
[64, 171]
[56, 104]
[56, 77]
[56, 83]
[36, 56]
[56, 97]
[4, 56]
[56, 69]
[56, 59]
[42, 56]
[49, 56]
[56, 116]
[5, 56]
[56, 147]
[7, 56]
[56, 133]
[56, 78]
[33, 132]
[50, 132]
[51, 132]
[81, 132]
[112, 132]
[89, 132]
[1, 132]
[29, 132]
[23, 132]
[132, 165]
[132, 178]
[96, 132]
[132, 148]
[132, 164]
[86, 132]
[132, 153]
[98, 132]
[132, 159]
[2, 132]
[27, 132]
[8, 132]
[131, 132]
[132, 185]
[17, 132]
[132, 169]
[132, 162]
[118, 132]
[17, 19]
[62, 132]
[126, 132]
[123, 132]
[132, 183]
[172, 174]
[132, 181]
[132, 182]
[132, 135]
[104, 132]
[73, 132]
[101, 132]
[88, 132]
[132, 186]
[97, 132]
[132, 187]
[132, 137]
[4, 132]
[69, 132]
[132, 144]
[90, 132]
[59, 132]
[43, 132]
[49, 132]
[156, 159]
[96, 156]
[71, 156]
[23, 156]
[17, 156]
[85, 156]
[2, 156]
[27, 156]
[156, 178]
[156, 165]
[28, 156]
[156, 170]
[3, 156]
[76, 156]
[121, 156]
[62, 156]
[156, 183]
[135, 156]
[77, 156]
[99, 156]
[101, 156]
[44, 156]
[40, 156]
[36, 156]
[137, 156]
[144, 156]
[113, 130]
[105, 113]
[19, 164]
[19, 86]
[1, 19]
[19, 83]
[19, 73]
[19, 50]
[19, 178]
[19, 118]
[19, 187]
[19, 121]
[19, 106]
[19, 136]
[19, 101]
[4, 19]
[19, 144]
[3, 120]
[19, 43]
[19, 157]
[19, 92]
[19, 138]
[19, 150]
[86, 172]
[71, 172]
[13, 172]
[31, 172]
[172, 178]
[28, 172]
[84, 172]
[76, 172]
[111, 172]
[15, 123]
[15, 186]
[135, 168]
[7, 45]
[9, 45]
[13, 45]
[1, 151]
[151, 178]
[21, 151]
[8, 151]
[22, 151]
[150, 151]
[151, 189]
[36, 151]
[76, 151]
[88, 151]
[40, 151]
[151, 184]
[151, 170]
[18, 151]
[151, 188]
[49, 151]
[126, 151]
[72, 151]
[17, 151]
[59, 151]
[3, 151]
[70, 151]
[65, 151]
[121, 151]
[4, 151]
[33, 151]
[0, 33]
[33, 120]
[69, 151]
[151, 187]
[83, 151]
[104, 151]
[136, 151]
[78, 151]
[138, 151]
[128, 151]
[151, 155]
[48, 151]
[95, 151]
[139, 151]
[0, 36]
[0, 62]
[0, 63]
[0, 5]
[0, 70]
[0, 44]
[0, 137]
[0, 58]
[0, 157]
[0, 183]
[0, 164]
[0, 7]
[0, 118]
[0, 8]
[0, 181]
[0, 99]
[0, 144]
[0, 77]
[0, 170]
[0, 126]
[0, 116]
[0, 150]
[0, 76]
[0, 4]
[0, 187]
[0, 21]
[0, 104]
[0, 83]
[0, 136]
[0, 78]
[0, 147]
[0, 138]
[0, 128]
[0, 155]
[0, 43]
[25, 130]
[101, 130]
[130, 177]
[1, 130]
[23, 130]
[31, 130]
[130, 167]
[13, 130]
[102, 130]
[130, 162]
[22, 130]
[88, 130]
[92, 130]
[9, 130]
[85, 130]
[28, 130]
[130, 159]
[69, 130]
[130, 157]
[62, 130]
[130, 174]
[44, 130]
[123, 130]
[99, 130]
[126, 130]
[130, 182]
[67, 130]
[116, 130]
[90, 130]
[106, 130]
[76, 130]
[4, 130]
[104, 130]
[130, 154]
[78, 130]
[130, 138]
[128, 130]
[130, 139]
[130, 150]
[130, 151]
[0, 130]
[72, 94]
[64, 94]
[49, 94]
[67, 94]
[94, 155]
[94, 139]
[70, 94]
[2, 120]
[2, 45]
[45, 102]
[45, 162]
[45, 92]
[17, 45]
[45, 59]
[90, 120]
[58, 120]
[44, 120]
[120, 169]
[25, 120]
[120, 133]
[4, 45]
[45, 69]
[45, 164]
[45, 123]
[21, 45]
[45, 135]
[45, 99]
[45, 144]
[45, 83]
[3, 45]
[45, 76]
[45, 70]
[45, 187]
[45, 65]
[45, 118]
[45, 154]
[45, 104]
[45, 138]
[45, 48]
[33, 45]
[45, 116]
[45, 128]
[45, 95]
[45, 136]
[45, 78]
[70, 80]
[80, 106]
[80, 181]
[33, 168]
[68, 124]
[78, 124]
[120, 136]
[106, 120]
[120, 184]
[43, 124]
[64, 124]
[49, 124]
[124, 147]
[58, 124]
[67, 124]
[124, 130]
[124, 155]
[124, 151]
[124, 154]
[67, 120]
[65, 120]
[99, 120]
[83, 120]
[73, 120]
[88, 120]
[118, 120]
[40, 120]
[116, 120]
[94, 120]
[104, 120]
[72, 120]
[120, 137]
[120, 144]
[95, 120]
[0, 120]
[120, 128]
[120, 139]
[120, 138]
[64, 120]
[120, 147]
[78, 120]
[120, 124]
[120, 155]
[48, 120]
[120, 154]
[22, 80]
[44, 80]
[62, 80]
[20, 80]
[80, 88]
[9, 80]
[80, 184]
[73, 80]
[45, 80]
[17, 80]
[80, 182]
[80, 123]
[69, 80]
[80, 97]
[80, 189]
[59, 80]
[72, 80]
[80, 137]
[80, 99]
[80, 183]
[80, 150]
[80, 157]
[6, 80]
[43, 80]
[65, 80]
[0, 80]
[80, 139]
[60, 178]
[29, 60]
[1, 60]
[18, 60]
[8, 60]
[36, 60]
[60, 121]
[3, 60]
[60, 118]
[60, 169]
[60, 115]
[60, 170]
[60, 88]
[9, 60]
[20, 60]
[60, 73]
[17, 60]
[60, 182]
[31, 60]
[60, 164]
[60, 174]
[60, 62]
[60, 84]
[28, 60]
[60, 69]
[23, 60]
[60, 97]
[60, 104]
[60, 63]
[50, 60]
[60, 181]
[60, 186]
[59, 60]
[60, 72]
[60, 93]
[60, 137]
[60, 99]
[60, 188]
[60, 144]
[60, 183]
[60, 167]
[60, 77]
[60, 126]
[7, 60]
[60, 102]
[60, 150]
[60, 133]
[33, 60]
[6, 60]
[43, 60]
[60, 65]
[60, 139]
[60, 94]
[60, 136]
[60, 64]
[60, 92]
[49, 60]
[45, 60]
[60, 154]
[60, 120]
[15, 60]
[10, 60]
[60, 156]
[60, 168]
[46, 60]
[80, 94]
[80, 116]
[64, 80]
[49, 80]
[80, 147]
[80, 155]
[80, 154]
[132, 157]
[132, 133]
[5, 132]
[70, 132]
[6, 132]
[65, 132]
[128, 132]
[132, 155]
[21, 132]
[92, 132]
[132, 151]
[132, 147]
[48, 132]
[80, 132]
[21, 122]
[27, 122]
[18, 122]
[1, 122]
[96, 122]
[98, 122]
[8, 122]
[81, 122]
[87, 122]
[71, 122]
[121, 122]
[122, 148]
[40, 122]
[22, 122]
[20, 122]
[118, 122]
[23, 122]
[19, 116]
[122, 184]
[122, 174]
[28, 122]
[0, 140]
[122, 187]
[69, 122]
[110, 122]
[63, 122]
[122, 189]
[59, 122]
[122, 162]
[122, 137]
[77, 122]
[7, 122]
[102, 122]
[122, 150]
[33, 122]
[0, 122]
[122, 139]
[94, 122]
[116, 122]
[122, 138]
[64, 122]
[70, 122]
[122, 130]
[65, 122]
[122, 128]
[92, 122]
[49, 122]
[120, 122]
[15, 69]
[15, 72]
[15, 102]
[15, 135]
[15, 139]
[15, 94]
[15, 70]
[15, 58]
[15, 130]
[15, 78]
[15, 45]
[15, 147]
[15, 155]
[19, 46]
[14, 46]
[140, 151]
[130, 140]
[58, 140]
[120, 140]
[15, 140]
[43, 156]
[90, 156]
[126, 156]
[7, 156]
[138, 156]
[49, 156]
[6, 156]
[139, 156]
[70, 156]
[102, 156]
[94, 156]
[154, 156]
[80, 156]
[151, 156]
[120, 156]
[67, 168]
[139, 168]
[94, 168]
[151, 168]
[155, 156]
[130, 168]
[20, 171]
[40, 171]
[98, 171]
[25, 171]
[115, 171]
[171, 177]
[27, 171]
[169, 171]
[88, 171]
[171, 184]
[17, 171]
[31, 171]
[62, 171]
[23, 171]
[111, 171]
[63, 171]
[44, 171]
[42, 171]
[83, 171]
[22, 171]
[171, 186]
[144, 171]
[95, 171]
[171, 183]
[150, 171]
[90, 171]
[129, 171]
[136, 171]
[138, 171]
[167, 171]
[5, 171]
[171, 181]
[128, 171]
[69, 171]
[6, 171]
[102, 171]
[78, 171]
[92, 171]
[116, 171]
[48, 171]
[147, 171]
[67, 171]
[139, 171]
[94, 171]
[60, 171]
[19, 58]
[19, 48]
[140, 171]
[19, 80]
[19, 130]
[15, 19]
[45, 171]
[124, 140]
[124, 171]
[19, 124]
[15, 122]
[23, 179]
[27, 179]
[13, 179]
[81, 179]
[96, 179]
[82, 179]
[8, 179]
[159, 179]
[112, 179]
[165, 179]
[3, 179]
[28, 179]
[169, 179]
[2, 179]
[76, 179]
[103, 179]
[20, 179]
[9, 179]
[179, 184]
[73, 179]
[179, 182]
[153, 179]
[131, 179]
[143, 179]
[52, 179]
[22, 179]
[179, 187]
[4, 179]
[83, 179]
[50, 179]
[179, 185]
[179, 186]
[59, 179]
[137, 179]
[179, 188]
[95, 179]
[106, 179]
[77, 179]
[126, 179]
[150, 179]
[90, 179]
[33, 179]
[136, 179]
[138, 179]
[167, 179]
[157, 179]
[133, 179]
[21, 179]
[5, 179]
[65, 179]
[72, 179]
[139, 179]
[116, 179]
[0, 179]
[155, 179]
[80, 179]
[120, 179]
[15, 179]
[124, 179]
[122, 179]
[10, 140]
[10, 184]
[8, 10]
[10, 166]
[1, 10]
[10, 31]
[10, 159]
[10, 177]
[10, 36]
[10, 121]
[3, 10]
[10, 76]
[10, 170]
[9, 10]
[10, 74]
[10, 182]
[10, 174]
[10, 62]
[10, 123]
[10, 104]
[10, 63]
[10, 42]
[10, 189]
[10, 186]
[10, 93]
[10, 99]
[10, 144]
[10, 106]
[10, 77]
[10, 150]
[10, 167]
[10, 133]
[10, 49]
[10, 69]
[6, 10]
[10, 21]
[10, 70]
[10, 72]
[10, 67]
[10, 139]
[10, 94]
[10, 154]
[10, 92]
[10, 116]
[10, 48]
[0, 10]
[10, 155]
[10, 19]
[10, 45]
[10, 179]
[97, 172]
[23, 172]
[4, 172]
[43, 172]
[104, 172]
[63, 172]
[44, 172]
[42, 172]
[83, 172]
[50, 172]
[93, 172]
[162, 172]
[137, 172]
[99, 172]
[172, 188]
[144, 172]
[95, 172]
[126, 172]
[150, 172]
[90, 172]
[136, 172]
[138, 172]
[64, 172]
[157, 172]
[133, 172]
[128, 172]
[49, 172]
[135, 172]
[21, 172]
[78, 172]
[67, 172]
[139, 172]
[94, 172]
[154, 172]
[92, 172]
[116, 172]
[48, 172]
[58, 172]
[15, 172]
[171, 172]
[124, 172]
[172, 179]
[10, 172]
[23, 105]
[105, 178]
[18, 105]
[105, 159]
[83, 105]
[13, 105]
[36, 105]
[3, 105]
[62, 105]
[40, 105]
[27, 105]
[105, 169]
[105, 170]
[20, 105]
[9, 105]
[105, 184]
[105, 182]
[105, 123]
[105, 158]
[105, 187]
[4, 105]
[97, 105]
[104, 105]
[105, 189]
[105, 186]
[59, 105]
[105, 162]
[105, 144]
[105, 183]
[105, 106]
[105, 126]
[90, 105]
[105, 129]
[33, 105]
[105, 136]
[105, 167]
[105, 157]
[5, 105]
[65, 105]
[105, 128]
[49, 105]
[69, 105]
[105, 135]
[21, 105]
[102, 105]
[78, 105]
[105, 147]
[67, 105]
[105, 139]
[105, 154]
[105, 116]
[48, 105]
[0, 105]
[105, 155]
[80, 105]
[60, 105]
[105, 171]
[19, 105]
[105, 124]
[10, 105]
[10, 151]
[19, 151]
[151, 172]
[105, 151]
[156, 171]
[124, 156]
[122, 156]
[156, 179]
[10, 156]
[105, 156]
[140, 168]
[45, 168]
[19, 168]
[156, 168]
[56, 140]
[56, 67]
[56, 94]
[0, 56]
[56, 130]
[56, 120]
[56, 155]
[15, 56]
[56, 171]
[56, 124]
[10, 56]
[56, 105]
[56, 168]
[132, 140]
[15, 132]
[19, 132]
[132, 179]
[132, 168]
[56, 132]
[46, 167]
[46, 143]
[42, 46]
[46, 150]
[46, 68]
[46, 64]
[46, 128]
[46, 102]
[46, 139]
[46, 154]
[46, 94]
[46, 120]
[46, 155]
[15, 46]
[46, 171]
[46, 124]
[46, 179]
[46, 105]
[46, 156]
[46, 168]
[46, 56]
[46, 132]
[23, 54]
[51, 54]
[35, 54]
[1, 54]
[54, 68]
[13, 54]
[54, 173]
[18, 54]
[54, 86]
[54, 98]
[54, 87]
[54, 71]
[36, 54]
[54, 121]
[54, 178]
[3, 54]
[40, 54]
[54, 118]
[54, 55]
[54, 170]
[54, 88]
[9, 54]
[54, 184]
[54, 73]
[17, 54]
[54, 164]
[28, 54]
[4, 54]
[44, 54]
[50, 54]
[54, 186]
[54, 59]
[54, 137]
[54, 106]
[54, 126]
[7, 54]
[54, 90]
[54, 145]
[54, 138]
[49, 54]
[6, 54]
[21, 54]
[54, 78]
[54, 67]
[54, 147]
[54, 64]
[43, 54]
[54, 139]
[54, 58]
[54, 140]
[54, 94]
[54, 155]
[54, 151]
[45, 54]
[54, 171]
[19, 54]
[54, 172]
[54, 105]
[54, 156]
[54, 168]
[54, 132]
[46, 54]
[11, 33]
[11, 95]
[11, 17]
[11, 182]
[11, 187]
[11, 106]
[11, 138]
[11, 135]
[11, 70]
[11, 67]
[11, 150]
[11, 128]
[11, 140]
[11, 80]
[11, 60]
[11, 130]
[11, 120]
[11, 155]
[11, 151]
[11, 45]
[11, 122]
[11, 179]
[10, 11]
[11, 172]
[11, 156]
[11, 168]
[11, 56]
[11, 132]
[11, 54]
