[7, 8]
[3, 8]
[3, 7]
[2, 7]
[1, 8]
[5, 7]
[3, 6]
[2, 6]
[2, 3]
[5, 9]
[8, 12]
[1, 12]
[4, 12]
[9, 12]
[10, 12]
[8, 11]
[7, 9]
[7, 19]
[7, 23]
[7, 32]
[7, 17]
[7, 39]
[7, 20]
[7, 21]
[7, 22]
[7, 25]
[7, 26]
[7, 29]
[7, 27]
[7, 35]
[1, 11]
[6, 11]
[3, 11]
[3, 19]
[3, 30]
[3, 14]
[2, 10]
[10, 11]
[6, 10]
[10, 23]
[12, 24]
[5, 24]
[2, 24]
[11, 24]
[19, 24]
[14, 24]
[24, 39]
[10, 24]
[24, 28]
[8, 34]
[19, 34]
[11, 34]
[9, 34]
[14, 34]
[14, 19]
[11, 14]
[12, 14]
[9, 14]
[5, 23]
[2, 23]
[1, 23]
[11, 23]
[6, 23]
[5, 19]
[6, 19]
[19, 30]
[11, 30]
[4, 30]
[2, 30]
[9, 30]
[4, 9]
[9, 23]
[9, 21]
[6, 21]
[11, 21]
[8, 9]
[10, 30]
[8, 10]
[9, 10]
[9, 39]
[23, 39]
[11, 39]
[1, 39]
[5, 39]
[28, 34]
[3, 34]
[3, 28]
[3, 13]
[6, 28]
[3, 20]
[4, 28]
[2, 26]
[11, 26]
[26, 30]
[12, 26]
[26, 39]
[26, 34]
[26, 28]
[13, 26]
[21, 26]
[17, 26]
[15, 26]
[26, 31]
[16, 26]
[25, 26]
[14, 28]
[2, 28]
[1, 28]
[11, 28]
[28, 30]
[12, 28]
[28, 39]
[8, 13]
[11, 13]
[5, 13]
[2, 13]
[3, 32]
[3, 26]
[3, 37]
[3, 35]
[3, 22]
[8, 35]
[23, 35]
[4, 31]
[1, 31]
[2, 17]
[4, 17]
[11, 17]
[6, 17]
[17, 23]
[12, 17]
[14, 17]
[10, 17]
[17, 34]
[17, 24]
[13, 17]
[17, 20]
[17, 18]
[2, 16]
[6, 16]
[12, 16]
[11, 18]
[11, 31]
[2, 31]
[6, 31]
[19, 31]
[30, 31]
[6, 22]
[5, 22]
[10, 31]
[23, 31]
[12, 31]
[31, 39]
[14, 31]
[28, 31]
[31, 34]
[8, 15]
[5, 15]
[4, 15]
[2, 15]
[6, 15]
[15, 19]
[15, 23]
[12, 15]
[19, 32]
[4, 32]
[2, 32]
[5, 32]
[11, 32]
[6, 32]
[12, 32]
[32, 39]
[14, 32]
[28, 32]
[24, 32]
[13, 32]
[16, 32]
[18, 32]
[16, 18]
[8, 18]
[6, 18]
[1, 18]
[5, 18]
[18, 30]
[18, 23]
[12, 18]
[18, 39]
[10, 18]
[18, 34]
[18, 24]
[13, 18]
[18, 21]
[14, 15]
[15, 31]
[24, 31]
[6, 13]
[13, 19]
[13, 39]
[13, 14]
[13, 31]
[8, 20]
[20, 30]
[4, 20]
[2, 20]
[10, 20]
[20, 23]
[12, 20]
[14, 20]
[20, 34]
[20, 31]
[8, 21]
[2, 21]
[11, 35]
[30, 35]
[12, 35]
[5, 21]
[1, 21]
[10, 21]
[21, 23]
[12, 21]
[21, 28]
[13, 21]
[9, 16]
[16, 39]
[13, 16]
[16, 34]
[14, 16]
[16, 24]
[16, 21]
[9, 25]
[5, 25]
[4, 25]
[2, 25]
[11, 25]
[6, 25]
[2, 22]
[19, 22]
[12, 25]
[25, 39]
[25, 34]
[25, 31]
[15, 25]
[24, 25]
[13, 25]
[20, 25]
[21, 25]
[16, 25]
[18, 25]
[10, 33]
[8, 33]
[19, 33]
[6, 33]
[12, 33]
[33, 39]
[14, 33]
[28, 33]
[31, 33]
[15, 33]
[13, 33]
[20, 33]
[6, 29]
[6, 27]
[12, 29]
[9, 29]
[22, 39]
[5, 29]
[17, 33]
[26, 33]
[18, 33]
[14, 29]
[13, 22]
[20, 29]
[8, 22]
[22, 28]
[22, 25]
[29, 30]
[29, 32]
[29, 39]
[29, 34]
[24, 29]
[16, 29]
[28, 29]
[8, 29]
[29, 33]
[21, 29]
[17, 29]
[15, 29]
[6, 36]
[30, 36]
[27, 30]
[9, 27]
[4, 27]
[19, 27]
[5, 27]
[4, 36]
[20, 27]
[14, 27]
[27, 34]
[27, 28]
[27, 39]
[8, 27]
[13, 27]
[21, 27]
[23, 27]
[17, 27]
[26, 27]
[0, 39]
[0, 34]
[0, 1]
[0, 9]
[0, 10]
[0, 20]
[0, 12]
[0, 28]
[0, 8]
[0, 6]
[0, 25]
[0, 13]
[22, 33]
[0, 23]
[0, 15]
[0, 18]
[0, 27]
[13, 36]
[14, 36]
[20, 36]
[32, 36]
[24, 36]
[8, 36]
[25, 36]
[23, 36]
[5, 36]
[17, 36]
[19, 36]
[29, 36]
[27, 36]
[13, 37]
[16, 37]
[2, 37]
[30, 37]
[9, 37]
[1, 37]
[4, 37]
[12, 37]
[32, 37]
[24, 37]
[31, 37]
[28, 37]
[6, 37]
[25, 37]
[33, 37]
[21, 37]
[23, 37]
[5, 37]
[26, 37]
[19, 37]
[15, 37]
[18, 37]
[36, 37]
[34, 35]
[24, 35]
[31, 35]
[16, 35]
[35, 39]
[26, 35]
[15, 35]
[35, 36]
[35, 37]
[38, 39]
[34, 38]
[10, 38]
[9, 38]
[5, 38]
[12, 38]
[11, 38]
[24, 38]
[6, 38]
[21, 38]
[17, 38]
[26, 38]
[15, 38]
[18, 38]
[27, 38]
[36, 38]
[22, 35]
[37, 38]
[22, 37]
[21, 22]
[22, 23]
[15, 22]
[18, 22]
[0, 22]
[22, 38]
