[11, 12]
[5, 12]
[4, 12]
[6, 12]
[7, 12]
[10, 12]
[3, 11]
[2, 11]
[3, 10]
[6, 10]
[12, 37]
[2, 37]
[4, 11]
[5, 11]
[7, 11]
[8, 11]
[10, 11]
[3, 7]
[1, 37]
[4, 37]
[6, 37]
[8, 37]
[9, 37]
[10, 37]
[15, 37]
[18, 37]
[20, 37]
[21, 37]
[23, 37]
[24, 37]
[25, 37]
[26, 37]
[28, 37]
[35, 37]
[36, 37]
[8, 17]
[6, 17]
[1, 17]
[11, 17]
[12, 17]
[15, 17]
[16, 17]
[9, 10]
[7, 10]
[6, 7]
[1, 7]
[3, 4]
[1, 4]
[4, 5]
[22, 62]
[2, 62]
[4, 62]
[6, 62]
[8, 62]
[9, 62]
[14, 62]
[15, 62]
[19, 62]
[31, 62]
[36, 62]
[53, 62]
[41, 62]
[39, 62]
[11, 62]
[29, 62]
[27, 62]
[34, 62]
[33, 62]
[32, 62]
[28, 62]
[26, 62]
[20, 62]
[35, 62]
[12, 13]
[17, 25]
[17, 24]
[16, 35]
[12, 35]
[4, 35]
[3, 35]
[21, 35]
[35, 50]
[35, 45]
[35, 65]
[35, 67]
[24, 35]
[35, 57]
[8, 35]
[14, 35]
[15, 35]
[31, 35]
[35, 41]
[30, 35]
[35, 61]
[35, 48]
[35, 47]
[35, 46]
[35, 44]
[35, 43]
[35, 59]
[35, 56]
[11, 35]
[32, 35]
[34, 35]
[28, 35]
[26, 35]
[32, 76]
[5, 32]
[4, 32]
[23, 32]
[32, 70]
[32, 65]
[32, 67]
[32, 49]
[32, 57]
[9, 32]
[19, 32]
[31, 32]
[32, 36]
[32, 53]
[32, 41]
[30, 32]
[32, 61]
[32, 60]
[32, 48]
[32, 47]
[22, 32]
[32, 56]
[32, 77]
[32, 74]
[11, 32]
[29, 32]
[9, 39]
[4, 39]
[2, 39]
[3, 39]
[10, 39]
[37, 39]
[21, 39]
[39, 50]
[38, 39]
[39, 65]
[39, 67]
[39, 57]
[8, 39]
[14, 39]
[19, 39]
[31, 39]
[5, 75]
[4, 75]
[7, 75]
[1, 75]
[13, 75]
[2, 75]
[3, 75]
[21, 75]
[23, 75]
[50, 75]
[45, 75]
[65, 75]
[21, 68]
[16, 68]
[23, 68]
[50, 68]
[68, 70]
[65, 68]
[13, 21]
[12, 21]
[16, 21]
[7, 13]
[4, 13]
[10, 13]
[13, 16]
[4, 16]
[1, 16]
[5, 6]
[6, 13]
[2, 6]
[6, 21]
[6, 23]
[6, 38]
[6, 75]
[6, 57]
[6, 8]
[6, 14]
[6, 53]
[6, 39]
[12, 16]
[5, 16]
[7, 23]
[4, 23]
[12, 23]
[5, 23]
[3, 23]
[21, 23]
[12, 50]
[4, 50]
[1, 50]
[37, 50]
[2, 50]
[12, 45]
[7, 45]
[1, 45]
[4, 45]
[3, 45]
[10, 45]
[37, 45]
[2, 45]
[2, 38]
[37, 38]
[4, 38]
[1, 38]
[13, 38]
[21, 38]
[38, 45]
[7, 70]
[1, 70]
[3, 70]
[10, 70]
[37, 70]
[13, 70]
[2, 70]
[50, 70]
[45, 70]
[7, 76]
[12, 76]
[5, 76]
[3, 76]
[37, 76]
[23, 76]
[45, 76]
[70, 76]
[75, 76]
[7, 67]
[3, 67]
[10, 67]
[67, 68]
[16, 67]
[23, 67]
[67, 70]
[12, 65]
[1, 65]
[3, 65]
[13, 65]
[16, 65]
[23, 65]
[50, 65]
[45, 65]
[38, 65]
[65, 67]
[7, 25]
[4, 25]
[3, 25]
[10, 25]
[25, 68]
[16, 25]
[21, 25]
[23, 25]
[25, 45]
[25, 38]
[25, 76]
[25, 75]
[7, 24]
[1, 24]
[5, 24]
[3, 24]
[24, 68]
[13, 24]
[24, 50]
[24, 45]
[24, 67]
[24, 25]
[16, 57]
[10, 57]
[3, 57]
[57, 68]
[21, 57]
[23, 57]
[50, 57]
[38, 57]
[57, 75]
[57, 67]
[57, 65]
[16, 49]
[13, 49]
[10, 49]
[7, 49]
[4, 49]
[49, 68]
[2, 49]
[21, 49]
[49, 50]
[45, 49]
[38, 49]
[49, 67]
[24, 49]
[7, 8]
[1, 8]
[5, 8]
[3, 8]
[8, 13]
[2, 8]
[8, 23]
[8, 50]
[8, 76]
[8, 65]
[8, 25]
[8, 24]
[8, 49]
[9, 13]
[5, 9]
[3, 9]
[9, 68]
[13, 33]
[12, 33]
[4, 33]
[16, 33]
[21, 33]
[23, 33]
[33, 45]
[33, 38]
[33, 76]
[33, 75]
[25, 33]
[24, 33]
[33, 49]
[19, 33]
[31, 33]
[33, 41]
[33, 53]
[33, 60]
[33, 58]
[33, 48]
[33, 43]
[33, 42]
[33, 40]
[17, 33]
[22, 33]
[12, 27]
[7, 27]
[5, 27]
[10, 27]
[27, 68]
[16, 27]
[2, 27]
[23, 27]
[27, 45]
[27, 38]
[27, 70]
[27, 57]
[8, 27]
[14, 27]
[19, 27]
[27, 36]
[27, 41]
[27, 61]
[27, 60]
[27, 58]
[27, 43]
[27, 40]
[17, 27]
[22, 27]
[9, 16]
[9, 21]
[9, 23]
[9, 45]
[9, 38]
[13, 36]
[4, 36]
[9, 67]
[1, 36]
[9, 65]
[5, 36]
[9, 24]
[12, 14]
[10, 14]
[14, 68]
[2, 14]
[14, 21]
[14, 50]
[14, 38]
[14, 65]
[14, 25]
[14, 24]
[9, 14]
[4, 15]
[3, 15]
[10, 15]
[13, 15]
[15, 16]
[2, 15]
[15, 23]
[15, 50]
[15, 65]
[15, 25]
[8, 15]
[9, 15]
[7, 19]
[1, 19]
[5, 19]
[3, 19]
[13, 19]
[2, 19]
[19, 21]
[19, 50]
[19, 70]
[19, 76]
[19, 75]
[19, 49]
[8, 19]
[14, 19]
[12, 31]
[7, 31]
[31, 68]
[23, 31]
[31, 45]
[31, 38]
[31, 75]
[31, 67]
[31, 65]
[24, 31]
[31, 57]
[8, 31]
[9, 31]
[9, 36]
[36, 57]
[36, 68]
[14, 36]
[36, 50]
[36, 70]
[36, 65]
[25, 36]
[24, 36]
[15, 36]
[12, 41]
[7, 41]
[1, 41]
[5, 41]
[37, 41]
[10, 41]
[38, 41]
[41, 76]
[41, 67]
[25, 41]
[41, 57]
[41, 49]
[8, 41]
[14, 41]
[15, 41]
[19, 41]
[7, 53]
[1, 53]
[4, 53]
[37, 53]
[53, 68]
[16, 53]
[2, 53]
[50, 53]
[53, 75]
[53, 65]
[25, 53]
[53, 57]
[19, 53]
[31, 53]
[36, 53]
[11, 30]
[12, 30]
[4, 30]
[7, 30]
[1, 30]
[5, 30]
[3, 30]
[16, 30]
[2, 30]
[21, 30]
[30, 45]
[30, 38]
[30, 70]
[30, 75]
[30, 67]
[25, 30]
[30, 57]
[30, 49]
[9, 30]
[15, 30]
[19, 30]
[30, 31]
[30, 41]
[30, 53]
[11, 61]
[13, 61]
[3, 61]
[5, 71]
[1, 71]
[13, 71]
[2, 71]
[21, 71]
[23, 71]
[71, 75]
[15, 71]
[31, 71]
[53, 71]
[11, 71]
[6, 71]
[30, 71]
[60, 71]
[58, 71]
[48, 71]
[27, 71]
[33, 71]
[59, 71]
[71, 77]
[71, 74]
[32, 71]
[28, 71]
[26, 71]
[20, 71]
[55, 71]
[63, 71]
[71, 73]
[14, 61]
[5, 74]
[7, 74]
[4, 74]
[12, 74]
[3, 74]
[10, 74]
[37, 74]
[13, 74]
[2, 74]
[21, 74]
[45, 74]
[38, 74]
[25, 74]
[57, 74]
[49, 74]
[15, 74]
[19, 74]
[41, 74]
[39, 74]
[6, 74]
[60, 74]
[58, 74]
[52, 74]
[46, 74]
[44, 74]
[42, 74]
[17, 74]
[22, 74]
[27, 74]
[59, 74]
[51, 74]
[74, 77]
[61, 67]
[61, 76]
[1, 61]
[10, 61]
[17, 57]
[17, 49]
[17, 60]
[17, 58]
[17, 47]
[17, 52]
[17, 46]
[17, 42]
[41, 61]
[61, 68]
[61, 70]
[41, 77]
[21, 61]
[36, 61]
[31, 61]
[45, 61]
[24, 61]
[39, 61]
[38, 61]
[49, 61]
[25, 61]
[11, 60]
[8, 60]
[60, 68]
[12, 60]
[23, 60]
[9, 60]
[50, 60]
[19, 60]
[15, 60]
[6, 60]
[5, 60]
[4, 60]
[60, 70]
[21, 60]
[36, 60]
[60, 75]
[45, 60]
[60, 67]
[49, 60]
[60, 61]
[17, 32]
[11, 73]
[16, 73]
[3, 73]
[39, 73]
[68, 73]
[23, 73]
[12, 73]
[2, 73]
[50, 73]
[33, 73]
[6, 73]
[27, 73]
[14, 73]
[4, 73]
[30, 73]
[7, 73]
[21, 73]
[31, 73]
[73, 75]
[24, 73]
[38, 73]
[57, 73]
[61, 73]
[60, 73]
[32, 73]
[11, 28]
[8, 28]
[13, 28]
[9, 28]
[28, 50]
[15, 28]
[28, 33]
[5, 28]
[4, 28]
[28, 30]
[7, 28]
[28, 70]
[21, 28]
[28, 53]
[28, 75]
[28, 45]
[10, 28]
[28, 74]
[28, 67]
[25, 28]
[28, 61]
[28, 60]
[28, 32]
[28, 73]
[62, 74]
[11, 34]
[8, 34]
[3, 34]
[7, 34]
[12, 34]
[16, 34]
[23, 34]
[13, 34]
[2, 34]
[9, 34]
[34, 50]
[15, 34]
[33, 34]
[6, 34]
[5, 34]
[27, 34]
[34, 70]
[21, 34]
[34, 53]
[24, 34]
[34, 39]
[34, 38]
[17, 34]
[34, 49]
[34, 76]
[34, 57]
[34, 61]
[11, 26]
[8, 26]
[3, 26]
[26, 68]
[2, 26]
[9, 26]
[26, 50]
[19, 26]
[26, 33]
[12, 26]
[6, 26]
[5, 26]
[14, 26]
[26, 30]
[7, 26]
[26, 31]
[26, 53]
[26, 45]
[24, 26]
[26, 39]
[10, 26]
[26, 74]
[26, 76]
[26, 60]
[26, 32]
[26, 73]
[11, 63]
[63, 65]
[1, 63]
[12, 63]
[16, 63]
[63, 68]
[23, 63]
[13, 63]
[6, 63]
[27, 63]
[4, 63]
[30, 63]
[7, 63]
[63, 70]
[31, 63]
[63, 75]
[45, 63]
[24, 63]
[39, 63]
[17, 63]
[63, 67]
[35, 63]
[49, 63]
[25, 63]
[63, 76]
[61, 63]
[63, 73]
[34, 63]
[62, 63]
[26, 63]
[16, 77]
[3, 77]
[1, 77]
[8, 77]
[28, 77]
[68, 77]
[50, 77]
[19, 77]
[15, 77]
[6, 77]
[5, 77]
[4, 77]
[30, 77]
[7, 77]
[21, 77]
[36, 77]
[31, 77]
[53, 77]
[75, 77]
[45, 77]
[39, 77]
[17, 77]
[49, 77]
[57, 77]
[60, 77]
[34, 77]
[62, 77]
[26, 77]
[13, 56]
[8, 56]
[56, 65]
[1, 56]
[12, 56]
[3, 56]
[56, 68]
[2, 56]
[2, 43]
[16, 43]
[9, 56]
[11, 43]
[28, 43]
[9, 43]
[15, 56]
[17, 56]
[33, 56]
[14, 56]
[30, 56]
[21, 56]
[36, 56]
[31, 56]
[53, 56]
[56, 75]
[45, 56]
[38, 56]
[56, 67]
[49, 56]
[56, 57]
[56, 61]
[56, 63]
[12, 29]
[11, 29]
[3, 29]
[2, 72]
[68, 72]
[1, 72]
[65, 72]
[16, 72]
[11, 72]
[23, 72]
[9, 72]
[19, 72]
[6, 72]
[5, 72]
[4, 72]
[30, 72]
[21, 72]
[36, 72]
[53, 72]
[24, 72]
[38, 72]
[49, 72]
[72, 74]
[72, 76]
[57, 72]
[61, 72]
[60, 72]
[37, 72]
[17, 72]
[63, 72]
[34, 72]
[32, 72]
[28, 72]
[29, 72]
[72, 78]
[47, 72]
[52, 72]
[44, 72]
[42, 72]
[59, 72]
[51, 72]
[48, 72]
[40, 72]
[58, 72]
[26, 72]
[20, 72]
[64, 72]
[1, 29]
[8, 29]
[29, 68]
[23, 29]
[2, 29]
[29, 33]
[27, 29]
[14, 29]
[29, 30]
[7, 29]
[29, 70]
[21, 29]
[29, 53]
[29, 75]
[29, 45]
[24, 29]
[29, 39]
[10, 29]
[29, 38]
[29, 74]
[17, 29]
[29, 63]
[29, 34]
[29, 73]
[43, 50]
[19, 43]
[15, 43]
[30, 43]
[7, 43]
[43, 70]
[36, 43]
[10, 43]
[38, 43]
[43, 67]
[37, 43]
[43, 63]
[43, 73]
[11, 47]
[16, 47]
[47, 65]
[1, 47]
[10, 47]
[12, 47]
[23, 47]
[2, 47]
[19, 47]
[6, 47]
[5, 47]
[14, 47]
[4, 47]
[47, 70]
[31, 47]
[47, 53]
[47, 75]
[39, 47]
[25, 47]
[47, 61]
[47, 60]
[37, 47]
[47, 73]
[47, 63]
[28, 47]
[43, 47]
[12, 52]
[11, 52]
[1, 52]
[2, 52]
[50, 52]
[15, 52]
[14, 52]
[30, 52]
[52, 70]
[21, 52]
[36, 52]
[45, 52]
[52, 67]
[49, 52]
[25, 52]
[52, 60]
[37, 52]
[34, 52]
[0, 12]
[0, 15]
[0, 13]
[0, 16]
[0, 65]
[0, 3]
[0, 68]
[0, 23]
[0, 19]
[0, 5]
[0, 14]
[0, 30]
[0, 7]
[0, 70]
[0, 31]
[0, 75]
[0, 24]
[0, 39]
[0, 38]
[0, 67]
[0, 49]
[0, 25]
[0, 61]
[0, 37]
[0, 74]
[0, 34]
[0, 73]
[0, 17]
[0, 43]
[0, 52]
[31, 44]
[11, 44]
[3, 44]
[8, 44]
[44, 65]
[22, 52]
[12, 44]
[44, 68]
[1, 44]
[23, 44]
[2, 44]
[19, 44]
[15, 44]
[6, 44]
[4, 44]
[30, 44]
[7, 44]
[44, 70]
[44, 53]
[39, 44]
[10, 44]
[38, 44]
[44, 76]
[44, 57]
[44, 61]
[44, 60]
[41, 44]
[44, 73]
[43, 44]
[44, 63]
[11, 22]
[8, 22]
[1, 22]
[16, 22]
[22, 68]
[22, 23]
[13, 22]
[2, 22]
[22, 50]
[19, 22]
[15, 22]
[6, 22]
[5, 22]
[14, 22]
[4, 22]
[22, 30]
[7, 22]
[22, 31]
[22, 53]
[22, 75]
[22, 45]
[22, 38]
[22, 49]
[22, 76]
[22, 61]
[22, 60]
[22, 41]
[22, 73]
[22, 28]
[17, 22]
[22, 44]
[11, 42]
[42, 68]
[8, 42]
[36, 42]
[23, 42]
[2, 42]
[19, 42]
[15, 42]
[6, 42]
[14, 42]
[4, 42]
[7, 42]
[42, 70]
[21, 42]
[31, 42]
[42, 45]
[24, 42]
[10, 42]
[25, 42]
[42, 61]
[42, 60]
[37, 42]
[41, 42]
[42, 43]
[42, 73]
[42, 63]
[42, 52]
[42, 44]
[12, 46]
[11, 46]
[3, 46]
[8, 46]
[46, 68]
[16, 46]
[1, 46]
[13, 46]
[23, 46]
[9, 46]
[19, 46]
[14, 46]
[30, 46]
[21, 46]
[36, 46]
[31, 46]
[46, 53]
[24, 46]
[39, 46]
[38, 46]
[25, 46]
[46, 76]
[46, 57]
[37, 46]
[46, 52]
[34, 46]
[11, 48]
[48, 65]
[1, 48]
[10, 48]
[12, 48]
[13, 48]
[2, 48]
[48, 50]
[19, 48]
[15, 48]
[7, 48]
[48, 70]
[21, 48]
[36, 48]
[31, 48]
[24, 48]
[39, 48]
[38, 48]
[48, 76]
[48, 57]
[37, 48]
[41, 48]
[47, 48]
[44, 48]
[28, 48]
[34, 48]
[46, 48]
[11, 40]
[3, 40]
[40, 65]
[22, 48]
[22, 58]
[22, 78]
[22, 26]
[22, 66]
[22, 69]
[22, 77]
[22, 29]
[22, 55]
[22, 56]
[17, 69]
[41, 69]
[68, 69]
[65, 69]
[51, 62]
[51, 76]
[46, 63]
[42, 46]
[40, 42]
[42, 58]
[0, 46]
[48, 63]
[1, 40]
[23, 40]
[2, 40]
[10, 40]
[19, 40]
[15, 40]
[14, 40]
[7, 40]
[31, 40]
[40, 53]
[40, 45]
[40, 76]
[37, 40]
[40, 41]
[40, 43]
[40, 47]
[40, 44]
[34, 40]
[28, 40]
[40, 63]
[0, 40]
[40, 46]
[36, 58]
[11, 58]
[1, 58]
[16, 58]
[37, 58]
[2, 58]
[19, 58]
[5, 58]
[58, 70]
[31, 58]
[53, 58]
[58, 75]
[24, 58]
[58, 67]
[49, 58]
[58, 76]
[41, 58]
[43, 58]
[44, 58]
[34, 58]
[28, 58]
[58, 63]
[46, 58]
[40, 58]
[11, 78]
[3, 78]
[8, 78]
[17, 18]
[17, 59]
[17, 51]
[12, 69]
[8, 69]
[2, 69]
[9, 69]
[15, 69]
[33, 69]
[6, 69]
[27, 69]
[14, 69]
[4, 69]
[30, 69]
[53, 69]
[45, 69]
[24, 69]
[39, 69]
[69, 76]
[60, 69]
[37, 69]
[69, 74]
[38, 69]
[49, 69]
[57, 69]
[61, 69]
[63, 69]
[52, 69]
[26, 69]
[46, 69]
[48, 69]
[66, 69]
[26, 43]
[26, 52]
[26, 44]
[26, 40]
[12, 78]
[13, 78]
[1, 78]
[16, 78]
[23, 78]
[9, 78]
[33, 78]
[6, 78]
[30, 78]
[7, 78]
[70, 78]
[31, 78]
[53, 78]
[45, 78]
[39, 78]
[35, 78]
[25, 78]
[60, 78]
[74, 78]
[38, 78]
[49, 78]
[57, 78]
[61, 78]
[28, 78]
[41, 78]
[44, 78]
[26, 78]
[46, 78]
[40, 78]
[62, 78]
[26, 48]
[11, 66]
[16, 66]
[3, 66]
[9, 66]
[50, 66]
[19, 66]
[15, 66]
[5, 66]
[14, 66]
[7, 66]
[21, 66]
[53, 66]
[45, 66]
[24, 66]
[39, 66]
[25, 66]
[66, 76]
[37, 66]
[38, 66]
[66, 73]
[28, 66]
[52, 66]
[44, 66]
[46, 66]
[48, 66]
[0, 78]
[26, 58]
[47, 77]
[43, 77]
[44, 77]
[42, 77]
[48, 77]
[32, 66]
[28, 29]
[29, 41]
[29, 47]
[29, 43]
[29, 44]
[26, 29]
[29, 42]
[29, 69]
[29, 40]
[29, 66]
[0, 29]
[29, 77]
[29, 46]
[11, 18]
[8, 18]
[1, 18]
[18, 35]
[16, 18]
[13, 18]
[18, 50]
[15, 18]
[18, 71]
[18, 33]
[6, 18]
[5, 18]
[18, 27]
[18, 30]
[7, 18]
[18, 36]
[18, 31]
[18, 53]
[18, 39]
[18, 76]
[18, 60]
[18, 38]
[18, 34]
[18, 41]
[18, 47]
[18, 43]
[18, 44]
[18, 62]
[18, 73]
[18, 40]
[18, 48]
[0, 18]
[18, 77]
[18, 26]
[18, 58]
[18, 29]
[19, 59]
[13, 59]
[59, 68]
[9, 59]
[33, 59]
[5, 59]
[27, 59]
[14, 59]
[4, 59]
[30, 59]
[59, 70]
[36, 59]
[53, 59]
[59, 75]
[24, 59]
[25, 59]
[59, 60]
[37, 59]
[59, 67]
[57, 59]
[41, 59]
[47, 59]
[43, 59]
[44, 59]
[59, 62]
[59, 73]
[28, 59]
[40, 59]
[59, 77]
[26, 59]
[58, 59]
[12, 51]
[51, 68]
[3, 51]
[1, 51]
[23, 51]
[2, 51]
[9, 51]
[15, 51]
[33, 51]
[30, 51]
[51, 70]
[51, 75]
[45, 51]
[39, 51]
[10, 51]
[51, 60]
[37, 51]
[38, 51]
[51, 67]
[49, 51]
[51, 61]
[44, 51]
[51, 73]
[28, 51]
[42, 51]
[48, 51]
[0, 51]
[26, 51]
[46, 51]
[51, 66]
[51, 58]
[18, 51]
[51, 59]
[34, 56]
[41, 56]
[44, 56]
[56, 62]
[56, 78]
[40, 56]
[0, 56]
[56, 77]
[56, 66]
[56, 58]
[29, 56]
[51, 56]
[11, 79]
[8, 79]
[65, 79]
[35, 79]
[3, 79]
[16, 79]
[2, 79]
[71, 79]
[33, 79]
[6, 79]
[5, 79]
[14, 79]
[4, 79]
[21, 79]
[36, 79]
[75, 79]
[24, 79]
[76, 79]
[60, 79]
[37, 79]
[49, 79]
[57, 79]
[61, 79]
[34, 79]
[41, 79]
[43, 79]
[44, 79]
[52, 79]
[73, 79]
[28, 79]
[42, 79]
[40, 79]
[48, 79]
[0, 79]
[26, 79]
[58, 79]
[18, 79]
[59, 79]
[29, 79]
[51, 79]
[66, 79]
[32, 79]
[12, 54]
[11, 54]
[8, 54]
[1, 54]
[9, 54]
[50, 54]
[19, 54]
[6, 54]
[27, 54]
[14, 54]
[54, 70]
[21, 54]
[36, 54]
[31, 54]
[24, 54]
[39, 54]
[25, 54]
[54, 76]
[37, 54]
[54, 74]
[54, 63]
[47, 54]
[43, 54]
[54, 62]
[54, 69]
[40, 54]
[54, 77]
[26, 54]
[54, 72]
[54, 59]
[29, 54]
[32, 54]
[12, 55]
[11, 55]
[8, 55]
[3, 55]
[16, 55]
[23, 55]
[13, 55]
[2, 55]
[50, 55]
[19, 55]
[15, 55]
[33, 55]
[6, 55]
[5, 55]
[27, 55]
[7, 55]
[55, 70]
[21, 55]
[53, 55]
[24, 55]
[39, 55]
[10, 55]
[25, 55]
[55, 76]
[55, 60]
[37, 55]
[55, 74]
[38, 55]
[55, 61]
[55, 63]
[41, 55]
[47, 55]
[44, 55]
[55, 62]
[28, 55]
[55, 78]
[42, 55]
[55, 69]
[55, 77]
[26, 55]
[55, 72]
[29, 55]
[51, 55]
[32, 55]
[55, 56]
[11, 20]
[3, 20]
[8, 20]
[20, 65]
[1, 20]
[20, 26]
[12, 20]
[20, 23]
[13, 20]
[19, 20]
[15, 20]
[20, 33]
[6, 20]
[5, 20]
[14, 20]
[7, 20]
[20, 31]
[20, 53]
[20, 24]
[10, 20]
[20, 25]
[20, 76]
[20, 60]
[20, 38]
[20, 67]
[20, 49]
[20, 34]
[20, 41]
[20, 43]
[20, 44]
[20, 52]
[20, 73]
[20, 28]
[17, 20]
[20, 78]
[20, 42]
[20, 48]
[20, 77]
[20, 58]
[18, 20]
[20, 29]
[20, 51]
[20, 32]
[20, 55]
[11, 64]
[8, 64]
[64, 65]
[3, 64]
[16, 64]
[64, 68]
[9, 64]
[50, 64]
[15, 64]
[33, 64]
[12, 64]
[6, 64]
[14, 64]
[4, 64]
[36, 64]
[53, 64]
[64, 75]
[45, 64]
[24, 64]
[39, 64]
[25, 64]
[64, 76]
[60, 64]
[38, 64]
[57, 64]
[34, 64]
[63, 64]
[41, 64]
[47, 64]
[43, 64]
[44, 64]
[62, 64]
[52, 64]
[64, 73]
[28, 64]
[17, 64]
[64, 69]
[40, 64]
[48, 64]
[0, 64]
[64, 77]
[26, 64]
[18, 64]
[51, 64]
[32, 64]
[20, 64]
