[26, 27]
[6, 27]
[37, 84]
[37, 83]
[5, 83]
[5, 26]
[4, 26]
[26, 28]
[25, 28]
[4, 28]
[7, 26]
[2, 28]
[52, 84]
[24, 52]
[8, 52]
[5, 52]
[3, 52]
[12, 52]
[13, 52]
[16, 52]
[17, 52]
[18, 52]
[19, 52]
[20, 52]
[21, 52]
[22, 52]
[27, 52]
[28, 52]
[29, 52]
[30, 52]
[31, 52]
[33, 52]
[34, 52]
[35, 52]
[36, 52]
[40, 52]
[44, 52]
[46, 52]
[47, 52]
[48, 52]
[49, 52]
[50, 52]
[9, 43]
[7, 43]
[5, 25]
[6, 25]
[7, 25]
[11, 25]
[12, 25]
[13, 25]
[16, 25]
[19, 25]
[22, 25]
[6, 13]
[4, 13]
[13, 26]
[11, 26]
[12, 26]
[1, 28]
[3, 28]
[7, 28]
[14, 26]
[8, 28]
[16, 26]
[9, 28]
[17, 26]
[10, 28]
[18, 26]
[11, 28]
[20, 26]
[12, 28]
[22, 26]
[13, 28]
[5, 7]
[5, 10]
[5, 37]
[13, 105]
[13, 17]
[13, 14]
[9, 13]
[10, 13]
[13, 16]
[13, 22]
[13, 19]
[13, 42]
[13, 21]
[13, 125]
[13, 121]
[13, 116]
[13, 114]
[13, 107]
[13, 102]
[13, 108]
[13, 150]
[13, 166]
[13, 163]
[13, 145]
[13, 104]
[13, 159]
[13, 29]
[8, 13]
[13, 84]
[13, 48]
[13, 27]
[12, 13]
[13, 49]
[13, 50]
[13, 46]
[13, 44]
[13, 55]
[13, 53]
[13, 79]
[13, 64]
[13, 61]
[13, 60]
[13, 57]
[13, 81]
[13, 75]
[13, 77]
[13, 70]
[13, 123]
[13, 180]
[13, 117]
[13, 115]
[13, 106]
[13, 100]
[13, 99]
[13, 97]
[13, 96]
[13, 92]
[13, 91]
[13, 179]
[13, 178]
[13, 90]
[13, 171]
[13, 170]
[13, 169]
[13, 165]
[13, 161]
[13, 158]
[13, 155]
[13, 154]
[13, 80]
[13, 148]
[13, 146]
[13, 144]
[13, 142]
[13, 138]
[13, 136]
[13, 133]
[13, 183]
[13, 129]
[13, 94]
[93, 120]
[56, 93]
[56, 84]
[20, 84]
[26, 33]
[33, 84]
[28, 84]
[25, 35]
[25, 36]
[25, 143]
[25, 113]
[27, 65]
[25, 168]
[25, 176]
[25, 93]
[25, 164]
[25, 152]
[25, 110]
[25, 73]
[25, 68]
[25, 101]
[25, 109]
[25, 120]
[25, 149]
[25, 181]
[25, 167]
[25, 89]
[25, 137]
[25, 30]
[25, 51]
[25, 40]
[25, 162]
[25, 140]
[25, 127]
[25, 54]
[25, 122]
[25, 119]
[25, 175]
[25, 174]
[25, 147]
[25, 182]
[25, 139]
[25, 66]
[25, 42]
[25, 108]
[25, 163]
[26, 87]
[7, 87]
[26, 38]
[26, 43]
[26, 130]
[26, 118]
[26, 156]
[26, 173]
[26, 153]
[26, 111]
[26, 34]
[26, 82]
[26, 112]
[26, 95]
[26, 59]
[26, 157]
[26, 151]
[26, 76]
[15, 33]
[3, 33]
[1, 33]
[6, 33]
[7, 33]
[4, 33]
[23, 33]
[33, 37]
[33, 47]
[33, 126]
[33, 160]
[33, 131]
[33, 172]
[0, 33]
[33, 184]
[33, 43]
[7, 47]
[1, 47]
[28, 47]
[23, 28]
[3, 84]
[1, 84]
[25, 84]
[21, 84]
[21, 27]
[14, 27]
[14, 20]
[16, 59]
[14, 16]
[9, 14]
[10, 14]
[10, 23]
[27, 108]
[14, 108]
[19, 108]
[15, 108]
[4, 108]
[108, 141]
[108, 126]
[71, 108]
[56, 108]
[108, 128]
[0, 108]
[39, 108]
[31, 108]
[24, 108]
[108, 172]
[65, 108]
[98, 108]
[20, 108]
[9, 108]
[43, 108]
[33, 108]
[108, 118]
[108, 130]
[38, 108]
[108, 156]
[34, 108]
[108, 112]
[21, 108]
[108, 114]
[108, 110]
[101, 108]
[17, 108]
[97, 108]
[108, 158]
[108, 136]
[108, 133]
[72, 108]
[11, 108]
[5, 108]
[59, 108]
[42, 108]
[10, 12]
[12, 150]
[12, 23]
[6, 12]
[3, 12]
[4, 12]
[12, 141]
[12, 124]
[12, 126]
[12, 56]
[12, 128]
[12, 47]
[12, 131]
[12, 31]
[12, 24]
[12, 172]
[12, 98]
[12, 65]
[12, 159]
[8, 12]
[12, 22]
[12, 19]
[12, 14]
[12, 110]
[12, 109]
[12, 101]
[12, 181]
[12, 149]
[12, 137]
[12, 17]
[12, 158]
[12, 133]
[12, 85]
[11, 12]
[5, 12]
[12, 48]
[12, 79]
[12, 33]
[12, 130]
[12, 118]
[12, 156]
[12, 76]
[12, 21]
[12, 153]
[12, 51]
[12, 127]
[12, 41]
[12, 66]
[12, 46]
[12, 44]
[12, 179]
[12, 57]
[12, 155]
[12, 113]
[12, 164]
[12, 143]
[12, 35]
[12, 92]
[12, 80]
[12, 18]
[12, 82]
[12, 151]
[12, 77]
[12, 180]
[12, 119]
[12, 115]
[12, 161]
[12, 144]
[12, 142]
[12, 117]
[12, 100]
[12, 129]
[12, 175]
[12, 182]
[12, 30]
[12, 50]
[12, 167]
[12, 125]
[12, 29]
[12, 58]
[12, 170]
[12, 132]
[12, 78]
[79, 108]
[6, 79]
[1, 79]
[25, 79]
[2, 79]
[84, 183]
[25, 183]
[56, 183]
[4, 183]
[3, 183]
[160, 183]
[126, 183]
[141, 183]
[124, 183]
[71, 183]
[128, 183]
[10, 183]
[152, 183]
[73, 183]
[37, 183]
[20, 183]
[108, 183]
[159, 183]
[8, 183]
[43, 183]
[19, 183]
[38, 183]
[110, 183]
[163, 183]
[42, 104]
[7, 42]
[7, 8]
[6, 8]
[15, 84]
[7, 84]
[84, 160]
[84, 134]
[84, 141]
[84, 124]
[0, 84]
[10, 84]
[84, 152]
[73, 84]
[68, 84]
[84, 97]
[39, 84]
[84, 131]
[31, 84]
[84, 103]
[74, 84]
[84, 108]
[84, 150]
[22, 84]
[19, 84]
[38, 84]
[34, 84]
[84, 110]
[84, 114]
[67, 84]
[84, 120]
[72, 84]
[59, 84]
[84, 112]
[84, 157]
[54, 84]
[84, 102]
[84, 116]
[84, 86]
[36, 84]
[84, 89]
[27, 84]
[60, 84]
[60, 86]
[25, 86]
[8, 86]
[28, 39]
[3, 71]
[6, 71]
[27, 178]
[24, 71]
[3, 24]
[81, 84]
[84, 171]
[28, 184]
[28, 37]
[1, 3]
[1, 4]
[28, 131]
[24, 28]
[28, 93]
[28, 31]
[28, 103]
[28, 74]
[28, 65]
[28, 98]
[28, 172]
[24, 85]
[16, 24]
[7, 24]
[15, 24]
[2, 24]
[24, 134]
[9, 24]
[24, 104]
[24, 43]
[24, 173]
[24, 42]
[24, 163]
[24, 140]
[24, 162]
[24, 128]
[24, 73]
[24, 97]
[22, 24]
[24, 120]
[24, 157]
[10, 24]
[24, 45]
[24, 151]
[24, 106]
[5, 24]
[24, 153]
[24, 31]
[24, 57]
[24, 119]
[24, 161]
[20, 24]
[24, 98]
[24, 89]
[24, 32]
[24, 110]
[23, 24]
[24, 37]
[24, 54]
[24, 102]
[24, 70]
[24, 90]
[24, 113]
[24, 35]
[24, 50]
[24, 135]
[24, 86]
[24, 88]
[24, 99]
[24, 178]
[24, 177]
[24, 170]
[24, 147]
[24, 169]
[24, 75]
[24, 154]
[24, 118]
[24, 48]
[24, 41]
[24, 46]
[24, 44]
[24, 179]
[24, 74]
[7, 156]
[3, 156]
[1, 156]
[4, 156]
[15, 156]
[124, 156]
[134, 156]
[156, 160]
[71, 156]
[56, 156]
[0, 156]
[156, 159]
[128, 156]
[68, 156]
[73, 156]
[33, 156]
[76, 156]
[145, 156]
[156, 183]
[67, 156]
[59, 156]
[116, 156]
[47, 156]
[136, 156]
[81, 156]
[156, 171]
[87, 156]
[96, 156]
[3, 19]
[6, 19]
[19, 160]
[19, 124]
[19, 71]
[0, 19]
[19, 159]
[19, 128]
[19, 68]
[8, 19]
[19, 22]
[6, 15]
[3, 106]
[76, 183]
[112, 183]
[20, 28]
[19, 82]
[6, 82]
[3, 82]
[2, 82]
[82, 126]
[82, 124]
[56, 82]
[82, 104]
[82, 173]
[14, 82]
[68, 82]
[8, 82]
[82, 150]
[34, 82]
[82, 131]
[82, 112]
[82, 130]
[82, 183]
[67, 82]
[82, 148]
[81, 82]
[82, 171]
[82, 87]
[82, 156]
[82, 127]
[82, 158]
[42, 82]
[82, 140]
[82, 162]
[1, 8]
[8, 85]
[73, 85]
[7, 73]
[15, 73]
[4, 104]
[6, 104]
[6, 29]
[7, 29]
[27, 115]
[4, 27]
[1, 104]
[25, 83]
[28, 83]
[83, 156]
[3, 83]
[26, 154]
[15, 154]
[1, 154]
[126, 154]
[154, 160]
[71, 154]
[56, 154]
[0, 154]
[25, 154]
[14, 154]
[128, 154]
[150, 154]
[12, 154]
[33, 154]
[76, 154]
[39, 154]
[17, 154]
[149, 154]
[109, 154]
[137, 154]
[108, 154]
[67, 154]
[59, 154]
[47, 154]
[148, 154]
[154, 168]
[81, 154]
[154, 171]
[87, 154]
[51, 154]
[66, 154]
[101, 154]
[154, 158]
[43, 154]
[9, 154]
[82, 154]
[154, 184]
[103, 154]
[154, 157]
[97, 154]
[10, 154]
[106, 154]
[153, 154]
[31, 154]
[119, 154]
[115, 154]
[154, 161]
[98, 154]
[28, 154]
[60, 154]
[32, 154]
[102, 154]
[111, 154]
[95, 154]
[64, 154]
[107, 154]
[154, 166]
[49, 154]
[70, 154]
[90, 154]
[113, 154]
[58, 154]
[86, 154]
[99, 154]
[154, 178]
[154, 177]
[154, 170]
[78, 154]
[154, 174]
[75, 154]
[3, 88]
[4, 88]
[25, 88]
[88, 160]
[88, 124]
[71, 88]
[56, 88]
[13, 88]
[88, 152]
[88, 173]
[14, 88]
[68, 88]
[73, 88]
[19, 88]
[85, 88]
[88, 109]
[88, 137]
[88, 131]
[88, 112]
[88, 130]
[88, 145]
[88, 183]
[67, 88]
[88, 136]
[72, 88]
[88, 148]
[88, 168]
[81, 88]
[88, 96]
[88, 156]
[88, 127]
[88, 101]
[42, 88]
[88, 163]
[88, 140]
[9, 88]
[88, 184]
[88, 120]
[88, 106]
[5, 88]
[88, 119]
[88, 161]
[65, 88]
[88, 98]
[27, 88]
[60, 88]
[37, 88]
[88, 166]
[70, 88]
[88, 90]
[88, 113]
[88, 92]
[30, 88]
[29, 88]
[58, 88]
[144, 183]
[6, 144]
[1, 144]
[2, 144]
[126, 144]
[124, 144]
[56, 144]
[26, 144]
[0, 144]
[14, 144]
[128, 144]
[144, 150]
[22, 144]
[76, 144]
[38, 144]
[17, 144]
[144, 149]
[109, 144]
[144, 181]
[130, 144]
[67, 144]
[59, 144]
[47, 144]
[136, 144]
[144, 168]
[87, 144]
[144, 156]
[79, 144]
[66, 144]
[101, 144]
[144, 158]
[42, 144]
[144, 163]
[140, 144]
[97, 144]
[45, 144]
[106, 144]
[31, 144]
[133, 144]
[119, 144]
[115, 144]
[6, 17]
[1, 17]
[4, 17]
[43, 73]
[52, 82]
[52, 154]
[52, 144]
[52, 88]
[39, 104]
[39, 43]
[84, 144]
[1, 159]
[3, 159]
[7, 159]
[4, 159]
[17, 159]
[152, 159]
[3, 152]
[7, 152]
[4, 152]
[43, 152]
[39, 152]
[1, 97]
[3, 97]
[7, 97]
[97, 156]
[97, 104]
[82, 97]
[17, 97]
[85, 97]
[3, 85]
[13, 85]
[4, 85]
[85, 104]
[17, 85]
[39, 85]
[85, 152]
[1, 56]
[3, 56]
[6, 56]
[4, 56]
[56, 104]
[43, 56]
[56, 73]
[17, 56]
[39, 56]
[56, 159]
[2, 159]
[1, 2]
[2, 7]
[2, 4]
[2, 73]
[2, 39]
[2, 152]
[2, 97]
[97, 103]
[6, 103]
[4, 103]
[82, 103]
[73, 103]
[17, 103]
[39, 103]
[103, 159]
[103, 152]
[85, 103]
[56, 103]
[22, 103]
[1, 22]
[3, 22]
[6, 22]
[22, 33]
[22, 43]
[22, 39]
[22, 97]
[22, 56]
[22, 160]
[22, 124]
[22, 150]
[22, 95]
[22, 149]
[22, 38]
[22, 34]
[22, 126]
[22, 81]
[22, 178]
[14, 22]
[22, 168]
[22, 171]
[22, 130]
[22, 131]
[22, 184]
[22, 137]
[22, 92]
[22, 112]
[20, 22]
[22, 87]
[22, 121]
[22, 37]
[22, 148]
[22, 30]
[22, 67]
[22, 96]
[22, 176]
[22, 111]
[22, 99]
[22, 45]
[22, 80]
[22, 35]
[22, 119]
[22, 161]
[22, 115]
[22, 44]
[22, 117]
[22, 143]
[22, 76]
[22, 90]
[22, 66]
[22, 75]
[22, 133]
[22, 57]
[22, 155]
[22, 138]
[22, 107]
[22, 49]
[22, 179]
[22, 41]
[22, 78]
[22, 48]
[22, 132]
[22, 105]
[22, 166]
[22, 146]
[11, 22]
[22, 182]
[22, 139]
[1, 139]
[7, 139]
[12, 139]
[26, 139]
[139, 183]
[139, 156]
[4, 139]
[104, 139]
[82, 139]
[73, 139]
[28, 139]
[3, 139]
[6, 139]
[139, 152]
[2, 139]
[139, 160]
[124, 139]
[8, 139]
[10, 139]
[139, 150]
[95, 139]
[139, 149]
[38, 139]
[139, 173]
[34, 139]
[15, 139]
[71, 139]
[126, 139]
[139, 141]
[134, 139]
[68, 139]
[81, 139]
[139, 178]
[14, 139]
[139, 168]
[139, 171]
[139, 142]
[110, 139]
[72, 139]
[54, 139]
[29, 139]
[46, 139]
[89, 139]
[123, 139]
[27, 139]
[101, 139]
[9, 139]
[42, 139]
[139, 153]
[52, 139]
[16, 139]
[40, 139]
[102, 139]
[135, 139]
[113, 139]
[55, 139]
[91, 139]
[94, 139]
[139, 144]
[19, 139]
[92, 139]
[37, 139]
[139, 176]
[32, 139]
[83, 139]
[44, 139]
[117, 139]
[139, 143]
[66, 139]
[75, 139]
[57, 139]
[139, 177]
[49, 139]
[41, 139]
[139, 166]
[139, 146]
[11, 139]
[11, 13]
[11, 183]
[11, 156]
[4, 11]
[11, 82]
[11, 154]
[11, 73]
[11, 88]
[11, 17]
[6, 11]
[11, 159]
[11, 43]
[11, 39]
[11, 97]
[11, 56]
[11, 160]
[11, 124]
[8, 11]
[11, 95]
[11, 38]
[11, 173]
[11, 15]
[11, 71]
[11, 126]
[11, 141]
[11, 60]
[11, 68]
[11, 178]
[11, 59]
[11, 14]
[11, 168]
[11, 122]
[11, 110]
[11, 136]
[11, 51]
[11, 29]
[11, 46]
[11, 164]
[11, 21]
[11, 123]
[11, 109]
[9, 11]
[11, 31]
[11, 162]
[11, 120]
[11, 100]
[11, 23]
[11, 174]
[11, 91]
[11, 181]
[11, 63]
[5, 11]
[11, 94]
[11, 144]
[11, 130]
[11, 184]
[11, 19]
[11, 112]
[11, 20]
[11, 121]
[11, 37]
[11, 30]
[11, 176]
[11, 99]
[11, 80]
[11, 32]
[11, 119]
[11, 83]
[11, 161]
[11, 44]
[11, 117]
[11, 143]
[11, 66]
[11, 57]
[11, 155]
[11, 165]
[11, 177]
[11, 41]
[11, 132]
[13, 132]
[25, 132]
[132, 156]
[104, 132]
[24, 132]
[73, 132]
[88, 132]
[28, 132]
[3, 132]
[6, 132]
[2, 132]
[33, 132]
[43, 132]
[97, 132]
[8, 132]
[74, 132]
[132, 150]
[95, 132]
[132, 149]
[34, 132]
[18, 132]
[71, 132]
[60, 132]
[132, 134]
[132, 178]
[132, 157]
[132, 158]
[132, 168]
[122, 132]
[110, 132]
[132, 136]
[132, 170]
[132, 140]
[29, 132]
[127, 132]
[116, 132]
[132, 164]
[89, 132]
[27, 132]
[101, 132]
[109, 132]
[42, 132]
[132, 162]
[52, 132]
[120, 132]
[79, 132]
[40, 132]
[23, 132]
[86, 132]
[113, 132]
[132, 174]
[91, 132]
[132, 181]
[63, 132]
[94, 132]
[132, 144]
[130, 132]
[131, 132]
[132, 184]
[19, 132]
[112, 132]
[37, 132]
[45, 132]
[80, 132]
[118, 132]
[35, 132]
[83, 132]
[132, 161]
[75, 132]
[57, 132]
[132, 155]
[132, 165]
[107, 132]
[7, 107]
[25, 107]
[26, 107]
[107, 183]
[4, 107]
[28, 107]
[17, 107]
[3, 107]
[85, 107]
[2, 107]
[33, 107]
[39, 107]
[56, 107]
[107, 124]
[8, 107]
[74, 107]
[47, 107]
[107, 150]
[38, 107]
[107, 173]
[18, 107]
[107, 141]
[60, 107]
[107, 134]
[107, 128]
[59, 107]
[14, 107]
[107, 171]
[107, 142]
[36, 107]
[107, 136]
[107, 170]
[54, 107]
[51, 107]
[29, 107]
[106, 107]
[107, 127]
[46, 107]
[107, 116]
[89, 107]
[21, 107]
[107, 123]
[50, 107]
[101, 107]
[107, 153]
[100, 107]
[40, 107]
[102, 107]
[86, 107]
[107, 135]
[107, 113]
[107, 181]
[63, 107]
[5, 107]
[94, 107]
[107, 130]
[107, 131]
[107, 184]
[19, 107]
[87, 107]
[107, 121]
[37, 107]
[107, 148]
[96, 107]
[107, 176]
[99, 107]
[45, 107]
[80, 107]
[35, 107]
[83, 107]
[107, 161]
[44, 107]
[107, 143]
[76, 107]
[90, 107]
[66, 107]
[75, 107]
[57, 107]
[107, 138]
[26, 138]
[138, 183]
[138, 156]
[4, 138]
[104, 138]
[82, 138]
[138, 154]
[24, 138]
[73, 138]
[28, 138]
[17, 138]
[138, 159]
[138, 152]
[85, 138]
[2, 138]
[103, 138]
[43, 138]
[56, 138]
[124, 138]
[74, 138]
[138, 149]
[34, 138]
[18, 138]
[126, 138]
[68, 138]
[128, 138]
[138, 157]
[138, 158]
[14, 138]
[138, 168]
[36, 138]
[136, 138]
[72, 138]
[138, 170]
[54, 138]
[51, 138]
[29, 138]
[127, 138]
[46, 138]
[116, 138]
[114, 138]
[21, 138]
[123, 138]
[27, 138]
[109, 138]
[138, 151]
[42, 138]
[138, 153]
[138, 162]
[52, 138]
[120, 138]
[16, 138]
[100, 138]
[40, 138]
[102, 138]
[91, 138]
[138, 181]
[130, 138]
[19, 138]
[92, 138]
[20, 138]
[87, 138]
[121, 138]
[37, 138]
[138, 148]
[67, 138]
[96, 138]
[111, 138]
[99, 138]
[45, 138]
[80, 138]
[32, 138]
[118, 138]
[35, 138]
[83, 138]
[138, 161]
[44, 138]
[117, 138]
[138, 143]
[90, 138]
[66, 138]
[75, 138]
[133, 138]
[57, 138]
[138, 165]
[1, 165]
[108, 165]
[165, 183]
[156, 165]
[4, 165]
[24, 165]
[73, 165]
[28, 165]
[17, 165]
[3, 165]
[6, 165]
[159, 165]
[152, 165]
[85, 165]
[2, 165]
[33, 165]
[97, 165]
[160, 165]
[124, 165]
[74, 165]
[150, 165]
[95, 165]
[165, 173]
[34, 165]
[126, 165]
[141, 165]
[93, 165]
[81, 165]
[157, 165]
[158, 165]
[59, 165]
[14, 165]
[110, 165]
[36, 165]
[136, 165]
[54, 165]
[51, 165]
[29, 165]
[106, 165]
[127, 165]
[46, 165]
[164, 165]
[114, 165]
[123, 165]
[165, 172]
[27, 165]
[109, 165]
[31, 165]
[153, 165]
[52, 165]
[120, 165]
[16, 165]
[40, 165]
[145, 165]
[135, 165]
[113, 165]
[55, 165]
[165, 174]
[91, 165]
[94, 165]
[137, 165]
[19, 165]
[92, 165]
[112, 165]
[20, 165]
[87, 165]
[30, 165]
[67, 165]
[99, 165]
[80, 165]
[32, 165]
[118, 165]
[76, 165]
[90, 165]
[133, 165]
[7, 133]
[133, 183]
[133, 156]
[73, 133]
[133, 159]
[85, 133]
[2, 133]
[103, 133]
[39, 133]
[97, 133]
[133, 160]
[8, 133]
[74, 133]
[10, 133]
[133, 149]
[133, 173]
[34, 133]
[71, 133]
[0, 133]
[60, 133]
[133, 134]
[68, 133]
[93, 133]
[128, 133]
[133, 157]
[59, 133]
[122, 133]
[36, 133]
[72, 133]
[133, 170]
[54, 133]
[51, 133]
[133, 140]
[106, 133]
[127, 133]
[116, 133]
[133, 164]
[114, 133]
[123, 133]
[50, 133]
[27, 133]
[101, 133]
[9, 133]
[31, 133]
[42, 133]
[133, 153]
[133, 162]
[52, 133]
[100, 133]
[133, 145]
[133, 135]
[113, 133]
[133, 174]
[63, 133]
[94, 133]
[133, 184]
[133, 137]
[19, 133]
[92, 133]
[20, 133]
[121, 133]
[133, 148]
[96, 133]
[133, 176]
[111, 133]
[45, 133]
[35, 133]
[83, 133]
[133, 161]
[44, 133]
[133, 143]
[66, 133]
[133, 177]
[49, 133]
[7, 49]
[25, 49]
[26, 49]
[49, 108]
[49, 183]
[49, 156]
[49, 104]
[49, 82]
[28, 49]
[3, 49]
[49, 159]
[49, 152]
[49, 103]
[33, 49]
[49, 97]
[49, 56]
[49, 160]
[8, 49]
[49, 74]
[10, 49]
[47, 49]
[49, 150]
[38, 49]
[15, 49]
[18, 49]
[49, 71]
[0, 49]
[49, 60]
[49, 68]
[49, 93]
[49, 157]
[49, 163]
[49, 142]
[49, 110]
[49, 136]
[49, 72]
[49, 51]
[49, 106]
[49, 109]
[49, 79]
[40, 49]
[49, 64]
[49, 181]
[5, 49]
[49, 112]
[37, 49]
[30, 49]
[49, 67]
[32, 49]
[49, 118]
[49, 115]
[49, 117]
[49, 76]
[49, 90]
[49, 75]
[49, 165]
[49, 107]
[49, 86]
[49, 55]
[49, 101]
[49, 153]
[49, 162]
[49, 145]
[49, 114]
[49, 123]
[49, 113]
[19, 49]
[49, 92]
[49, 121]
[49, 176]
[41, 49]
[48, 49]
[49, 182]
[49, 84]
[49, 77]
[49, 62]
[49, 175]
[49, 96]
[49, 155]
[49, 184]
[49, 177]
[1, 177]
[7, 177]
[13, 177]
[26, 177]
[108, 177]
[177, 183]
[4, 177]
[73, 177]
[3, 177]
[6, 177]
[85, 177]
[2, 177]
[103, 177]
[39, 177]
[124, 177]
[74, 177]
[10, 177]
[95, 177]
[38, 177]
[34, 177]
[71, 177]
[126, 177]
[0, 177]
[141, 177]
[14, 177]
[54, 177]
[140, 177]
[46, 177]
[116, 177]
[79, 177]
[130, 177]
[131, 177]
[37, 177]
[67, 177]
[89, 177]
[21, 177]
[76, 177]
[53, 177]
[55, 177]
[27, 177]
[82, 177]
[164, 177]
[114, 177]
[149, 177]
[81, 177]
[171, 177]
[122, 177]
[109, 177]
[151, 177]
[120, 177]
[112, 177]
[87, 177]
[99, 177]
[172, 177]
[115, 177]
[75, 177]
[123, 177]
[100, 177]
[19, 177]
[92, 177]
[45, 177]
[44, 177]
[143, 177]
[66, 177]
[41, 177]
[48, 177]
[177, 182]
[84, 177]
[175, 177]
[52, 177]
[96, 177]
[121, 177]
[83, 177]
[78, 177]
[129, 177]
[147, 177]
[65, 177]
[169, 177]
[98, 177]
[62, 177]
[1, 62]
[13, 62]
[25, 62]
[62, 183]
[62, 104]
[62, 73]
[28, 62]
[17, 62]
[62, 159]
[62, 152]
[62, 103]
[33, 62]
[43, 62]
[62, 97]
[62, 160]
[62, 124]
[38, 62]
[34, 62]
[18, 62]
[62, 126]
[62, 163]
[14, 62]
[36, 62]
[54, 62]
[51, 62]
[62, 127]
[62, 79]
[16, 62]
[62, 102]
[62, 64]
[5, 62]
[62, 131]
[37, 62]
[32, 62]
[22, 62]
[9, 62]
[31, 62]
[62, 153]
[62, 128]
[62, 158]
[62, 168]
[62, 181]
[62, 93]
[11, 62]
[53, 62]
[20, 62]
[35, 62]
[62, 63]
[62, 70]
[57, 62]
[62, 144]
[62, 184]
[62, 179]
[62, 94]
[55, 62]
[62, 77]
[62, 171]
[62, 122]
[62, 151]
[62, 120]
[62, 112]
[62, 87]
[62, 154]
[61, 62]
[62, 100]
[19, 62]
[62, 92]
[45, 62]
[62, 66]
[62, 182]
[62, 83]
[62, 69]
[62, 84]
[62, 105]
[62, 147]
[62, 65]
[62, 167]
[108, 167]
[156, 167]
[104, 167]
[73, 167]
[28, 167]
[17, 167]
[152, 167]
[2, 167]
[103, 167]
[43, 167]
[39, 167]
[97, 167]
[56, 167]
[160, 167]
[124, 167]
[74, 167]
[10, 167]
[47, 167]
[95, 167]
[167, 173]
[18, 167]
[71, 167]
[0, 167]
[134, 167]
[68, 167]
[163, 167]
[59, 167]
[54, 167]
[51, 167]
[140, 167]
[29, 167]
[79, 167]
[102, 167]
[91, 167]
[5, 167]
[130, 167]
[37, 167]
[32, 167]
[118, 167]
[90, 167]
[107, 167]
[23, 167]
[9, 167]
[42, 167]
[162, 167]
[88, 167]
[145, 167]
[128, 167]
[157, 167]
[158, 167]
[167, 168]
[142, 167]
[72, 167]
[167, 170]
[106, 167]
[167, 181]
[119, 167]
[101, 167]
[132, 167]
[93, 167]
[67, 167]
[89, 167]
[53, 167]
[117, 167]
[46, 167]
[35, 167]
[63, 167]
[70, 167]
[27, 167]
[144, 167]
[167, 184]
[161, 167]
[82, 167]
[167, 180]
[58, 167]
[81, 167]
[122, 167]
[151, 167]
[120, 167]
[112, 167]
[99, 167]
[167, 172]
[115, 167]
[75, 167]
[21, 167]
[123, 167]
[125, 167]
[61, 167]
[19, 167]
[92, 167]
[45, 167]
[44, 167]
[143, 167]
[52, 167]
[96, 167]
[121, 167]
[83, 167]
[41, 167]
[84, 167]
[133, 167]
[78, 167]
[105, 167]
[147, 167]
[7, 147]
[12, 147]
[26, 147]
[108, 147]
[147, 156]
[104, 147]
[28, 147]
[17, 147]
[3, 147]
[85, 147]
[33, 147]
[43, 147]
[97, 147]
[56, 147]
[10, 147]
[47, 147]
[147, 150]
[95, 147]
[147, 173]
[34, 147]
[15, 147]
[18, 147]
[0, 147]
[141, 147]
[59, 147]
[110, 147]
[36, 147]
[51, 147]
[140, 147]
[29, 147]
[127, 147]
[40, 147]
[102, 147]
[64, 147]
[5, 147]
[130, 147]
[131, 147]
[37, 147]
[80, 147]
[118, 147]
[23, 147]
[9, 147]
[50, 147]
[42, 147]
[147, 162]
[147, 178]
[128, 147]
[147, 158]
[147, 168]
[142, 147]
[136, 147]
[147, 170]
[106, 147]
[119, 147]
[147, 165]
[86, 147]
[132, 147]
[76, 147]
[53, 147]
[117, 147]
[46, 147]
[20, 147]
[111, 147]
[35, 147]
[63, 147]
[135, 147]
[27, 147]
[147, 155]
[144, 147]
[147, 161]
[49, 147]
[82, 147]
[147, 180]
[55, 147]
[114, 147]
[147, 149]
[81, 147]
[147, 171]
[122, 147]
[109, 147]
[87, 147]
[99, 147]
[100, 147]
[44, 147]
[143, 147]
[66, 147]
[147, 182]
[52, 147]
[121, 147]
[147, 174]
[69, 147]
[48, 147]
[84, 147]
[105, 147]
[129, 147]
[25, 129]
[26, 129]
[4, 129]
[104, 129]
[24, 129]
[73, 129]
[17, 129]
[129, 159]
[85, 129]
[2, 129]
[103, 129]
[43, 129]
[39, 129]
[74, 129]
[47, 129]
[129, 150]
[95, 129]
[38, 129]
[129, 173]
[18, 129]
[129, 141]
[60, 129]
[129, 134]
[59, 129]
[14, 129]
[110, 129]
[36, 129]
[51, 129]
[129, 140]
[127, 129]
[116, 129]
[79, 129]
[16, 129]
[102, 129]
[91, 129]
[64, 129]
[5, 129]
[129, 130]
[37, 129]
[30, 129]
[32, 129]
[118, 129]
[90, 129]
[23, 129]
[31, 129]
[50, 129]
[129, 162]
[88, 129]
[129, 178]
[129, 157]
[72, 129]
[119, 129]
[101, 129]
[129, 132]
[11, 129]
[67, 129]
[53, 129]
[129, 138]
[113, 129]
[46, 129]
[63, 129]
[70, 129]
[129, 148]
[129, 155]
[129, 144]
[129, 184]
[129, 161]
[49, 129]
[55, 129]
[129, 164]
[58, 129]
[77, 129]
[81, 129]
[129, 171]
[122, 129]
[109, 129]
[129, 151]
[120, 129]
[112, 129]
[115, 129]
[21, 129]
[123, 129]
[125, 129]
[100, 129]
[92, 129]
[45, 129]
[129, 143]
[52, 129]
[121, 129]
[129, 174]
[48, 129]
[84, 129]
[129, 175]
[105, 129]
[1, 105]
[12, 105]
[26, 105]
[105, 108]
[24, 105]
[28, 105]
[17, 105]
[105, 159]
[105, 152]
[85, 105]
[2, 105]
[103, 105]
[33, 105]
[43, 105]
[97, 105]
[10, 105]
[47, 105]
[95, 105]
[34, 105]
[15, 105]
[18, 105]
[71, 105]
[105, 126]
[60, 105]
[105, 134]
[68, 105]
[14, 105]
[36, 105]
[105, 127]
[16, 105]
[102, 105]
[105, 131]
[37, 105]
[30, 105]
[32, 105]
[105, 118]
[90, 105]
[23, 105]
[9, 105]
[31, 105]
[50, 105]
[105, 153]
[88, 105]
[105, 145]
[105, 157]
[105, 142]
[86, 105]
[101, 105]
[105, 132]
[93, 105]
[67, 105]
[53, 105]
[105, 138]
[105, 113]
[46, 105]
[105, 111]
[35, 105]
[63, 105]
[105, 166]
[70, 105]
[105, 135]
[27, 105]
[57, 105]
[105, 155]
[105, 144]
[105, 184]
[49, 105]
[94, 105]
[82, 105]
[105, 180]
[55, 105]
[105, 164]
[105, 114]
[105, 149]
[105, 171]
[105, 122]
[105, 151]
[105, 120]
[87, 105]
[105, 172]
[105, 115]
[75, 105]
[105, 125]
[61, 105]
[19, 105]
[92, 105]
[45, 105]
[44, 105]
[105, 143]
[66, 105]
[105, 182]
[52, 105]
[105, 121]
[48, 105]
[105, 175]
[105, 133]
[78, 105]
[25, 78]
[73, 78]
[28, 78]
[3, 78]
[6, 78]
[78, 159]
[78, 152]
[2, 78]
[78, 103]
[78, 97]
[56, 78]
[78, 160]
[47, 78]
[78, 150]
[78, 173]
[34, 78]
[71, 78]
[78, 126]
[78, 141]
[60, 78]
[78, 134]
[78, 163]
[78, 110]
[78, 140]
[29, 78]
[78, 116]
[78, 79]
[78, 102]
[5, 78]
[78, 130]
[78, 131]
[37, 78]
[30, 78]
[78, 80]
[78, 118]
[78, 90]
[78, 107]
[78, 153]
[78, 178]
[78, 158]
[78, 136]
[78, 181]
[78, 86]
[78, 89]
[76, 78]
[53, 78]
[78, 117]
[78, 176]
[78, 111]
[63, 78]
[78, 166]
[78, 135]
[27, 78]
[78, 137]
[78, 148]
[57, 78]
[78, 144]
[78, 184]
[78, 161]
[49, 78]
[78, 94]
[77, 78]
[78, 81]
[78, 171]
[78, 122]
[78, 109]
[21, 78]
[61, 78]
[19, 78]
[78, 92]
[45, 78]
[44, 78]
[78, 143]
[66, 78]
[52, 78]
[78, 121]
[78, 83]
[69, 78]
[41, 78]
[48, 78]
[78, 133]
[58, 133]
[77, 133]
[125, 133]
[61, 133]
[84, 133]
[133, 175]
[41, 133]
[48, 133]
[1, 48]
[7, 48]
[25, 48]
[48, 108]
[48, 156]
[4, 48]
[48, 104]
[17, 48]
[6, 48]
[48, 159]
[39, 48]
[48, 56]
[48, 160]
[48, 124]
[48, 150]
[48, 95]
[38, 48]
[48, 141]
[48, 68]
[48, 163]
[48, 59]
[14, 48]
[48, 110]
[36, 48]
[48, 51]
[48, 116]
[48, 79]
[16, 48]
[40, 48]
[48, 91]
[48, 64]
[5, 48]
[48, 130]
[30, 48]
[9, 48]
[48, 50]
[48, 178]
[48, 157]
[48, 158]
[48, 136]
[48, 72]
[48, 170]
[48, 119]
[48, 165]
[48, 86]
[48, 89]
[48, 76]
[48, 53]
[48, 113]
[20, 48]
[48, 166]
[48, 70]
[48, 135]
[48, 57]
[48, 144]
[48, 184]
[48, 82]
[48, 93]
[48, 117]
[48, 138]
[48, 164]
[48, 81]
[48, 171]
[48, 151]
[48, 120]
[48, 87]
[48, 172]
[48, 75]
[21, 48]
[48, 69]
[48, 123]
[48, 94]
[48, 96]
[48, 174]
[48, 58]
[48, 100]
[48, 92]
[45, 48]
[48, 143]
[48, 66]
[48, 146]
[19, 48]
[48, 61]
[41, 48]
[13, 41]
[26, 41]
[41, 104]
[41, 73]
[6, 41]
[41, 152]
[39, 41]
[41, 97]
[41, 124]
[41, 74]
[41, 47]
[41, 150]
[41, 95]
[34, 41]
[18, 41]
[41, 71]
[0, 41]
[41, 134]
[41, 163]
[41, 54]
[41, 127]
[41, 116]
[41, 79]
[16, 41]
[41, 64]
[5, 41]
[41, 130]
[37, 41]
[30, 41]
[41, 107]
[23, 41]
[41, 50]
[41, 153]
[41, 145]
[41, 53]
[41, 113]
[20, 41]
[41, 111]
[35, 41]
[41, 70]
[27, 41]
[41, 164]
[41, 179]
[21, 41]
[41, 168]
[41, 142]
[41, 136]
[41, 72]
[41, 170]
[41, 106]
[41, 119]
[41, 165]
[41, 101]
[41, 135]
[41, 144]
[41, 82]
[41, 117]
[41, 138]
[41, 81]
[41, 171]
[41, 120]
[41, 172]
[41, 180]
[41, 149]
[41, 122]
[41, 123]
[41, 94]
[41, 174]
[41, 45]
[41, 143]
[41, 66]
[41, 121]
[41, 77]
[41, 83]
[41, 125]
[19, 41]
[19, 33]
[19, 43]
[19, 39]
[19, 79]
[16, 19]
[19, 40]
[19, 102]
[19, 130]
[19, 131]
[19, 37]
[19, 32]
[19, 118]
[19, 23]
[9, 19]
[19, 31]
[19, 42]
[19, 153]
[19, 162]
[19, 145]
[19, 53]
[19, 113]
[19, 20]
[19, 111]
[19, 35]
[19, 27]
[19, 55]
[19, 86]
[19, 137]
[19, 57]
[19, 155]
[19, 184]
[19, 161]
[19, 109]
[19, 151]
[19, 87]
[19, 99]
[19, 182]
[19, 179]
[19, 119]
[19, 101]
[19, 135]
[19, 120]
[19, 92]
[19, 44]
[19, 174]
[19, 100]
[19, 45]
[19, 121]
[19, 83]
[26, 83]
[4, 83]
[4, 150]
[26, 54]
[26, 51]
[66, 183]
[165, 166]
[47, 158]
[17, 47]
[47, 73]
[47, 104]
[3, 158]
[7, 158]
[104, 158]
[73, 158]
[6, 158]
[17, 158]
[158, 159]
[158, 173]
[34, 158]
[126, 158]
[134, 158]
[158, 163]
[54, 158]
[29, 158]
[5, 158]
[89, 158]
[158, 164]
[18, 158]
[91, 158]
[114, 158]
[158, 178]
[157, 158]
[7, 10]
[10, 156]
[10, 27]
[17, 27]
[26, 29]
[27, 32]
[25, 32]
[7, 32]
[26, 64]
[27, 38]
[27, 28]
[10, 104]
[83, 152]
[40, 83]
[28, 40]
[40, 108]
[29, 108]
[25, 29]
[50, 83]
[28, 50]
[50, 73]
[10, 159]
[27, 164]
[27, 29]
[1, 27]
[27, 97]
[27, 56]
[27, 150]
[27, 95]
[27, 126]
[27, 60]
[27, 54]
[27, 51]
[27, 64]
[27, 89]
[27, 46]
[27, 114]
[27, 157]
[27, 158]
[27, 148]
[27, 68]
[27, 168]
[27, 136]
[27, 143]
[27, 124]
[27, 85]
[27, 103]
[27, 74]
[27, 141]
[27, 110]
[27, 127]
[27, 116]
[27, 80]
[27, 90]
[27, 50]
[27, 93]
[27, 166]
[27, 63]
[0, 27]
[27, 37]
[27, 31]
[27, 130]
[27, 131]
[27, 153]
[27, 145]
[20, 27]
[27, 111]
[27, 181]
[27, 45]
[27, 72]
[27, 106]
[27, 122]
[27, 94]
[27, 137]
[27, 109]
[27, 151]
[27, 119]
[27, 53]
[27, 44]
[27, 87]
[27, 83]
[27, 121]
[27, 142]
[27, 170]
[27, 174]
[27, 155]
[27, 182]
[27, 125]
[26, 117]
[16, 117]
[25, 117]
[108, 117]
[117, 156]
[104, 117]
[117, 159]
[2, 117]
[97, 117]
[56, 117]
[10, 117]
[38, 117]
[34, 117]
[117, 126]
[117, 134]
[14, 117]
[54, 117]
[29, 117]
[117, 164]
[8, 117]
[117, 160]
[117, 154]
[103, 117]
[47, 117]
[15, 117]
[117, 141]
[59, 117]
[117, 140]
[116, 117]
[43, 117]
[71, 117]
[23, 117]
[42, 117]
[117, 149]
[18, 117]
[21, 117]
[113, 117]
[112, 117]
[96, 117]
[101, 117]
[117, 120]
[55, 117]
[117, 172]
[64, 117]
[5, 117]
[66, 117]
[117, 118]
[35, 117]
[75, 117]
[91, 117]
[88, 117]
[7, 161]
[108, 161]
[26, 30]
[14, 30]
[28, 30]
[30, 73]
[30, 104]
[30, 108]
[1, 30]
[30, 183]
[17, 30]
[30, 159]
[2, 30]
[30, 97]
[30, 150]
[30, 95]
[30, 173]
[30, 34]
[30, 126]
[30, 134]
[30, 163]
[30, 54]
[30, 51]
[10, 54]
[54, 108]
[7, 54]
[54, 183]
[2, 10]
[17, 150]
[7, 14]
[1, 150]
[17, 60]
[6, 60]
[6, 81]
[81, 104]
[14, 104]
[14, 73]
[28, 29]
[29, 183]
[97, 150]
[83, 102]
[43, 83]
[47, 83]
[74, 83]
[83, 103]
[83, 85]
[15, 83]
[83, 141]
[59, 83]
[83, 110]
[83, 140]
[83, 127]
[83, 116]
[67, 83]
[83, 176]
[83, 93]
[33, 83]
[71, 83]
[79, 83]
[9, 83]
[83, 162]
[83, 113]
[83, 112]
[83, 96]
[83, 123]
[83, 128]
[80, 83]
[83, 90]
[76, 83]
[66, 83]
[83, 117]
[0, 83]
[32, 83]
[58, 83]
[72, 83]
[83, 106]
[83, 122]
[52, 83]
[83, 142]
[83, 170]
[63, 83]
[83, 135]
[83, 181]
[83, 94]
[83, 130]
[83, 131]
[83, 153]
[83, 145]
[20, 83]
[83, 111]
[45, 83]
[83, 179]
[83, 87]
[83, 121]
[83, 99]
[83, 100]
[54, 103]
[103, 150]
[28, 95]
[17, 95]
[3, 14]
[2, 14]
[14, 97]
[14, 95]
[14, 38]
[14, 173]
[14, 34]
[14, 126]
[14, 60]
[14, 134]
[14, 163]
[10, 95]
[95, 159]
[2, 95]
[82, 95]
[14, 29]
[29, 156]
[29, 73]
[29, 159]
[4, 29]
[2, 29]
[29, 56]
[29, 126]
[29, 134]
[29, 54]
[29, 51]
[14, 152]
[14, 43]
[14, 39]
[14, 33]
[2, 173]
[4, 30]
[73, 173]
[6, 173]
[159, 173]
[56, 173]
[10, 173]
[150, 173]
[97, 173]
[152, 173]
[7, 126]
[73, 126]
[126, 159]
[23, 97]
[23, 144]
[3, 126]
[17, 126]
[97, 126]
[26, 178]
[73, 178]
[10, 126]
[2, 126]
[17, 134]
[84, 107]
[4, 18]
[7, 18]
[1, 18]
[13, 18]
[18, 108]
[18, 104]
[18, 24]
[18, 28]
[18, 159]
[3, 18]
[18, 56]
[10, 18]
[18, 150]
[18, 88]
[18, 29]
[18, 38]
[18, 33]
[18, 60]
[14, 18]
[18, 51]
[18, 160]
[18, 124]
[18, 85]
[15, 18]
[18, 67]
[18, 42]
[18, 171]
[18, 184]
[18, 101]
[18, 168]
[18, 148]
[18, 137]
[18, 102]
[18, 128]
[18, 89]
[18, 82]
[18, 110]
[18, 50]
[18, 176]
[18, 92]
[18, 178]
[6, 134]
[60, 82]
[73, 134]
[84, 118]
[84, 161]
[33, 34]
[4, 34]
[7, 34]
[34, 104]
[17, 34]
[2, 34]
[34, 152]
[34, 43]
[34, 39]
[34, 173]
[34, 126]
[34, 134]
[34, 95]
[34, 163]
[34, 36]
[8, 34]
[34, 160]
[34, 124]
[34, 47]
[34, 141]
[34, 116]
[34, 79]
[34, 37]
[34, 102]
[34, 110]
[34, 176]
[34, 46]
[34, 114]
[34, 166]
[34, 53]
[34, 182]
[9, 34]
[34, 162]
[34, 113]
[0, 34]
[34, 130]
[34, 145]
[20, 34]
[34, 45]
[34, 40]
[34, 111]
[34, 121]
[34, 118]
[34, 44]
[34, 64]
[5, 34]
[34, 35]
[34, 91]
[34, 76]
[34, 66]
[32, 34]
[34, 58]
[34, 179]
[34, 81]
[34, 101]
[34, 96]
[34, 168]
[34, 136]
[34, 109]
[34, 151]
[34, 128]
[34, 120]
[34, 174]
[34, 122]
[34, 142]
[34, 112]
[28, 80]
[7, 80]
[1, 80]
[80, 108]
[3, 80]
[17, 80]
[80, 150]
[80, 173]
[38, 80]
[60, 80]
[51, 80]
[21, 80]
[80, 126]
[14, 80]
[80, 82]
[80, 85]
[54, 80]
[80, 163]
[68, 80]
[74, 80]
[15, 80]
[80, 140]
[67, 80]
[16, 80]
[55, 80]
[71, 80]
[80, 89]
[50, 80]
[80, 93]
[36, 80]
[46, 80]
[80, 86]
[80, 123]
[43, 80]
[39, 80]
[80, 152]
[80, 160]
[80, 141]
[80, 116]
[37, 80]
[80, 102]
[80, 176]
[80, 182]
[31, 80]
[0, 80]
[80, 131]
[40, 80]
[80, 111]
[80, 121]
[44, 80]
[80, 143]
[76, 80]
[32, 80]
[63, 80]
[80, 84]
[7, 66]
[1, 66]
[66, 108]
[14, 51]
[10, 38]
[77, 144]
[25, 77]
[1, 77]
[7, 77]
[77, 183]
[77, 156]
[77, 104]
[73, 77]
[28, 77]
[6, 77]
[56, 77]
[2, 77]
[19, 77]
[77, 95]
[77, 134]
[14, 77]
[29, 77]
[54, 77]
[36, 77]
[21, 77]
[4, 77]
[77, 85]
[15, 77]
[59, 77]
[77, 140]
[77, 127]
[55, 77]
[77, 103]
[23, 77]
[77, 92]
[8, 77]
[77, 124]
[46, 77]
[77, 149]
[77, 86]
[77, 137]
[77, 178]
[33, 77]
[64, 77]
[77, 116]
[77, 102]
[77, 176]
[77, 114]
[77, 166]
[77, 182]
[77, 113]
[77, 130]
[77, 131]
[20, 77]
[45, 77]
[44, 77]
[35, 77]
[77, 91]
[77, 143]
[77, 90]
[76, 77]
[66, 77]
[77, 84]
[1, 38]
[7, 38]
[38, 159]
[3, 38]
[38, 56]
[56, 95]
[38, 150]
[2, 51]
[7, 51]
[7, 31]
[1, 31]
[31, 73]
[6, 31]
[31, 159]
[14, 31]
[28, 60]
[60, 104]
[81, 108]
[5, 38]
[28, 164]
[4, 54]
[1, 51]
[17, 31]
[10, 31]
[31, 51]
[31, 134]
[31, 97]
[83, 84]
[51, 156]
[2, 66]
[38, 178]
[17, 178]
[17, 166]
[6, 166]
[7, 15]
[51, 108]
[38, 97]
[104, 163]
[51, 150]
[85, 150]
[85, 173]
[51, 183]
[3, 51]
[51, 159]
[51, 122]
[7, 122]
[108, 122]
[97, 122]
[73, 122]
[26, 122]
[4, 122]
[122, 173]
[28, 122]
[29, 122]
[43, 122]
[52, 122]
[2, 122]
[17, 122]
[122, 126]
[80, 122]
[103, 122]
[122, 150]
[39, 122]
[122, 164]
[79, 122]
[102, 122]
[60, 122]
[122, 172]
[122, 145]
[55, 122]
[122, 131]
[113, 122]
[20, 122]
[122, 176]
[75, 122]
[122, 174]
[72, 122]
[122, 127]
[106, 122]
[122, 153]
[57, 122]
[118, 122]
[32, 122]
[90, 122]
[122, 175]
[122, 125]
[110, 122]
[122, 130]
[122, 161]
[16, 122]
[111, 122]
[119, 122]
[69, 122]
[122, 136]
[100, 122]
[122, 169]
[14, 122]
[96, 122]
[74, 122]
[35, 122]
[122, 141]
[66, 122]
[122, 148]
[122, 170]
[122, 182]
[64, 122]
[122, 168]
[45, 122]
[71, 122]
[122, 179]
[67, 122]
[59, 122]
[53, 122]
[98, 122]
[1, 98]
[7, 98]
[98, 147]
[98, 183]
[3, 98]
[98, 144]
[98, 156]
[98, 107]
[34, 98]
[98, 132]
[18, 98]
[6, 98]
[98, 173]
[98, 139]
[11, 98]
[43, 98]
[83, 98]
[52, 98]
[98, 165]
[17, 98]
[98, 103]
[98, 150]
[51, 98]
[30, 98]
[98, 117]
[47, 98]
[95, 98]
[84, 98]
[98, 137]
[98, 102]
[60, 98]
[15, 98]
[31, 98]
[98, 172]
[98, 145]
[55, 98]
[65, 98]
[98, 113]
[20, 98]
[98, 176]
[9, 98]
[54, 98]
[98, 158]
[63, 98]
[98, 153]
[89, 98]
[86, 98]
[98, 101]
[32, 98]
[90, 98]
[98, 151]
[98, 125]
[50, 98]
[98, 110]
[98, 130]
[98, 161]
[98, 99]
[98, 143]
[69, 98]
[94, 98]
[98, 100]
[14, 98]
[58, 98]
[85, 98]
[76, 98]
[96, 98]
[98, 178]
[74, 98]
[23, 98]
[98, 109]
[68, 98]
[98, 180]
[98, 141]
[98, 112]
[98, 148]
[98, 123]
[46, 98]
[64, 98]
[98, 160]
[71, 98]
[98, 171]
[81, 98]
[98, 115]
[98, 116]
[70, 98]
[25, 70]
[3, 70]
[70, 159]
[70, 104]
[70, 144]
[70, 108]
[70, 156]
[70, 73]
[26, 70]
[22, 70]
[70, 107]
[4, 70]
[56, 70]
[6, 70]
[70, 173]
[70, 139]
[28, 70]
[29, 70]
[70, 138]
[33, 70]
[17, 70]
[70, 103]
[30, 70]
[70, 117]
[70, 134]
[70, 84]
[70, 137]
[70, 102]
[60, 70]
[15, 70]
[42, 70]
[70, 145]
[55, 70]
[70, 166]
[0, 70]
[70, 131]
[40, 70]
[70, 113]
[20, 70]
[70, 176]
[70, 75]
[70, 114]
[70, 174]
[70, 72]
[9, 70]
[70, 106]
[70, 181]
[63, 70]
[70, 162]
[57, 70]
[70, 89]
[70, 93]
[70, 101]
[70, 90]
[70, 175]
[70, 151]
[50, 70]
[70, 130]
[70, 161]
[70, 140]
[70, 99]
[70, 143]
[70, 121]
[69, 70]
[70, 136]
[14, 70]
[70, 85]
[70, 76]
[70, 96]
[8, 70]
[70, 74]
[23, 70]
[35, 70]
[68, 70]
[70, 180]
[66, 70]
[70, 112]
[70, 148]
[70, 123]
[70, 92]
[46, 70]
[70, 182]
[70, 71]
[70, 179]
[67, 70]
[70, 115]
[61, 70]
[59, 70]
[7, 59]
[59, 159]
[4, 59]
[6, 59]
[59, 173]
[29, 59]
[43, 59]
[2, 59]
[17, 59]
[59, 103]
[51, 59]
[30, 59]
[38, 59]
[47, 59]
[59, 164]
[59, 95]
[59, 149]
[59, 79]
[31, 59]
[42, 59]
[59, 145]
[59, 166]
[59, 131]
[40, 59]
[20, 59]
[59, 114]
[54, 59]
[59, 127]
[59, 106]
[59, 146]
[59, 153]
[59, 162]
[59, 86]
[59, 93]
[50, 59]
[59, 130]
[59, 161]
[59, 140]
[59, 111]
[59, 121]
[59, 136]
[59, 100]
[14, 59]
[59, 85]
[59, 96]
[59, 178]
[59, 74]
[36, 59]
[59, 124]
[59, 68]
[59, 112]
[59, 148]
[59, 123]
[59, 92]
[46, 59]
[59, 160]
[45, 59]
[37, 59]
[59, 71]
[59, 171]
[59, 67]
[53, 59]
[59, 69]
[58, 59]
[59, 76]
[59, 66]
[44, 59]
[59, 179]
[59, 61]
[59, 170]
[59, 180]
[59, 115]
[7, 115]
[108, 115]
[115, 156]
[73, 115]
[26, 115]
[34, 115]
[4, 115]
[56, 115]
[82, 115]
[29, 115]
[115, 152]
[43, 115]
[52, 115]
[17, 115]
[103, 115]
[30, 115]
[38, 115]
[39, 115]
[115, 134]
[115, 137]
[15, 115]
[55, 115]
[0, 115]
[113, 115]
[115, 163]
[89, 115]
[115, 151]
[110, 115]
[16, 115]
[8, 115]
[23, 115]
[109, 115]
[115, 182]
[75, 115]
[47, 115]
[32, 115]
[90, 115]
[42, 115]
[115, 145]
[115, 166]
[115, 143]
[40, 115]
[20, 115]
[94, 115]
[54, 115]
[115, 153]
[86, 115]
[115, 130]
[115, 161]
[115, 140]
[115, 121]
[14, 115]
[72, 115]
[35, 115]
[85, 115]
[5, 115]
[74, 115]
[36, 115]
[68, 115]
[84, 115]
[115, 168]
[81, 115]
[65, 115]
[106, 115]
[115, 169]
[96, 115]
[115, 123]
[92, 115]
[46, 115]
[71, 115]
[67, 115]
[61, 115]
[77, 115]
[115, 157]
[115, 160]
[76, 115]
[115, 180]
[1, 180]
[25, 180]
[24, 180]
[154, 180]
[88, 180]
[159, 180]
[104, 180]
[144, 180]
[108, 180]
[73, 180]
[19, 180]
[107, 180]
[4, 180]
[132, 180]
[18, 180]
[173, 180]
[139, 180]
[28, 180]
[82, 180]
[29, 180]
[152, 180]
[43, 180]
[33, 180]
[2, 180]
[17, 180]
[126, 180]
[80, 180]
[103, 180]
[150, 180]
[51, 180]
[30, 180]
[134, 180]
[137, 180]
[102, 180]
[15, 180]
[172, 180]
[55, 180]
[0, 180]
[89, 180]
[118, 180]
[101, 180]
[120, 180]
[110, 180]
[8, 180]
[23, 180]
[109, 180]
[141, 180]
[165, 180]
[75, 180]
[47, 180]
[95, 180]
[149, 180]
[79, 180]
[125, 180]
[42, 180]
[145, 180]
[143, 180]
[20, 180]
[114, 180]
[127, 180]
[153, 180]
[162, 180]
[93, 180]
[140, 180]
[121, 180]
[136, 180]
[100, 180]
[99, 180]
[85, 180]
[74, 180]
[68, 180]
[84, 180]
[81, 180]
[65, 180]
[57, 180]
[106, 180]
[146, 180]
[148, 180]
[46, 180]
[45, 180]
[171, 180]
[67, 180]
[87, 180]
[66, 180]
[77, 180]
[157, 180]
[53, 180]
[160, 180]
[37, 180]
[58, 180]
[112, 180]
[170, 180]
[7, 170]
[25, 170]
[88, 170]
[170, 183]
[159, 170]
[108, 170]
[156, 170]
[34, 170]
[18, 170]
[56, 170]
[6, 170]
[170, 173]
[28, 170]
[82, 170]
[152, 170]
[33, 170]
[52, 170]
[2, 170]
[150, 170]
[51, 170]
[38, 170]
[60, 170]
[170, 172]
[55, 170]
[0, 170]
[170, 176]
[89, 170]
[118, 170]
[101, 170]
[16, 170]
[8, 170]
[23, 170]
[109, 170]
[141, 170]
[170, 182]
[116, 170]
[75, 170]
[63, 170]
[31, 170]
[125, 170]
[42, 170]
[119, 170]
[143, 170]
[40, 170]
[94, 170]
[54, 170]
[162, 170]
[86, 170]
[50, 170]
[111, 170]
[121, 170]
[14, 170]
[158, 170]
[64, 170]
[85, 170]
[36, 170]
[124, 170]
[81, 170]
[65, 170]
[170, 181]
[106, 170]
[146, 170]
[96, 170]
[123, 170]
[92, 170]
[170, 171]
[67, 170]
[61, 170]
[77, 170]
[53, 170]
[170, 179]
[112, 170]
[1, 112]
[7, 112]
[112, 159]
[97, 112]
[4, 112]
[18, 112]
[6, 112]
[112, 173]
[112, 152]
[52, 112]
[2, 112]
[112, 126]
[103, 112]
[30, 112]
[39, 112]
[112, 137]
[15, 112]
[112, 113]
[112, 163]
[89, 112]
[112, 118]
[112, 120]
[112, 151]
[16, 112]
[21, 112]
[23, 112]
[63, 112]
[112, 164]
[79, 112]
[32, 112]
[42, 112]
[112, 145]
[112, 166]
[112, 119]
[112, 131]
[20, 112]
[112, 127]
[112, 162]
[86, 112]
[50, 112]
[112, 161]
[111, 112]
[112, 121]
[112, 136]
[14, 112]
[72, 112]
[112, 158]
[35, 112]
[99, 112]
[112, 168]
[112, 146]
[92, 112]
[77, 112]
[112, 160]
[37, 112]
[112, 181]
[57, 112]
[112, 175]
[58, 112]
[76, 112]
[112, 179]
[112, 135]
[7, 135]
[13, 135]
[135, 183]
[3, 135]
[135, 159]
[104, 135]
[135, 144]
[108, 135]
[97, 135]
[73, 135]
[34, 135]
[10, 135]
[4, 135]
[18, 135]
[56, 135]
[135, 173]
[28, 135]
[82, 135]
[2, 135]
[17, 135]
[80, 135]
[103, 135]
[30, 135]
[39, 135]
[134, 135]
[15, 135]
[135, 172]
[113, 135]
[135, 176]
[135, 163]
[89, 135]
[118, 135]
[135, 151]
[110, 135]
[21, 135]
[135, 141]
[122, 135]
[47, 135]
[135, 164]
[95, 135]
[135, 149]
[31, 135]
[42, 135]
[114, 135]
[86, 135]
[130, 135]
[135, 140]
[111, 135]
[135, 136]
[14, 135]
[135, 178]
[124, 135]
[81, 135]
[96, 135]
[71, 135]
[135, 171]
[67, 135]
[52, 135]
[135, 137]
[53, 135]
[109, 135]
[135, 145]
[121, 135]
[99, 135]
[75, 135]
[32, 135]
[119, 135]
[35, 135]
[59, 135]
[45, 135]
[66, 135]
[94, 135]
[115, 135]
[69, 135]
[44, 135]
[61, 135]
[135, 180]
[117, 135]
[135, 146]
[92, 135]
[77, 135]
[135, 181]
[87, 135]
[98, 135]
[58, 135]
[1, 58]
[13, 58]
[25, 58]
[58, 183]
[58, 159]
[58, 144]
[58, 97]
[58, 156]
[26, 58]
[22, 58]
[58, 107]
[58, 132]
[18, 58]
[58, 139]
[28, 58]
[11, 58]
[58, 152]
[43, 58]
[33, 58]
[17, 58]
[58, 126]
[58, 80]
[58, 103]
[58, 150]
[38, 58]
[39, 58]
[58, 134]
[58, 102]
[58, 60]
[58, 172]
[0, 58]
[9, 58]
[58, 163]
[58, 89]
[58, 118]
[16, 58]
[21, 58]
[23, 58]
[47, 58]
[58, 164]
[58, 149]
[31, 58]
[42, 58]
[54, 58]
[58, 127]
[58, 86]
[58, 93]
[50, 58]
[58, 130]
[58, 111]
[58, 174]
[58, 136]
[36, 58]
[58, 124]
[58, 68]
[58, 81]
[58, 106]
[58, 123]
[46, 58]
[58, 67]
[58, 138]
[58, 145]
[58, 166]
[20, 58]
[58, 121]
[58, 165]
[32, 58]
[58, 143]
[35, 58]
[58, 64]
[5, 58]
[58, 65]
[58, 125]
[58, 94]
[58, 84]
[44, 58]
[58, 61]
[58, 117]
[58, 160]
[37, 58]
[58, 181]
[57, 58]
[58, 87]
[13, 87]
[3, 87]
[87, 104]
[87, 108]
[87, 97]
[73, 87]
[34, 87]
[10, 87]
[4, 87]
[56, 87]
[6, 87]
[87, 152]
[33, 87]
[17, 87]
[80, 87]
[87, 150]
[87, 134]
[15, 87]
[87, 172]
[87, 113]
[9, 87]
[87, 89]
[87, 101]
[87, 120]
[87, 151]
[87, 110]
[23, 87]
[87, 141]
[87, 122]
[47, 87]
[87, 164]
[87, 149]
[31, 87]
[42, 87]
[87, 114]
[54, 87]
[87, 127]
[87, 153]
[87, 161]
[87, 140]
[87, 111]
[87, 136]
[14, 87]
[87, 124]
[81, 87]
[87, 96]
[87, 123]
[46, 87]
[71, 87]
[52, 87]
[87, 166]
[87, 121]
[87, 99]
[75, 87]
[87, 90]
[87, 119]
[35, 87]
[64, 87]
[45, 87]
[87, 125]
[87, 94]
[69, 87]
[44, 87]
[61, 87]
[87, 92]
[63, 87]
[87, 175]
[24, 175]
[88, 175]
[175, 183]
[3, 175]
[159, 175]
[144, 175]
[156, 175]
[26, 175]
[19, 175]
[56, 175]
[6, 175]
[173, 175]
[139, 175]
[28, 175]
[82, 175]
[29, 175]
[43, 175]
[33, 175]
[83, 175]
[2, 175]
[80, 175]
[30, 175]
[38, 175]
[134, 175]
[102, 175]
[175, 184]
[113, 175]
[163, 175]
[89, 175]
[101, 175]
[120, 175]
[151, 175]
[16, 175]
[21, 175]
[23, 175]
[141, 175]
[79, 175]
[42, 175]
[131, 175]
[40, 175]
[54, 175]
[127, 175]
[153, 175]
[93, 175]
[50, 175]
[130, 175]
[161, 175]
[111, 175]
[174, 175]
[100, 175]
[85, 175]
[175, 178]
[36, 175]
[106, 175]
[71, 175]
[171, 175]
[137, 175]
[157, 175]
[53, 175]
[166, 175]
[158, 175]
[99, 175]
[168, 175]
[75, 175]
[119, 175]
[143, 175]
[64, 175]
[45, 175]
[66, 175]
[125, 175]
[84, 175]
[69, 175]
[44, 175]
[61, 175]
[146, 175]
[77, 175]
[175, 181]
[57, 175]
[1, 57]
[7, 57]
[25, 57]
[57, 183]
[3, 57]
[57, 104]
[57, 73]
[34, 57]
[18, 57]
[57, 82]
[29, 57]
[43, 57]
[33, 57]
[2, 57]
[17, 57]
[57, 150]
[51, 57]
[30, 57]
[38, 57]
[15, 57]
[57, 184]
[0, 57]
[57, 176]
[9, 57]
[57, 118]
[57, 151]
[57, 110]
[21, 57]
[8, 57]
[23, 57]
[47, 57]
[57, 164]
[57, 95]
[57, 79]
[31, 57]
[40, 57]
[57, 153]
[57, 162]
[57, 130]
[57, 140]
[57, 111]
[57, 136]
[57, 85]
[57, 178]
[57, 74]
[36, 57]
[57, 81]
[57, 96]
[57, 148]
[46, 57]
[57, 71]
[57, 171]
[57, 67]
[52, 57]
[57, 137]
[53, 57]
[57, 182]
[57, 166]
[20, 57]
[57, 158]
[57, 168]
[32, 57]
[57, 90]
[57, 143]
[57, 64]
[57, 65]
[57, 169]
[57, 84]
[57, 69]
[44, 57]
[57, 146]
[57, 92]
[57, 77]
[57, 160]
[57, 63]
[57, 181]
[1, 181]
[7, 181]
[159, 181]
[97, 181]
[4, 181]
[18, 181]
[56, 181]
[173, 181]
[29, 181]
[152, 181]
[17, 181]
[51, 181]
[30, 181]
[102, 181]
[15, 181]
[181, 184]
[55, 181]
[9, 181]
[163, 181]
[118, 181]
[21, 181]
[8, 181]
[141, 181]
[116, 181]
[149, 181]
[79, 181]
[42, 181]
[131, 181]
[114, 181]
[54, 181]
[127, 181]
[153, 181]
[86, 181]
[50, 181]
[130, 181]
[111, 181]
[174, 181]
[136, 181]
[100, 181]
[74, 181]
[124, 181]
[81, 181]
[96, 181]
[148, 181]
[71, 181]
[171, 181]
[52, 181]
[109, 181]
[181, 182]
[145, 181]
[166, 181]
[20, 181]
[158, 181]
[32, 181]
[119, 181]
[143, 181]
[35, 181]
[5, 181]
[65, 181]
[45, 181]
[169, 181]
[125, 181]
[94, 181]
[84, 181]
[117, 181]
[146, 181]
[92, 181]
[77, 181]
[160, 181]
[37, 181]
[1, 37]
[7, 37]
[3, 37]
[37, 159]
[37, 97]
[37, 156]
[10, 37]
[29, 37]
[37, 152]
[37, 43]
[17, 37]
[37, 51]
[30, 37]
[37, 102]
[37, 184]
[37, 55]
[0, 37]
[37, 120]
[37, 151]
[37, 110]
[8, 37]
[23, 37]
[37, 141]
[37, 149]
[37, 131]
[37, 40]
[37, 127]
[37, 162]
[37, 86]
[37, 93]
[37, 130]
[37, 111]
[37, 174]
[14, 37]
[37, 72]
[37, 85]
[37, 124]
[37, 148]
[37, 67]
[37, 53]
[37, 145]
[37, 166]
[37, 158]
[37, 99]
[37, 75]
[37, 143]
[35, 37]
[37, 64]
[37, 66]
[37, 125]
[37, 94]
[37, 69]
[37, 44]
[37, 117]
[37, 146]
[1, 146]
[62, 146]
[146, 154]
[88, 146]
[146, 183]
[3, 146]
[146, 159]
[144, 146]
[146, 156]
[73, 146]
[78, 146]
[49, 146]
[146, 167]
[10, 146]
[4, 146]
[132, 146]
[28, 146]
[82, 146]
[146, 152]
[43, 146]
[126, 146]
[80, 146]
[103, 146]
[146, 150]
[51, 146]
[30, 146]
[38, 146]
[39, 146]
[134, 146]
[146, 184]
[146, 172]
[55, 146]
[0, 146]
[113, 146]
[9, 146]
[146, 163]
[89, 146]
[120, 146]
[110, 146]
[16, 146]
[21, 146]
[8, 146]
[23, 146]
[141, 146]
[146, 164]
[95, 146]
[146, 149]
[79, 146]
[31, 146]
[42, 146]
[40, 146]
[114, 146]
[54, 146]
[127, 146]
[146, 153]
[146, 162]
[93, 146]
[130, 146]
[146, 161]
[146, 174]
[136, 146]
[100, 146]
[72, 146]
[85, 146]
[146, 178]
[36, 146]
[96, 146]
[146, 148]
[71, 146]
[52, 146]
[137, 146]
[138, 146]
[109, 146]
[146, 182]
[145, 146]
[146, 158]
[75, 146]
[32, 146]
[90, 146]
[35, 146]
[64, 146]
[5, 146]
[65, 146]
[45, 146]
[66, 146]
[69, 146]
[44, 146]
[61, 146]
[117, 146]
[52, 117]
[117, 137]
[109, 117]
[117, 182]
[117, 145]
[117, 166]
[20, 117]
[117, 121]
[117, 158]
[99, 117]
[117, 168]
[45, 117]
[94, 117]
[69, 117]
[63, 117]
[117, 179]
[117, 142]
[117, 125]
[84, 117]
[44, 117]
[61, 117]
[7, 61]
[25, 61]
[24, 61]
[61, 154]
[61, 88]
[61, 159]
[61, 104]
[61, 144]
[61, 156]
[41, 61]
[19, 61]
[18, 61]
[56, 61]
[61, 173]
[61, 139]
[28, 61]
[61, 82]
[11, 61]
[29, 61]
[43, 61]
[2, 61]
[61, 80]
[61, 150]
[38, 61]
[0, 61]
[61, 163]
[61, 89]
[61, 101]
[61, 120]
[61, 141]
[61, 164]
[61, 95]
[61, 131]
[50, 61]
[61, 85]
[61, 178]
[36, 61]
[61, 81]
[61, 96]
[61, 71]
[61, 171]
[61, 157]
[10, 61]
[33, 61]
[60, 61]
[61, 113]
[61, 151]
[21, 61]
[8, 61]
[23, 61]
[61, 149]
[31, 61]
[61, 162]
[61, 86]
[61, 93]
[61, 130]
[61, 100]
[14, 61]
[61, 124]
[61, 116]
[5, 61]
[61, 66]
[61, 64]
[61, 166]
[20, 61]
[61, 137]
[61, 158]
[61, 168]
[61, 76]
[61, 91]
[61, 155]
[61, 160]
[61, 128]
[61, 94]
[61, 69]
[61, 63]
[61, 142]
[45, 61]
[61, 84]
[84, 138]
[84, 165]
[84, 119]
[65, 84]
[32, 84]
[84, 143]
[84, 169]
[75, 84]
[84, 90]
[5, 84]
[35, 84]
[64, 84]
[66, 84]
[84, 91]
[84, 155]
[84, 179]
[84, 125]
[76, 84]
[84, 94]
[69, 84]
[63, 84]
[7, 63]
[13, 63]
[63, 154]
[63, 88]
[63, 108]
[56, 63]
[63, 173]
[28, 63]
[43, 63]
[17, 63]
[63, 103]
[39, 63]
[26, 63]
[4, 63]
[33, 63]
[63, 97]
[15, 63]
[47, 63]
[63, 164]
[63, 178]
[63, 79]
[63, 100]
[63, 172]
[63, 163]
[63, 120]
[63, 141]
[63, 95]
[54, 63]
[63, 153]
[36, 63]
[42, 63]
[63, 145]
[63, 158]
[63, 168]
[37, 63]
[63, 134]
[10, 63]
[63, 85]
[63, 102]
[63, 101]
[63, 114]
[63, 148]
[63, 71]
[9, 63]
[63, 136]
[63, 123]
[46, 63]
[63, 86]
[63, 161]
[63, 72]
[63, 96]
[63, 67]
[63, 176]
[63, 130]
[63, 106]
[63, 182]
[20, 63]
[63, 92]
[63, 166]
[63, 128]
[63, 116]
[63, 160]
[5, 63]
[63, 75]
[63, 90]
[63, 94]
[1, 94]
[24, 94]
[94, 154]
[94, 183]
[94, 159]
[94, 108]
[94, 156]
[56, 94]
[28, 94]
[94, 152]
[43, 94]
[17, 94]
[80, 94]
[94, 103]
[26, 94]
[4, 94]
[52, 94]
[94, 97]
[51, 94]
[38, 94]
[15, 94]
[94, 110]
[94, 178]
[79, 94]
[94, 100]
[94, 163]
[94, 120]
[94, 153]
[36, 94]
[94, 149]
[94, 109]
[94, 145]
[94, 137]
[45, 94]
[10, 94]
[85, 94]
[60, 94]
[94, 102]
[89, 94]
[94, 101]
[94, 131]
[94, 114]
[50, 94]
[94, 174]
[9, 94]
[8, 94]
[23, 94]
[40, 94]
[94, 162]
[94, 136]
[53, 94]
[86, 94]
[72, 94]
[94, 113]
[94, 130]
[94, 106]
[20, 94]
[94, 166]
[94, 121]
[94, 99]
[94, 118]
[68, 94]
[94, 119]
[94, 128]
[32, 94]
[75, 94]
[90, 94]
[69, 94]
[44, 94]
[94, 169]
[35, 94]
[1, 35]
[7, 35]
[35, 159]
[35, 108]
[35, 173]
[28, 35]
[35, 82]
[35, 43]
[35, 103]
[35, 39]
[29, 35]
[35, 51]
[15, 35]
[35, 110]
[16, 35]
[35, 47]
[35, 171]
[30, 35]
[35, 55]
[35, 79]
[35, 100]
[35, 184]
[35, 172]
[35, 153]
[21, 35]
[35, 149]
[35, 42]
[35, 127]
[35, 111]
[35, 109]
[35, 145]
[35, 158]
[35, 137]
[35, 45]
[10, 35]
[35, 60]
[31, 35]
[35, 102]
[35, 101]
[35, 114]
[35, 50]
[9, 35]
[8, 35]
[35, 93]
[35, 136]
[35, 113]
[35, 176]
[35, 182]
[20, 35]
[35, 166]
[35, 99]
[35, 36]
[35, 168]
[35, 85]
[35, 116]
[35, 71]
[14, 35]
[35, 123]
[35, 46]
[35, 67]
[35, 106]
[35, 121]
[35, 68]
[35, 143]
[35, 66]
[35, 75]
[35, 69]
[35, 125]
[35, 65]
[35, 128]
[35, 179]
[35, 155]
[35, 76]
[1, 76]
[3, 76]
[76, 159]
[18, 76]
[76, 152]
[33, 76]
[76, 97]
[29, 76]
[76, 150]
[51, 76]
[38, 76]
[15, 76]
[76, 171]
[30, 76]
[55, 76]
[76, 100]
[76, 184]
[76, 172]
[54, 76]
[76, 153]
[21, 76]
[42, 76]
[76, 145]
[76, 137]
[31, 76]
[76, 101]
[76, 114]
[40, 76]
[76, 162]
[76, 93]
[0, 76]
[76, 113]
[20, 76]
[76, 87]
[76, 118]
[76, 119]
[14, 76]
[67, 76]
[76, 130]
[76, 92]
[76, 121]
[64, 76]
[63, 76]
[5, 76]
[76, 174]
[32, 76]
[76, 81]
[76, 90]
[72, 76]
[76, 175]
[57, 76]
[76, 94]
[76, 182]
[76, 166]
[76, 99]
[76, 168]
[76, 142]
[76, 158]
[76, 128]
[7, 128]
[56, 128]
[128, 173]
[43, 128]
[2, 128]
[17, 128]
[80, 128]
[39, 128]
[4, 128]
[6, 128]
[52, 128]
[29, 128]
[128, 150]
[51, 128]
[15, 128]
[16, 128]
[128, 178]
[126, 128]
[55, 128]
[128, 184]
[128, 172]
[120, 128]
[128, 141]
[122, 128]
[109, 128]
[128, 145]
[45, 128]
[10, 128]
[60, 128]
[31, 128]
[89, 128]
[8, 128]
[23, 128]
[40, 128]
[128, 162]
[128, 136]
[59, 128]
[124, 128]
[0, 128]
[36, 128]
[119, 128]
[116, 128]
[71, 128]
[14, 128]
[46, 128]
[128, 161]
[67, 128]
[128, 140]
[128, 160]
[5, 128]
[32, 128]
[128, 182]
[128, 166]
[81, 128]
[72, 128]
[128, 180]
[115, 128]
[128, 143]
[128, 169]
[66, 128]
[99, 128]
[69, 128]
[128, 168]
[125, 128]
[128, 142]
[128, 158]
[77, 128]
[106, 128]
[128, 179]
[65, 128]
[3, 65]
[65, 159]
[65, 144]
[65, 156]
[65, 133]
[41, 65]
[19, 65]
[65, 107]
[65, 129]
[65, 132]
[56, 65]
[65, 173]
[65, 139]
[65, 82]
[65, 83]
[2, 65]
[4, 65]
[52, 65]
[65, 97]
[65, 73]
[65, 150]
[38, 65]
[16, 65]
[65, 126]
[30, 65]
[65, 172]
[65, 95]
[54, 65]
[65, 153]
[21, 65]
[65, 149]
[65, 127]
[65, 111]
[65, 145]
[65, 137]
[65, 134]
[10, 65]
[60, 65]
[31, 65]
[65, 102]
[65, 89]
[65, 101]
[65, 114]
[50, 65]
[65, 148]
[65, 151]
[8, 65]
[65, 136]
[65, 113]
[65, 118]
[65, 119]
[65, 85]
[65, 116]
[65, 123]
[65, 86]
[65, 67]
[65, 130]
[65, 140]
[65, 92]
[65, 160]
[32, 65]
[65, 138]
[65, 166]
[65, 81]
[65, 72]
[65, 157]
[65, 143]
[65, 169]
[65, 75]
[65, 106]
[65, 142]
[65, 77]
[65, 179]
[1, 179]
[7, 179]
[25, 179]
[154, 179]
[88, 179]
[179, 183]
[104, 179]
[108, 179]
[156, 179]
[18, 179]
[56, 179]
[173, 179]
[82, 179]
[43, 179]
[80, 179]
[103, 179]
[39, 179]
[26, 179]
[4, 179]
[150, 179]
[47, 179]
[164, 179]
[178, 179]
[171, 179]
[126, 179]
[30, 179]
[55, 179]
[79, 179]
[100, 179]
[172, 179]
[120, 179]
[141, 179]
[95, 179]
[54, 179]
[21, 179]
[149, 179]
[127, 179]
[109, 179]
[137, 179]
[37, 179]
[45, 179]
[60, 179]
[89, 179]
[114, 179]
[50, 179]
[0, 179]
[87, 179]
[118, 179]
[36, 179]
[85, 179]
[14, 179]
[46, 179]
[86, 179]
[161, 179]
[130, 179]
[121, 179]
[58, 179]
[138, 179]
[179, 182]
[166, 179]
[174, 179]
[92, 179]
[72, 179]
[160, 179]
[63, 179]
[143, 179]
[169, 179]
[179, 181]
[43, 150]
[39, 150]
[33, 150]
[51, 152]
[43, 51]
[51, 103]
[30, 103]
[30, 152]
[38, 43]
[38, 39]
[30, 39]
[10, 39]
[1, 15]
[15, 56]
[15, 173]
[2, 15]
[4, 15]
[15, 29]
[15, 152]
[15, 43]
[15, 51]
[51, 110]
[7, 110]
[3, 110]
[110, 159]
[104, 110]
[56, 110]
[82, 110]
[17, 110]
[6, 110]
[29, 110]
[110, 150]
[43, 110]
[39, 110]
[10, 110]
[16, 110]
[1, 16]
[7, 16]
[16, 183]
[16, 108]
[2, 16]
[16, 17]
[6, 16]
[16, 73]
[16, 29]
[16, 150]
[16, 152]
[16, 103]
[16, 30]
[10, 16]
[16, 33]
[15, 16]
[16, 47]
[47, 173]
[29, 47]
[47, 150]
[43, 47]
[38, 47]
[10, 47]
[47, 51]
[15, 47]
[47, 178]
[47, 172]
[21, 47]
[47, 149]
[47, 134]
[47, 60]
[31, 47]
[47, 101]
[47, 50]
[47, 148]
[8, 47]
[23, 47]
[47, 136]
[47, 124]
[47, 113]
[47, 176]
[20, 47]
[47, 118]
[47, 74]
[47, 81]
[47, 69]
[47, 106]
[47, 160]
[47, 143]
[7, 143]
[88, 143]
[143, 183]
[3, 143]
[143, 159]
[104, 143]
[143, 156]
[18, 143]
[56, 143]
[143, 173]
[28, 143]
[82, 143]
[17, 143]
[4, 143]
[6, 143]
[29, 143]
[103, 143]
[143, 150]
[10, 143]
[15, 143]
[110, 143]
[143, 178]
[55, 143]
[100, 143]
[141, 143]
[21, 143]
[111, 143]
[60, 143]
[31, 143]
[89, 143]
[131, 143]
[114, 143]
[50, 143]
[143, 148]
[9, 143]
[40, 143]
[143, 162]
[124, 143]
[0, 143]
[143, 176]
[20, 143]
[118, 143]
[85, 143]
[74, 143]
[81, 143]
[143, 157]
[69, 143]
[106, 143]
[72, 143]
[7, 72]
[13, 72]
[72, 183]
[3, 72]
[18, 72]
[56, 72]
[72, 173]
[2, 72]
[72, 80]
[4, 72]
[52, 72]
[72, 97]
[29, 72]
[43, 72]
[39, 72]
[38, 72]
[30, 72]
[51, 72]
[15, 72]
[72, 110]
[55, 72]
[72, 100]
[72, 184]
[72, 163]
[72, 141]
[21, 72]
[72, 127]
[72, 111]
[72, 134]
[31, 72]
[72, 101]
[72, 148]
[9, 72]
[23, 72]
[72, 162]
[72, 136]
[72, 124]
[72, 113]
[72, 74]
[5, 72]
[72, 77]
[72, 157]
[44, 72]
[72, 75]
[72, 106]
[16, 72]
[72, 164]
[72, 79]
[72, 95]
[42, 72]
[72, 109]
[45, 72]
[72, 93]
[72, 119]
[72, 116]
[72, 123]
[67, 72]
[72, 130]
[64, 72]
[64, 159]
[64, 104]
[64, 108]
[64, 156]
[18, 64]
[56, 64]
[28, 64]
[64, 82]
[2, 64]
[6, 64]
[64, 73]
[29, 64]
[43, 64]
[39, 64]
[38, 64]
[30, 64]
[10, 64]
[14, 64]
[15, 64]
[64, 110]
[33, 64]
[64, 178]
[64, 126]
[55, 64]
[64, 100]
[64, 163]
[64, 141]
[21, 64]
[64, 149]
[64, 127]
[31, 64]
[64, 89]
[64, 101]
[64, 131]
[64, 114]
[9, 64]
[53, 64]
[0, 64]
[64, 113]
[64, 176]
[64, 85]
[64, 74]
[5, 64]
[64, 90]
[64, 157]
[64, 75]
[64, 168]
[64, 143]
[64, 125]
[44, 64]
[64, 95]
[64, 153]
[42, 64]
[64, 145]
[64, 137]
[45, 64]
[64, 102]
[64, 151]
[36, 64]
[64, 116]
[64, 86]
[64, 161]
[64, 67]
[64, 68]
[56, 68]
[68, 173]
[6, 68]
[68, 73]
[29, 68]
[68, 152]
[68, 103]
[43, 68]
[38, 68]
[30, 68]
[10, 68]
[14, 68]
[15, 68]
[68, 110]
[33, 68]
[68, 178]
[55, 68]
[68, 100]
[21, 68]
[68, 149]
[68, 111]
[60, 68]
[68, 131]
[68, 114]
[50, 68]
[68, 148]
[9, 68]
[8, 68]
[23, 68]
[40, 68]
[68, 136]
[53, 68]
[68, 124]
[68, 113]
[68, 176]
[68, 118]
[68, 71]
[68, 74]
[5, 68]
[68, 81]
[68, 157]
[68, 75]
[68, 168]
[68, 106]
[68, 143]
[47, 68]
[68, 125]
[68, 164]
[68, 171]
[68, 79]
[68, 120]
[68, 95]
[54, 68]
[42, 68]
[68, 109]
[68, 145]
[68, 137]
[68, 102]
[68, 151]
[68, 119]
[46, 68]
[68, 161]
[67, 68]
[32, 68]
[66, 68]
[68, 121]
[68, 160]
[68, 92]
[1, 92]
[92, 159]
[92, 108]
[92, 156]
[28, 92]
[82, 92]
[6, 92]
[92, 150]
[39, 92]
[38, 92]
[14, 92]
[51, 92]
[33, 92]
[92, 126]
[92, 100]
[92, 184]
[92, 172]
[92, 163]
[21, 92]
[92, 149]
[92, 127]
[92, 111]
[60, 92]
[31, 92]
[89, 92]
[92, 101]
[92, 131]
[92, 114]
[50, 92]
[9, 92]
[23, 92]
[40, 92]
[92, 136]
[53, 92]
[0, 92]
[92, 113]
[92, 118]
[85, 92]
[5, 92]
[90, 92]
[75, 92]
[92, 168]
[92, 143]
[47, 92]
[44, 92]
[92, 125]
[92, 164]
[92, 171]
[54, 92]
[92, 153]
[42, 92]
[92, 109]
[92, 145]
[92, 137]
[92, 102]
[92, 93]
[92, 116]
[92, 123]
[92, 161]
[67, 92]
[64, 92]
[32, 92]
[92, 96]
[72, 92]
[92, 160]
[1, 160]
[7, 160]
[159, 160]
[104, 160]
[17, 160]
[4, 160]
[97, 160]
[152, 160]
[150, 160]
[39, 160]
[30, 160]
[14, 160]
[51, 160]
[160, 178]
[55, 160]
[100, 160]
[160, 184]
[160, 172]
[160, 163]
[111, 160]
[31, 160]
[101, 160]
[131, 160]
[50, 160]
[9, 160]
[8, 160]
[40, 160]
[124, 160]
[0, 160]
[113, 160]
[20, 160]
[5, 160]
[81, 160]
[157, 160]
[106, 160]
[44, 160]
[146, 160]
[125, 160]
[16, 160]
[95, 160]
[45, 160]
[46, 160]
[130, 160]
[140, 160]
[66, 160]
[160, 171]
[54, 160]
[109, 160]
[145, 160]
[137, 160]
[102, 160]
[93, 160]
[123, 160]
[160, 161]
[67, 160]
[32, 160]
[99, 160]
[158, 160]
[160, 174]
[1, 174]
[12, 174]
[7, 174]
[174, 183]
[3, 174]
[144, 174]
[108, 174]
[156, 174]
[49, 174]
[18, 174]
[56, 174]
[28, 174]
[82, 174]
[2, 174]
[26, 174]
[6, 174]
[52, 174]
[73, 174]
[29, 174]
[152, 174]
[103, 174]
[43, 174]
[38, 174]
[10, 174]
[15, 174]
[110, 174]
[126, 174]
[149, 174]
[127, 174]
[134, 174]
[60, 174]
[89, 174]
[114, 174]
[162, 174]
[118, 174]
[71, 174]
[90, 174]
[75, 174]
[69, 174]
[143, 174]
[39, 174]
[174, 178]
[100, 174]
[172, 174]
[163, 174]
[111, 174]
[31, 174]
[101, 174]
[50, 174]
[124, 174]
[0, 174]
[5, 174]
[79, 174]
[151, 174]
[36, 174]
[119, 174]
[91, 174]
[157, 174]
[106, 174]
[164, 174]
[42, 174]
[33, 174]
[44, 174]
[96, 174]
[95, 174]
[130, 174]
[54, 174]
[109, 174]
[102, 174]
[123, 174]
[161, 174]
[32, 174]
[158, 174]
[174, 182]
[169, 174]
[142, 174]
[77, 174]
[77, 168]
[77, 81]
[77, 99]
[77, 165]
[14, 141]
[21, 54]
[6, 21]
[7, 21]
[1, 21]
[21, 24]
[21, 154]
[21, 88]
[3, 21]
[21, 159]
[21, 104]
[21, 144]
[21, 56]
[21, 28]
[21, 82]
[17, 21]
[21, 97]
[21, 73]
[21, 103]
[21, 43]
[10, 21]
[21, 126]
[38, 126]
[110, 141]
[4, 141]
[56, 141]
[141, 159]
[3, 141]
[1, 141]
[23, 29]
[23, 156]
[1, 23]
[1, 86]
[13, 86]
[155, 180]
[86, 104]
[86, 144]
[86, 108]
[17, 86]
[4, 86]
[6, 86]
[52, 86]
[86, 97]
[86, 152]
[43, 86]
[38, 86]
[15, 86]
[86, 126]
[86, 141]
[21, 86]
[86, 149]
[86, 127]
[86, 134]
[86, 114]
[86, 162]
[86, 136]
[86, 176]
[71, 86]
[74, 86]
[86, 90]
[47, 86]
[30, 86]
[86, 184]
[86, 131]
[9, 86]
[20, 86]
[86, 120]
[6, 141]
[21, 74]
[97, 141]
[118, 156]
[79, 156]
[73, 141]
[29, 141]
[97, 149]
[52, 149]
[104, 149]
[1, 149]
[69, 165]
[77, 146]
[39, 126]
[39, 86]
[33, 86]
[43, 118]
[2, 118]
[118, 150]
[118, 173]
[17, 118]
[97, 118]
[38, 118]
[73, 118]
[103, 118]
[51, 118]
[30, 118]
[5, 173]
[5, 156]
[5, 104]
[23, 104]
[23, 173]
[23, 82]
[23, 30]
[14, 23]
[23, 159]
[23, 118]
[5, 23]
[23, 110]
[23, 162]
[23, 55]
[23, 69]
[23, 178]
[23, 60]
[23, 163]
[23, 85]
[23, 71]
[23, 182]
[23, 93]
[23, 50]
[23, 40]
[23, 53]
[23, 106]
[23, 184]
[23, 166]
[23, 75]
[23, 44]
[23, 134]
[23, 164]
[23, 127]
[23, 89]
[23, 102]
[9, 23]
[5, 150]
[5, 17]
[18, 31]
[5, 14]
[29, 162]
[16, 114]
[16, 149]
[16, 178]
[16, 141]
[110, 118]
[15, 118]
[5, 18]
[4, 5]
[5, 56]
[3, 5]
[21, 51]
[5, 183]
[5, 82]
[5, 73]
[5, 103]
[5, 118]
[128, 181]
[114, 156]
[43, 114]
[56, 114]
[114, 144]
[3, 114]
[5, 114]
[6, 114]
[55, 164]
[60, 164]
[81, 164]
[5, 164]
[118, 164]
[144, 164]
[1, 164]
[159, 164]
[30, 164]
[4, 164]
[103, 164]
[114, 164]
[164, 178]
[141, 164]
[16, 164]
[95, 164]
[113, 164]
[164, 168]
[143, 164]
[134, 164]
[127, 164]
[53, 164]
[75, 164]
[101, 164]
[9, 110]
[7, 9]
[9, 10]
[1, 9]
[9, 159]
[9, 30]
[9, 126]
[9, 17]
[9, 114]
[9, 149]
[9, 95]
[9, 113]
[9, 182]
[9, 79]
[9, 29]
[10, 114]
[134, 184]
[43, 184]
[88, 114]
[104, 114]
[28, 114]
[43, 81]
[3, 81]
[16, 95]
[2, 114]
[60, 95]
[60, 141]
[141, 149]
[95, 149]
[95, 152]
[95, 173]
[51, 95]
[4, 114]
[27, 69]
[51, 141]
[1, 60]
[2, 60]
[60, 109]
[109, 141]
[60, 150]
[60, 173]
[95, 97]
[4, 95]
[5, 95]
[95, 178]
[5, 60]
[16, 71]
[14, 71]
[69, 156]
[168, 173]
[30, 141]
[5, 141]
[69, 141]
[141, 178]
[21, 30]
[1, 69]
[20, 79]
[79, 111]
[17, 111]
[21, 95]
[21, 149]
[30, 69]
[11, 69]
[22, 69]
[33, 164]
[33, 95]
[85, 176]
[28, 176]
[43, 176]
[56, 176]
[10, 176]
[176, 183]
[26, 176]
[104, 176]
[6, 176]
[97, 176]
[150, 176]
[82, 176]
[73, 176]
[126, 176]
[110, 176]
[4, 176]
[69, 176]
[149, 176]
[60, 176]
[16, 176]
[21, 176]
[103, 176]
[163, 176]
[125, 176]
[81, 176]
[71, 176]
[100, 176]
[31, 176]
[114, 176]
[74, 176]
[89, 176]
[55, 176]
[90, 176]
[158, 176]
[148, 176]
[162, 176]
[39, 176]
[176, 184]
[33, 182]
[33, 161]
[33, 79]
[33, 171]
[33, 155]
[33, 158]
[33, 121]
[15, 69]
[69, 132]
[69, 83]
[14, 85]
[10, 69]
[69, 144]
[69, 107]
[69, 88]
[43, 69]
[7, 69]
[56, 69]
[69, 183]
[69, 104]
[28, 69]
[69, 97]
[38, 69]
[69, 173]
[69, 80]
[43, 163]
[52, 69]
[108, 163]
[69, 110]
[60, 149]
[38, 149]
[149, 150]
[15, 149]
[73, 149]
[69, 149]
[29, 85]
[21, 60]
[60, 103]
[69, 103]
[103, 149]
[51, 149]
[85, 126]
[85, 110]
[30, 85]
[69, 85]
[21, 85]
[5, 85]
[81, 85]
[85, 95]
[31, 85]
[75, 85]
[74, 85]
[85, 101]
[40, 85]
[20, 85]
[85, 164]
[85, 182]
[85, 161]
[79, 85]
[5, 69]
[5, 149]
[14, 178]
[7, 178]
[10, 178]
[1, 178]
[108, 178]
[104, 178]
[150, 178]
[82, 178]
[152, 178]
[52, 178]
[51, 178]
[69, 178]
[149, 178]
[60, 178]
[21, 178]
[103, 178]
[5, 178]
[113, 149]
[30, 113]
[39, 141]
[39, 149]
[5, 39]
[39, 178]
[82, 113]
[6, 113]
[113, 183]
[155, 183]
[3, 155]
[25, 55]
[39, 164]
[89, 164]
[40, 164]
[148, 164]
[162, 164]
[16, 143]
[10, 113]
[113, 144]
[43, 113]
[108, 113]
[1, 113]
[104, 113]
[28, 113]
[60, 66]
[2, 113]
[60, 113]
[69, 113]
[97, 113]
[113, 150]
[21, 113]
[18, 113]
[4, 113]
[51, 113]
[113, 126]
[113, 141]
[5, 113]
[113, 178]
[97, 163]
[1, 163]
[156, 163]
[2, 163]
[17, 163]
[95, 103]
[95, 163]
[16, 113]
[163, 173]
[149, 163]
[60, 163]
[163, 178]
[113, 163]
[82, 125]
[125, 144]
[51, 100]
[125, 154]
[11, 125]
[1, 125]
[125, 132]
[19, 125]
[151, 159]
[104, 151]
[125, 159]
[15, 161]
[43, 161]
[43, 125]
[10, 125]
[25, 125]
[85, 158]
[26, 125]
[28, 125]
[125, 138]
[6, 125]
[69, 125]
[15, 125]
[2, 125]
[18, 125]
[73, 125]
[125, 173]
[80, 125]
[4, 125]
[30, 125]
[125, 126]
[118, 125]
[16, 125]
[103, 125]
[29, 125]
[125, 141]
[125, 149]
[9, 125]
[21, 125]
[125, 163]
[26, 81]
[4, 71]
[18, 114]
[54, 114]
[17, 54]
[17, 81]
[7, 81]
[10, 81]
[2, 81]
[81, 97]
[81, 173]
[52, 81]
[51, 81]
[30, 81]
[81, 103]
[14, 81]
[81, 126]
[81, 110]
[81, 95]
[39, 113]
[39, 161]
[39, 163]
[39, 71]
[9, 81]
[60, 81]
[6, 161]
[10, 161]
[10, 145]
[145, 183]
[145, 182]
[102, 182]
[102, 183]
[149, 161]
[8, 39]
[26, 161]
[34, 161]
[39, 90]
[20, 39]
[39, 89]
[39, 55]
[39, 148]
[39, 162]
[39, 40]
[30, 74]
[56, 161]
[156, 161]
[2, 161]
[97, 161]
[18, 161]
[52, 161]
[51, 161]
[17, 161]
[126, 161]
[161, 178]
[103, 161]
[110, 161]
[69, 161]
[16, 161]
[113, 161]
[114, 161]
[141, 161]
[95, 161]
[20, 95]
[55, 95]
[95, 114]
[114, 173]
[73, 114]
[114, 118]
[82, 114]
[60, 114]
[114, 149]
[110, 114]
[69, 114]
[55, 114]
[55, 154]
[55, 144]
[24, 55]
[55, 183]
[55, 108]
[55, 88]
[55, 104]
[28, 55]
[55, 150]
[7, 55]
[29, 55]
[15, 55]
[55, 156]
[2, 55]
[10, 55]
[55, 73]
[16, 55]
[55, 178]
[55, 113]
[55, 141]
[20, 55]
[55, 118]
[55, 110]
[55, 155]
[55, 163]
[55, 125]
[55, 71]
[55, 127]
[53, 55]
[55, 74]
[55, 182]
[55, 101]
[55, 91]
[8, 55]
[40, 55]
[55, 75]
[55, 79]
[55, 131]
[55, 184]
[54, 55]
[55, 153]
[55, 111]
[55, 172]
[55, 151]
[0, 55]
[55, 109]
[46, 55]
[55, 66]
[36, 55]
[55, 123]
[55, 106]
[55, 96]
[55, 171]
[50, 55]
[55, 166]
[44, 55]
[55, 119]
[55, 120]
[55, 67]
[42, 55]
[55, 116]
[55, 157]
[1, 157]
[3, 157]
[157, 159]
[38, 157]
[30, 157]
[14, 157]
[29, 157]
[97, 157]
[17, 157]
[52, 157]
[15, 157]
[126, 157]
[5, 157]
[56, 157]
[4, 157]
[9, 157]
[6, 157]
[70, 157]
[77, 157]
[2, 157]
[10, 157]
[157, 164]
[86, 157]
[81, 157]
[20, 157]
[82, 157]
[18, 157]
[110, 157]
[114, 157]
[157, 168]
[134, 157]
[136, 157]
[31, 157]
[145, 157]
[137, 157]
[124, 157]
[102, 157]
[32, 157]
[45, 157]
[157, 163]
[71, 157]
[157, 182]
[91, 157]
[157, 169]
[79, 157]
[155, 157]
[157, 184]
[153, 157]
[111, 157]
[151, 157]
[0, 157]
[96, 157]
[157, 166]
[44, 157]
[119, 157]
[42, 157]
[1, 42]
[42, 47]
[38, 42]
[42, 150]
[30, 42]
[23, 42]
[29, 42]
[42, 97]
[42, 51]
[15, 42]
[42, 126]
[5, 42]
[42, 43]
[2, 42]
[10, 42]
[42, 73]
[42, 86]
[42, 178]
[42, 173]
[42, 113]
[39, 42]
[42, 118]
[42, 95]
[42, 161]
[42, 110]
[42, 152]
[42, 134]
[42, 148]
[42, 140]
[42, 103]
[33, 42]
[42, 164]
[16, 42]
[42, 145]
[42, 137]
[42, 71]
[42, 54]
[42, 53]
[42, 176]
[42, 162]
[42, 100]
[42, 93]
[42, 109]
[42, 66]
[36, 42]
[42, 91]
[42, 75]
[42, 143]
[42, 130]
[42, 142]
[42, 184]
[42, 125]
[42, 96]
[42, 172]
[31, 42]
[42, 44]
[42, 155]
[40, 42]
[42, 153]
[42, 111]
[42, 123]
[1, 123]
[123, 144]
[3, 123]
[108, 123]
[104, 123]
[47, 123]
[28, 123]
[30, 123]
[14, 123]
[26, 123]
[56, 123]
[123, 156]
[6, 123]
[123, 141]
[20, 123]
[60, 123]
[123, 149]
[21, 123]
[52, 123]
[81, 123]
[123, 136]
[123, 158]
[74, 123]
[101, 123]
[29, 123]
[51, 123]
[15, 123]
[123, 171]
[32, 123]
[123, 131]
[121, 123]
[79, 123]
[123, 169]
[123, 151]
[50, 123]
[123, 182]
[106, 123]
[0, 123]
[119, 123]
[120, 123]
[2, 123]
[10, 123]
[86, 123]
[39, 123]
[118, 123]
[82, 123]
[110, 123]
[5, 123]
[18, 123]
[116, 123]
[123, 152]
[123, 148]
[123, 140]
[33, 123]
[16, 123]
[123, 145]
[71, 123]
[54, 123]
[123, 176]
[93, 123]
[109, 123]
[66, 123]
[91, 123]
[75, 123]
[123, 143]
[113, 123]
[123, 184]
[96, 123]
[123, 172]
[123, 153]
[1, 153]
[108, 153]
[104, 153]
[153, 159]
[38, 153]
[17, 153]
[4, 153]
[9, 153]
[20, 153]
[60, 153]
[69, 153]
[8, 153]
[81, 153]
[153, 168]
[85, 153]
[124, 153]
[97, 153]
[51, 153]
[126, 153]
[43, 153]
[32, 153]
[45, 153]
[131, 153]
[67, 153]
[151, 153]
[50, 153]
[106, 153]
[46, 153]
[119, 153]
[2, 153]
[10, 153]
[73, 153]
[86, 153]
[153, 173]
[23, 153]
[95, 153]
[82, 153]
[5, 153]
[152, 153]
[148, 153]
[140, 153]
[103, 153]
[33, 153]
[16, 153]
[137, 153]
[71, 153]
[54, 153]
[153, 161]
[153, 162]
[93, 153]
[109, 153]
[36, 153]
[91, 153]
[75, 153]
[113, 153]
[130, 153]
[142, 153]
[125, 153]
[96, 153]
[31, 153]
[44, 153]
[40, 153]
[40, 183]
[40, 88]
[40, 150]
[7, 40]
[26, 40]
[4, 40]
[9, 40]
[6, 40]
[20, 40]
[40, 149]
[40, 69]
[40, 90]
[8, 40]
[40, 81]
[40, 163]
[40, 89]
[29, 40]
[15, 40]
[40, 43]
[32, 40]
[40, 67]
[40, 166]
[2, 40]
[10, 40]
[40, 106]
[40, 95]
[40, 178]
[40, 82]
[40, 110]
[18, 40]
[40, 152]
[40, 103]
[16, 40]
[40, 71]
[31, 40]
[40, 93]
[40, 184]
[40, 148]
[40, 155]
[40, 100]
[40, 140]
[40, 145]
[40, 54]
[40, 75]
[40, 44]
[40, 120]
[40, 116]
[40, 109]
[40, 66]
[40, 130]
[40, 96]
[1, 96]
[25, 96]
[96, 183]
[96, 108]
[96, 159]
[96, 150]
[14, 96]
[26, 96]
[56, 96]
[96, 141]
[20, 96]
[77, 96]
[96, 97]
[96, 114]
[73, 96]
[86, 96]
[96, 173]
[96, 158]
[52, 96]
[29, 96]
[96, 118]
[9, 96]
[33, 96]
[96, 161]
[96, 176]
[96, 127]
[96, 101]
[96, 113]
[96, 136]
[96, 134]
[79, 96]
[96, 125]
[69, 96]
[95, 96]
[96, 124]
[96, 178]
[96, 171]
[96, 121]
[96, 151]
[96, 169]
[96, 137]
[96, 166]
[96, 102]
[96, 99]
[67, 96]
[36, 96]
[96, 142]
[96, 106]
[96, 148]
[96, 100]
[96, 143]
[96, 184]
[96, 140]
[44, 96]
[96, 120]
[96, 130]
[1, 130]
[3, 130]
[130, 159]
[130, 150]
[17, 130]
[56, 130]
[6, 130]
[130, 141]
[60, 130]
[130, 149]
[21, 130]
[97, 130]
[126, 130]
[86, 130]
[81, 130]
[15, 130]
[9, 130]
[33, 130]
[130, 161]
[53, 130]
[130, 176]
[127, 130]
[101, 130]
[130, 162]
[130, 136]
[90, 130]
[8, 130]
[10, 130]
[130, 134]
[79, 130]
[91, 130]
[125, 130]
[39, 130]
[50, 130]
[95, 130]
[130, 178]
[130, 171]
[121, 130]
[18, 130]
[0, 130]
[103, 130]
[111, 130]
[130, 166]
[45, 130]
[46, 130]
[67, 130]
[36, 130]
[130, 148]
[100, 130]
[75, 130]
[16, 130]
[130, 143]
[130, 184]
[130, 140]
[44, 130]
[120, 130]
[109, 130]
[66, 130]
[130, 142]
[135, 142]
[59, 142]
[142, 180]
[98, 142]
[58, 142]
[88, 142]
[104, 142]
[47, 142]
[57, 142]
[122, 142]
[87, 142]
[142, 170]
[37, 142]
[142, 175]
[64, 142]
[72, 142]
[142, 159]
[142, 150]
[30, 142]
[14, 142]
[7, 142]
[26, 142]
[17, 142]
[6, 142]
[141, 142]
[20, 142]
[60, 142]
[142, 149]
[126, 142]
[73, 142]
[142, 173]
[142, 168]
[52, 142]
[142, 181]
[43, 142]
[118, 142]
[2, 142]
[80, 142]
[142, 161]
[21, 81]
[70, 128]
[21, 161]
[161, 163]
[21, 131]
[7, 131]
[131, 150]
[104, 131]
[131, 152]
[106, 118]
[34, 106]
[25, 106]
[56, 106]
[7, 106]
[106, 150]
[104, 106]
[106, 152]
[43, 106]
[51, 106]
[106, 126]
[106, 108]
[106, 173]
[106, 156]
[52, 106]
[103, 106]
[18, 106]
[106, 110]
[106, 183]
[73, 106]
[82, 106]
[97, 106]
[106, 141]
[80, 106]
[86, 106]
[106, 149]
[39, 106]
[77, 106]
[106, 113]
[106, 163]
[95, 106]
[69, 106]
[9, 106]
[106, 125]
[30, 106]
[79, 106]
[99, 106]
[106, 162]
[106, 134]
[75, 106]
[106, 178]
[71, 106]
[20, 106]
[90, 106]
[106, 119]
[102, 106]
[93, 106]
[131, 159]
[6, 131]
[131, 164]
[131, 173]
[131, 163]
[103, 131]
[69, 168]
[10, 168]
[38, 168]
[39, 131]
[50, 161]
[50, 176]
[113, 131]
[21, 114]
[114, 131]
[77, 158]
[80, 158]
[52, 158]
[81, 158]
[114, 163]
[163, 184]
[97, 184]
[97, 168]
[43, 168]
[156, 184]
[51, 184]
[29, 184]
[38, 184]
[2, 184]
[164, 184]
[56, 184]
[126, 184]
[110, 184]
[95, 184]
[9, 184]
[39, 184]
[113, 184]
[21, 184]
[52, 184]
[5, 184]
[104, 184]
[7, 184]
[81, 184]
[77, 142]
[18, 142]
[16, 142]
[142, 146]
[79, 118]
[15, 79]
[47, 79]
[4, 79]
[56, 79]
[51, 79]
[79, 183]
[73, 79]
[69, 79]
[79, 125]
[21, 79]
[79, 143]
[79, 184]
[79, 173]
[7, 79]
[79, 152]
[103, 184]
[79, 103]
[16, 20]
[15, 20]
[20, 38]
[10, 20]
[20, 29]
[2, 20]
[20, 60]
[20, 56]
[152, 158]
[20, 150]
[20, 73]
[20, 30]
[20, 149]
[6, 20]
[20, 113]
[20, 21]
[20, 163]
[20, 43]
[20, 110]
[20, 184]
[34, 119]
[29, 119]
[15, 119]
[38, 119]
[1, 119]
[2, 119]
[47, 119]
[26, 119]
[17, 119]
[103, 158]
[31, 158]
[50, 158]
[44, 158]
[101, 158]
[93, 158]
[75, 158]
[71, 158]
[74, 158]
[158, 172]
[145, 158]
[0, 158]
[120, 158]
[100, 158]
[116, 158]
[102, 158]
[158, 168]
[127, 158]
[158, 162]
[151, 158]
[136, 158]
[121, 158]
[111, 158]
[158, 166]
[124, 158]
[131, 158]
[3, 119]
[51, 119]
[119, 156]
[73, 119]
[82, 119]
[97, 119]
[86, 119]
[30, 119]
[6, 119]
[119, 126]
[118, 119]
[119, 141]
[119, 161]
[119, 163]
[33, 119]
[119, 176]
[69, 119]
[18, 119]
[43, 119]
[119, 173]
[7, 119]
[79, 119]
[20, 119]
[9, 66]
[23, 66]
[4, 66]
[26, 66]
[10, 66]
[64, 66]
[66, 73]
[66, 97]
[66, 86]
[66, 125]
[30, 66]
[14, 66]
[6, 66]
[66, 113]
[21, 66]
[66, 126]
[66, 118]
[66, 149]
[33, 66]
[66, 176]
[66, 143]
[66, 106]
[66, 79]
[53, 95]
[25, 53]
[38, 53]
[24, 53]
[10, 53]
[53, 88]
[119, 184]
[81, 119]
[52, 119]
[28, 53]
[29, 53]
[53, 144]
[2, 53]
[17, 53]
[4, 53]
[53, 108]
[53, 156]
[53, 82]
[9, 53]
[30, 53]
[14, 53]
[6, 53]
[53, 118]
[53, 149]
[53, 150]
[53, 163]
[43, 53]
[16, 53]
[53, 106]
[53, 184]
[25, 67]
[17, 67]
[20, 53]
[53, 173]
[53, 119]
[53, 66]
[2, 67]
[26, 45]
[10, 45]
[13, 45]
[1, 45]
[45, 183]
[25, 45]
[29, 45]
[4, 45]
[17, 45]
[45, 108]
[45, 156]
[45, 141]
[45, 97]
[45, 86]
[45, 95]
[9, 45]
[14, 45]
[21, 45]
[15, 31]
[45, 126]
[31, 82]
[33, 45]
[45, 176]
[45, 69]
[45, 143]
[16, 45]
[45, 110]
[45, 85]
[39, 45]
[45, 104]
[45, 106]
[45, 81]
[45, 119]
[45, 66]
[26, 171]
[38, 171]
[1, 171]
[10, 171]
[47, 171]
[4, 171]
[17, 171]
[23, 171]
[3, 171]
[108, 171]
[95, 171]
[9, 171]
[125, 171]
[14, 171]
[113, 171]
[21, 171]
[159, 171]
[69, 171]
[43, 171]
[16, 171]
[110, 171]
[39, 171]
[106, 171]
[52, 171]
[171, 184]
[119, 171]
[45, 171]
[21, 75]
[148, 183]
[25, 148]
[15, 148]
[17, 71]
[29, 148]
[30, 148]
[39, 142]
[142, 143]
[110, 142]
[82, 155]
[25, 155]
[37, 155]
[72, 155]
[85, 142]
[5, 142]
[83, 155]
[142, 182]
[14, 148]
[23, 148]
[38, 155]
[137, 142]
[56, 148]
[90, 142]
[8, 142]
[32, 142]
[142, 155]
[15, 74]
[38, 74]
[20, 36]
[20, 134]
[73, 148]
[20, 89]
[53, 152]
[152, 171]
[119, 152]
[134, 173]
[54, 173]
[89, 173]
[148, 159]
[53, 103]
[103, 119]
[52, 148]
[14, 155]
[88, 155]
[47, 155]
[122, 155]
[112, 155]
[115, 155]
[17, 155]
[51, 155]
[155, 156]
[125, 155]
[155, 170]
[155, 174]
[63, 155]
[69, 155]
[80, 155]
[52, 155]
[81, 155]
[141, 155]
[146, 155]
[29, 155]
[73, 155]
[113, 155]
[150, 155]
[149, 155]
[21, 155]
[43, 155]
[104, 155]
[85, 155]
[39, 155]
[155, 171]
[119, 155]
[152, 155]
[103, 155]
[89, 155]
[67, 155]
[50, 155]
[44, 155]
[93, 155]
[101, 155]
[121, 155]
[124, 155]
[5, 155]
[155, 168]
[90, 155]
[104, 148]
[81, 148]
[79, 148]
[6, 148]
[113, 148]
[148, 150]
[43, 148]
[7, 148]
[148, 184]
[148, 171]
[110, 148]
[15, 134]
[1, 134]
[95, 134]
[9, 134]
[125, 134]
[126, 134]
[118, 134]
[60, 134]
[134, 149]
[3, 54]
[23, 54]
[54, 159]
[9, 71]
[71, 125]
[71, 126]
[71, 118]
[69, 71]
[71, 141]
[60, 71]
[21, 71]
[71, 163]
[43, 71]
[71, 73]
[71, 184]
[71, 171]
[71, 104]
[71, 110]
[71, 142]
[71, 155]
[53, 71]
[71, 134]
[71, 79]
[45, 71]
[21, 162]
[18, 162]
[1, 162]
[56, 162]
[60, 162]
[2, 162]
[141, 162]
[162, 163]
[26, 162]
[4, 162]
[17, 162]
[10, 162]
[9, 162]
[152, 162]
[150, 162]
[81, 162]
[119, 162]
[103, 162]
[149, 162]
[66, 162]
[5, 162]
[16, 162]
[148, 162]
[73, 162]
[162, 184]
[110, 162]
[142, 162]
[109, 162]
[53, 162]
[75, 162]
[74, 162]
[5, 148]
[20, 178]
[33, 54]
[51, 54]
[54, 60]
[54, 69]
[142, 164]
[114, 142]
[155, 164]
[142, 178]
[54, 86]
[54, 97]
[39, 54]
[54, 152]
[54, 150]
[54, 149]
[5, 54]
[54, 178]
[54, 148]
[43, 54]
[171, 178]
[54, 184]
[54, 171]
[54, 104]
[54, 110]
[33, 36]
[36, 176]
[21, 36]
[28, 36]
[1, 36]
[36, 86]
[36, 125]
[36, 81]
[10, 36]
[3, 36]
[36, 56]
[8, 184]
[4, 8]
[36, 143]
[2, 36]
[36, 47]
[36, 183]
[36, 141]
[36, 163]
[14, 36]
[36, 173]
[36, 159]
[36, 119]
[36, 103]
[36, 60]
[36, 69]
[36, 97]
[36, 39]
[36, 152]
[36, 118]
[36, 85]
[36, 148]
[36, 171]
[36, 104]
[36, 109]
[109, 178]
[47, 109]
[21, 109]
[23, 109]
[3, 109]
[1, 109]
[30, 109]
[2, 109]
[109, 163]
[95, 109]
[52, 109]
[14, 109]
[109, 143]
[10, 109]
[109, 173]
[9, 109]
[109, 159]
[109, 113]
[69, 109]
[33, 109]
[39, 109]
[73, 109]
[109, 149]
[5, 109]
[109, 148]
[104, 109]
[54, 109]
[43, 109]
[5, 53]
[53, 178]
[53, 54]
[36, 53]
[8, 81]
[2, 8]
[8, 23]
[8, 141]
[8, 95]
[8, 106]
[8, 14]
[8, 51]
[8, 173]
[8, 159]
[8, 113]
[8, 119]
[8, 103]
[8, 66]
[8, 69]
[8, 150]
[8, 20]
[8, 148]
[8, 171]
[8, 104]
[8, 110]
[8, 178]
[8, 53]
[16, 74]
[23, 74]
[1, 74]
[14, 74]
[74, 126]
[2, 74]
[4, 74]
[29, 74]
[74, 173]
[9, 74]
[74, 159]
[74, 113]
[23, 91]
[24, 91]
[70, 91]
[58, 91]
[87, 91]
[91, 94]
[57, 91]
[91, 181]
[91, 179]
[91, 175]
[37, 91]
[91, 112]
[72, 91]
[64, 91]
[28, 91]
[91, 115]
[63, 91]
[91, 146]
[88, 91]
[82, 91]
[38, 91]
[2, 91]
[91, 141]
[26, 91]
[17, 91]
[14, 91]
[29, 91]
[91, 173]
[6, 91]
[9, 91]
[15, 91]
[91, 159]
[91, 113]
[81, 91]
[91, 119]
[16, 91]
[91, 125]
[51, 91]
[69, 91]
[91, 152]
[91, 149]
[7, 91]
[91, 118]
[20, 91]
[91, 142]
[91, 155]
[5, 91]
[91, 178]
[91, 109]
[8, 91]
[74, 91]
[90, 91]
[91, 172]
[91, 116]
[91, 102]
[91, 166]
[91, 145]
[79, 114]
[74, 109]
[74, 149]
[66, 74]
[69, 74]
[74, 150]
[74, 148]
[74, 114]
[74, 110]
[54, 74]
[43, 74]
[134, 159]
[113, 134]
[81, 134]
[119, 134]
[103, 134]
[66, 134]
[134, 152]
[134, 150]
[134, 148]
[5, 134]
[114, 134]
[134, 162]
[36, 134]
[104, 134]
[110, 134]
[54, 134]
[109, 134]
[8, 134]
[8, 79]
[79, 178]
[74, 79]
[79, 134]
[21, 101]
[38, 101]
[1, 101]
[73, 101]
[56, 101]
[3, 101]
[23, 101]
[2, 101]
[101, 184]
[4, 101]
[95, 101]
[15, 101]
[30, 101]
[101, 106]
[17, 101]
[101, 178]
[52, 101]
[29, 101]
[101, 156]
[16, 101]
[51, 101]
[69, 101]
[7, 101]
[20, 101]
[101, 171]
[101, 159]
[53, 101]
[81, 101]
[45, 178]
[45, 103]
[5, 45]
[45, 148]
[54, 79]
[36, 45]
[45, 109]
[137, 178]
[118, 137]
[137, 161]
[23, 137]
[1, 137]
[4, 137]
[137, 176]
[126, 137]
[137, 141]
[137, 163]
[69, 137]
[106, 137]
[52, 137]
[29, 137]
[137, 173]
[30, 137]
[51, 137]
[33, 137]
[86, 137]
[97, 137]
[7, 137]
[85, 137]
[53, 137]
[125, 137]
[137, 149]
[137, 152]
[103, 137]
[79, 137]
[74, 137]
[114, 137]
[54, 137]
[51, 89]
[51, 111]
[4, 111]
[23, 32]
[13, 32]
[89, 95]
[89, 141]
[56, 89]
[82, 89]
[89, 144]
[127, 155]
[89, 159]
[73, 89]
[28, 89]
[3, 89]
[89, 126]
[89, 163]
[17, 89]
[16, 89]
[89, 113]
[53, 89]
[81, 89]
[89, 150]
[25, 75]
[34, 75]
[12, 75]
[28, 75]
[75, 82]
[3, 75]
[75, 183]
[75, 141]
[75, 163]
[26, 75]
[75, 161]
[52, 75]
[29, 75]
[75, 173]
[6, 75]
[9, 75]
[69, 75]
[73, 75]
[7, 75]
[75, 171]
[75, 113]
[75, 118]
[75, 125]
[60, 75]
[75, 149]
[75, 142]
[75, 152]
[75, 184]
[75, 103]
[75, 110]
[75, 148]
[75, 178]
[75, 79]
[36, 75]
[75, 109]
[75, 89]
[75, 172]
[75, 182]
[75, 131]
[0, 75]
[75, 134]
[8, 75]
[75, 90]
[31, 75]
[75, 136]
[75, 127]
[144, 166]
[64, 166]
[68, 166]
[79, 166]
[166, 176]
[21, 166]
[28, 166]
[72, 166]
[1, 166]
[166, 183]
[92, 166]
[82, 166]
[107, 166]
[138, 166]
[38, 166]
[56, 166]
[3, 166]
[25, 166]
[126, 166]
[108, 166]
[2, 166]
[141, 166]
[163, 166]
[26, 166]
[4, 166]
[161, 166]
[106, 166]
[86, 166]
[30, 166]
[71, 137]
[9, 166]
[69, 166]
[33, 166]
[97, 166]
[39, 166]
[7, 166]
[43, 166]
[113, 166]
[118, 166]
[125, 166]
[60, 166]
[149, 166]
[45, 162]
[101, 114]
[5, 101]
[101, 125]
[79, 101]
[101, 162]
[8, 137]
[20, 145]
[9, 145]
[26, 145]
[47, 145]
[69, 145]
[108, 145]
[2, 145]
[118, 145]
[4, 145]
[30, 145]
[67, 149]
[67, 141]
[67, 183]
[7, 67]
[38, 67]
[1, 67]
[56, 67]
[67, 69]
[67, 85]
[67, 143]
[30, 67]
[67, 176]
[10, 67]
[9, 67]
[33, 67]
[39, 67]
[67, 97]
[145, 162]
[145, 176]
[126, 145]
[33, 145]
[86, 145]
[142, 145]
[73, 145]
[141, 145]
[145, 161]
[145, 163]
[66, 145]
[95, 145]
[110, 145]
[145, 159]
[45, 145]
[81, 145]
[109, 145]
[8, 145]
[17, 140]
[4, 140]
[140, 183]
[14, 67]
[67, 164]
[67, 173]
[67, 74]
[47, 140]
[2, 140]
[67, 178]
[67, 73]
[67, 161]
[67, 119]
[60, 67]
[29, 67]
[54, 67]
[67, 171]
[67, 159]
[45, 67]
[67, 148]
[5, 67]
[67, 125]
[67, 79]
[67, 137]
[67, 162]
[21, 67]
[67, 101]
[24, 93]
[108, 140]
[1, 140]
[23, 140]
[69, 140]
[140, 156]
[6, 140]
[86, 140]
[26, 140]
[30, 140]
[140, 176]
[10, 140]
[16, 140]
[54, 131]
[20, 131]
[131, 142]
[131, 178]
[131, 184]
[131, 148]
[109, 131]
[131, 137]
[131, 162]
[101, 131]
[8, 131]
[131, 145]
[131, 140]
[100, 131]
[71, 131]
[36, 131]
[44, 131]
[131, 182]
[131, 134]
[131, 136]
[31, 131]
[127, 131]
[124, 131]
[120, 131]
[46, 131]
[103, 151]
[17, 151]
[9, 151]
[10, 151]
[30, 151]
[7, 151]
[56, 151]
[69, 151]
[85, 151]
[151, 156]
[6, 151]
[151, 176]
[33, 151]
[86, 151]
[23, 151]
[150, 151]
[74, 151]
[52, 151]
[73, 151]
[43, 151]
[151, 161]
[66, 151]
[60, 151]
[151, 171]
[51, 151]
[81, 151]
[5, 151]
[125, 151]
[151, 163]
[39, 151]
[113, 151]
[17, 32]
[6, 32]
[28, 32]
[1, 32]
[32, 86]
[15, 32]
[32, 85]
[32, 64]
[32, 69]
[32, 176]
[32, 47]
[32, 143]
[32, 126]
[32, 33]
[32, 106]
[32, 164]
[32, 173]
[32, 75]
[32, 43]
[32, 119]
[32, 66]
[32, 53]
[32, 51]
[5, 32]
[21, 32]
[32, 163]
[32, 39]
[32, 113]
[151, 184]
[20, 32]
[32, 184]
[90, 184]
[89, 184]
[93, 184]
[172, 184]
[99, 184]
[142, 151]
[151, 178]
[67, 151]
[32, 67]
[54, 151]
[155, 166]
[110, 166]
[5, 166]
[142, 166]
[151, 166]
[32, 166]
[148, 151]
[109, 166]
[8, 151]
[32, 148]
[32, 109]
[8, 32]
[32, 162]
[67, 71]
[71, 151]
[30, 90]
[25, 90]
[7, 90]
[56, 90]
[1, 90]
[90, 118]
[28, 90]
[69, 90]
[90, 183]
[4, 90]
[6, 90]
[26, 90]
[17, 90]
[90, 97]
[3, 90]
[90, 150]
[74, 90]
[73, 90]
[90, 161]
[20, 90]
[90, 119]
[66, 90]
[60, 90]
[90, 149]
[16, 90]
[90, 159]
[45, 90]
[90, 152]
[90, 103]
[90, 178]
[54, 90]
[79, 90]
[90, 163]
[90, 109]
[90, 151]
[90, 162]
[67, 89]
[74, 89]
[89, 152]
[89, 103]
[89, 178]
[89, 114]
[89, 148]
[89, 109]
[71, 89]
[36, 89]
[26, 50]
[6, 50]
[38, 50]
[50, 108]
[16, 50]
[9, 50]
[50, 82]
[7, 50]
[50, 144]
[50, 183]
[4, 50]
[17, 50]
[50, 86]
[21, 50]
[50, 150]
[50, 173]
[50, 164]
[50, 119]
[50, 60]
[50, 95]
[16, 31]
[29, 31]
[50, 109]
[50, 79]
[50, 53]
[50, 81]
[39, 50]
[45, 50]
[50, 110]
[50, 125]
[50, 113]
[50, 137]
[8, 50]
[50, 162]
[50, 71]
[50, 166]
[36, 50]
[50, 90]
[50, 89]
[111, 114]
[82, 111]
[15, 111]
[28, 111]
[2, 111]
[18, 111]
[38, 111]
[111, 153]
[1, 111]
[6, 111]
[111, 118]
[32, 101]
[101, 151]
[32, 145]
[145, 151]
[67, 145]
[101, 166]
[36, 101]
[89, 104]
[50, 104]
[101, 104]
[104, 166]
[45, 134]
[134, 137]
[67, 134]
[36, 145]
[90, 104]
[90, 101]
[90, 145]
[90, 134]
[111, 156]
[85, 111]
[111, 162]
[29, 111]
[21, 111]
[111, 149]
[9, 111]
[106, 111]
[30, 111]
[111, 163]
[111, 173]
[103, 111]
[111, 164]
[111, 119]
[111, 152]
[111, 126]
[20, 111]
[43, 111]
[3, 111]
[39, 111]
[66, 111]
[111, 151]
[111, 183]
[86, 111]
[111, 142]
[111, 113]
[67, 111]
[109, 111]
[74, 111]
[111, 125]
[97, 111]
[53, 111]
[69, 111]
[111, 148]
[71, 111]
[32, 111]
[36, 111]
[45, 111]
[111, 137]
[50, 111]
[104, 111]
[111, 166]
[111, 134]
[17, 116]
[47, 116]
[25, 116]
[116, 155]
[30, 116]
[23, 116]
[15, 116]
[116, 150]
[7, 116]
[14, 116]
[116, 118]
[60, 116]
[116, 143]
[10, 116]
[116, 159]
[116, 131]
[26, 116]
[9, 116]
[73, 116]
[116, 178]
[106, 116]
[29, 116]
[116, 119]
[116, 152]
[3, 116]
[39, 116]
[33, 116]
[6, 116]
[116, 183]
[86, 116]
[74, 116]
[69, 116]
[109, 116]
[116, 148]
[71, 116]
[32, 116]
[26, 168]
[52, 168]
[80, 168]
[8, 116]
[7, 168]
[56, 168]
[14, 168]
[60, 168]
[108, 168]
[81, 168]
[131, 168]
[149, 168]
[9, 168]
[168, 171]
[106, 168]
[30, 168]
[95, 168]
[126, 168]
[3, 168]
[20, 168]
[141, 168]
[168, 184]
[54, 168]
[125, 168]
[161, 168]
[109, 168]
[148, 168]
[71, 168]
[2, 168]
[45, 168]
[104, 168]
[101, 168]
[134, 168]
[116, 168]
[0, 168]
[93, 168]
[31, 168]
[102, 168]
[136, 168]
[168, 172]
[100, 168]
[116, 151]
[116, 162]
[104, 116]
[116, 166]
[116, 134]
[90, 116]
[0, 85]
[0, 91]
[0, 18]
[0, 118]
[0, 79]
[0, 15]
[0, 23]
[0, 131]
[0, 149]
[0, 4]
[0, 21]
[0, 73]
[0, 178]
[0, 106]
[0, 29]
[0, 103]
[0, 119]
[0, 30]
[0, 126]
[0, 74]
[0, 3]
[0, 39]
[0, 20]
[0, 114]
[0, 6]
[0, 38]
[0, 86]
[0, 142]
[0, 113]
[0, 141]
[0, 125]
[0, 97]
[0, 161]
[0, 69]
[0, 109]
[0, 148]
[0, 71]
[0, 32]
[0, 50]
[0, 104]
[0, 101]
[0, 67]
[0, 90]
[16, 93]
[51, 93]
[93, 154]
[1, 93]
[17, 93]
[60, 93]
[79, 93]
[53, 93]
[15, 93]
[82, 93]
[93, 156]
[4, 93]
[30, 93]
[21, 93]
[9, 93]
[93, 163]
[73, 93]
[93, 95]
[3, 93]
[33, 93]
[66, 93]
[86, 93]
[93, 109]
[45, 93]
[93, 148]
[90, 93]
[93, 116]
[23, 124]
[124, 137]
[69, 93]
[93, 101]
[71, 93]
[93, 104]
[0, 93]
[54, 93]
[32, 93]
[93, 141]
[50, 93]
[124, 164]
[102, 156]
[79, 124]
[14, 124]
[7, 124]
[124, 150]
[102, 150]
[1, 102]
[1, 124]
[56, 124]
[81, 124]
[124, 149]
[43, 124]
[124, 126]
[39, 124]
[60, 124]
[124, 159]
[8, 124]
[89, 102]
[81, 102]
[36, 124]
[6, 124]
[29, 124]
[111, 124]
[124, 184]
[124, 134]
[86, 124]
[124, 171]
[124, 178]
[20, 124]
[114, 124]
[124, 125]
[74, 124]
[66, 124]
[124, 161]
[97, 124]
[124, 148]
[116, 124]
[69, 124]
[104, 124]
[0, 124]
[54, 124]
[124, 141]
[93, 124]
[46, 79]
[46, 176]
[43, 46]
[46, 56]
[46, 150]
[46, 88]
[21, 46]
[25, 46]
[14, 46]
[46, 81]
[46, 149]
[2, 46]
[46, 154]
[46, 91]
[18, 46]
[46, 137]
[46, 143]
[46, 126]
[140, 184]
[20, 140]
[53, 140]
[75, 140]
[140, 173]
[140, 166]
[140, 163]
[95, 140]
[50, 140]
[109, 140]
[125, 140]
[119, 140]
[140, 161]
[97, 140]
[54, 140]
[140, 141]
[93, 140]
[140, 152]
[140, 164]
[103, 140]
[140, 178]
[110, 140]
[66, 140]
[5, 140]
[113, 140]
[74, 140]
[33, 140]
[114, 140]
[29, 140]
[106, 140]
[140, 171]
[140, 142]
[20, 136]
[17, 136]
[52, 136]
[80, 136]
[7, 136]
[1, 136]
[21, 136]
[23, 136]
[38, 136]
[51, 136]
[9, 136]
[45, 136]
[136, 163]
[95, 136]
[136, 150]
[50, 136]
[109, 136]
[8, 136]
[36, 136]
[111, 136]
[134, 136]
[81, 136]
[136, 183]
[32, 136]
[60, 136]
[136, 159]
[67, 136]
[3, 136]
[136, 151]
[136, 162]
[93, 136]
[66, 136]
[103, 136]
[5, 136]
[0, 136]
[110, 136]
[116, 136]
[69, 136]
[6, 136]
[43, 136]
[73, 136]
[124, 136]
[136, 178]
[136, 184]
[136, 148]
[56, 136]
[54, 136]
[136, 142]
[101, 136]
[114, 127]
[17, 127]
[26, 127]
[51, 127]
[118, 127]
[127, 145]
[127, 150]
[90, 127]
[30, 127]
[38, 127]
[127, 183]
[21, 127]
[3, 127]
[127, 151]
[36, 127]
[127, 149]
[126, 127]
[109, 127]
[127, 156]
[71, 127]
[9, 127]
[127, 163]
[95, 127]
[67, 127]
[127, 159]
[127, 141]
[124, 127]
[127, 142]
[32, 127]
[127, 136]
[16, 127]
[74, 127]
[97, 127]
[66, 127]
[93, 127]
[43, 127]
[69, 127]
[111, 127]
[56, 127]
[81, 127]
[127, 162]
[116, 127]
[50, 127]
[127, 161]
[127, 178]
[79, 127]
[119, 127]
[127, 152]
[127, 184]
[26, 121]
[108, 121]
[53, 121]
[28, 121]
[118, 121]
[1, 121]
[24, 121]
[121, 159]
[121, 141]
[0, 121]
[121, 171]
[2, 121]
[88, 121]
[121, 168]
[36, 121]
[121, 173]
[121, 154]
[121, 184]
[29, 121]
[39, 121]
[4, 121]
[121, 156]
[89, 121]
[104, 121]
[82, 121]
[75, 121]
[121, 125]
[28, 169]
[16, 169]
[22, 169]
[48, 169]
[1, 169]
[20, 169]
[11, 169]
[133, 169]
[129, 169]
[49, 169]
[139, 169]
[77, 169]
[92, 169]
[15, 169]
[47, 169]
[34, 169]
[138, 169]
[144, 169]
[86, 169]
[18, 169]
[137, 169]
[169, 176]
[10, 169]
[80, 169]
[52, 169]
[113, 169]
[23, 169]
[33, 169]
[103, 169]
[5, 169]
[148, 169]
[30, 169]
[101, 169]
[150, 169]
[114, 169]
[149, 169]
[95, 169]
[9, 169]
[116, 169]
[169, 178]
[79, 169]
[159, 169]
[169, 173]
[4, 169]
[169, 171]
[104, 169]
[66, 169]
[38, 169]
[71, 169]
[54, 169]
[51, 169]
[142, 169]
[2, 169]
[26, 169]
[164, 169]
[17, 169]
[161, 169]
[74, 169]
[73, 169]
[36, 169]
[29, 169]
[56, 169]
[124, 169]
[8, 169]
[20, 100]
[24, 100]
[67, 100]
[100, 163]
[18, 100]
[23, 100]
[100, 154]
[81, 100]
[100, 183]
[25, 100]
[100, 124]
[17, 100]
[26, 100]
[52, 100]
[100, 126]
[43, 100]
[3, 100]
[100, 150]
[100, 116]
[38, 100]
[6, 100]
[100, 103]
[66, 100]
[100, 142]
[100, 171]
[100, 109]
[100, 169]
[100, 137]
[30, 100]
[100, 119]
[60, 100]
[93, 100]
[89, 100]
[100, 148]
[100, 149]
[95, 100]
[100, 125]
[80, 100]
[54, 100]
[32, 100]
[56, 100]
[2, 100]
[88, 100]
[100, 159]
[100, 178]
[100, 136]
[10, 100]
[43, 99]
[36, 99]
[39, 99]
[91, 99]
[99, 143]
[21, 99]
[99, 145]
[99, 141]
[45, 99]
[7, 99]
[97, 99]
[86, 99]
[99, 173]
[4, 99]
[51, 99]
[99, 161]
[79, 99]
[8, 99]
[99, 126]
[99, 163]
[52, 99]
[21, 31]
[31, 53]
[31, 101]
[31, 109]
[31, 149]
[31, 184]
[0, 31]
[31, 113]
[31, 67]
[31, 171]
[31, 79]
[31, 141]
[31, 100]
[31, 54]
[31, 124]
[31, 45]
[31, 161]
[31, 163]
[31, 137]
[31, 119]
[31, 95]
[31, 125]
[31, 140]
[31, 127]
[31, 169]
[31, 60]
[31, 66]
[31, 116]
[5, 46]
[46, 148]
[46, 151]
[46, 106]
[46, 82]
[46, 114]
[23, 46]
[46, 178]
[46, 159]
[10, 46]
[33, 46]
[46, 67]
[46, 69]
[46, 152]
[46, 162]
[46, 74]
[46, 183]
[46, 136]
[46, 184]
[16, 46]
[46, 113]
[0, 46]
[46, 156]
[46, 104]
[29, 46]
[3, 46]
[26, 46]
[31, 110]
[31, 71]
[16, 99]
[17, 99]
[18, 99]
[81, 99]
[88, 99]
[32, 99]
[99, 183]
[2, 99]
[56, 99]
[6, 99]
[99, 119]
[95, 99]
[99, 125]
[99, 169]
[60, 99]
[99, 116]
[38, 99]
[33, 99]
[3, 99]
[99, 104]
[99, 156]
[5, 99]
[26, 99]
[99, 142]
[66, 99]
[99, 140]
[99, 164]
[99, 127]
[99, 137]
[99, 110]
[71, 99]
[29, 99]
[73, 99]
[99, 103]
[20, 121]
[111, 121]
[90, 121]
[121, 164]
[43, 121]
[7, 121]
[97, 121]
[17, 121]
[51, 121]
[121, 126]
[8, 121]
[54, 121]
[31, 121]
[121, 152]
[74, 121]
[69, 121]
[121, 162]
[121, 124]
[121, 136]
[121, 161]
[45, 121]
[121, 169]
[60, 121]
[56, 121]
[6, 121]
[66, 121]
[71, 121]
[73, 121]
[32, 121]
[38, 121]
[99, 121]
[7, 120]
[18, 120]
[114, 120]
[120, 155]
[120, 134]
[118, 120]
[120, 150]
[47, 120]
[101, 120]
[120, 183]
[109, 120]
[91, 120]
[120, 149]
[80, 120]
[46, 73]
[46, 164]
[46, 140]
[46, 127]
[46, 103]
[46, 124]
[46, 66]
[46, 171]
[46, 142]
[46, 99]
[46, 121]
[46, 110]
[46, 71]
[6, 46]
[102, 141]
[15, 102]
[85, 102]
[102, 108]
[102, 178]
[102, 176]
[93, 102]
[4, 102]
[10, 102]
[67, 102]
[102, 119]
[16, 102]
[26, 102]
[29, 102]
[20, 102]
[90, 102]
[102, 162]
[102, 161]
[31, 102]
[60, 102]
[102, 169]
[32, 102]
[47, 102]
[101, 102]
[102, 143]
[100, 102]
[39, 102]
[102, 184]
[33, 102]
[54, 102]
[102, 126]
[97, 102]
[102, 103]
[66, 102]
[73, 102]
[102, 171]
[99, 102]
[102, 116]
[102, 110]
[71, 102]
[102, 114]
[46, 102]
[102, 104]
[102, 137]
[21, 120]
[52, 120]
[36, 120]
[53, 120]
[23, 120]
[120, 159]
[120, 163]
[2, 120]
[120, 156]
[120, 184]
[69, 120]
[120, 125]
[8, 120]
[43, 120]
[82, 120]
[74, 120]
[120, 121]
[120, 142]
[6, 120]
[120, 178]
[120, 143]
[100, 120]
[39, 120]
[54, 120]
[33, 120]
[120, 126]
[97, 120]
[120, 171]
[99, 120]
[116, 120]
[110, 120]
[71, 120]
[46, 120]
[102, 120]
[120, 137]
[104, 120]
[25, 44]
[14, 44]
[44, 63]
[44, 184]
[44, 109]
[44, 89]
[44, 84]
[1, 44]
[39, 44]
[44, 124]
[30, 44]
[44, 118]
[44, 166]
[10, 44]
[44, 50]
[44, 169]
[15, 44]
[44, 86]
[44, 45]
[44, 66]
[44, 69]
[44, 148]
[20, 44]
[44, 51]
[44, 164]
[44, 93]
[44, 99]
[44, 71]
[32, 44]
[0, 44]
[44, 88]
[29, 44]
[44, 162]
[16, 44]
[44, 161]
[44, 60]
[44, 53]
[44, 125]
[43, 44]
[44, 120]
[44, 121]
[44, 95]
[44, 171]
[4, 44]
[44, 103]
[44, 97]
[26, 44]
[44, 127]
[44, 126]
[2, 44]
[5, 44]
[44, 102]
[6, 44]
[172, 173]
[149, 172]
[9, 172]
[144, 172]
[15, 172]
[30, 172]
[159, 172]
[82, 172]
[150, 172]
[3, 172]
[85, 172]
[38, 172]
[88, 172]
[118, 172]
[161, 172]
[104, 172]
[163, 172]
[124, 172]
[73, 172]
[67, 172]
[111, 172]
[178, 182]
[114, 182]
[36, 172]
[144, 182]
[68, 182]
[1, 182]
[82, 182]
[11, 182]
[64, 182]
[160, 182]
[14, 182]
[18, 182]
[79, 182]
[20, 182]
[10, 182]
[28, 182]
[26, 182]
[90, 182]
[44, 182]
[93, 182]
[137, 182]
[31, 182]
[138, 182]
[32, 182]
[15, 182]
[6, 182]
[151, 182]
[56, 182]
[100, 182]
[60, 182]
[71, 182]
[99, 182]
[74, 182]
[109, 182]
[89, 182]
[103, 182]
[110, 182]
[182, 184]
[5, 182]
[149, 182]
[116, 182]
[120, 182]
[124, 182]
[141, 182]
[126, 182]
[127, 182]
[136, 182]
[140, 182]
[150, 182]
[163, 182]
[4, 182]
[171, 182]
[182, 183]
[172, 182]
[97, 172]
[45, 172]
[32, 172]
[140, 172]
[169, 172]
[99, 172]
[21, 172]
[52, 172]
[54, 172]
[89, 172]
[172, 183]
[4, 172]
[60, 172]
[116, 172]
[71, 172]
[74, 172]
[86, 172]
[95, 172]
[1, 172]
[101, 172]
[102, 172]
[113, 172]
[141, 172]
[120, 172]
[126, 172]
[136, 172]
[171, 172]
[2, 172]
[162, 172]
[137, 172]
[0, 182]
[0, 172]
