[3, 4]
[2, 4]
[1, 4]
[2, 3]
[2, 5]
[1, 5]
[3, 6]
[1, 6]
[4, 7]
[3, 7]
[2, 7]
[1, 7]
[5, 7]
[4, 8]
[1, 8]
[5, 8]
[6, 8]
[3, 9]
[4, 9]
[6, 9]
[3, 10]
[4, 18]
[4, 11]
[4, 14]
[4, 16]
[4, 15]
[4, 12]
[4, 13]
[3, 11]
[5, 10]
[2, 19]
[2, 14]
[6, 14]
[8, 14]
[1, 14]
[1, 10]
[2, 11]
[8, 11]
[11, 19]
[11, 14]
[18, 19]
[8, 18]
[1, 18]
[5, 18]
[0, 3]
[3, 17]
[16, 19]
[2, 16]
[6, 16]
[9, 10]
[9, 11]
[7, 16]
[1, 16]
[5, 16]
[11, 16]
[2, 15]
[11, 15]
[15, 18]
[0, 14]
[0, 6]
[0, 7]
[0, 1]
[0, 15]
[0, 11]
[0, 16]
[5, 17]
[6, 17]
[14, 17]
[11, 17]
[16, 17]
[9, 17]
[2, 12]
[6, 12]
[7, 12]
[1, 12]
[3, 12]
[12, 15]
[12, 19]
[12, 14]
[12, 16]
[0, 12]
[5, 13]
[6, 13]
[2, 13]
[13, 19]
[13, 18]
[9, 13]
[0, 13]
[13, 15]
[13, 14]
[3, 13]
[12, 13]
