[24, 26]
[5, 26]
[25, 27]
[4, 27]
[3, 27]
[1, 27]
[7, 27]
[8, 27]
[9, 27]
[13, 27]
[16, 27]
[17, 27]
[20, 27]
[21, 27]
[22, 27]
[24, 27]
[3, 5]
[1, 3]
[1, 2]
[2, 6]
[3, 6]
[4, 6]
[1, 26]
[4, 26]
[26, 84]
[25, 84]
[6, 84]
[2, 84]
[25, 110]
[25, 83]
[9, 83]
[9, 26]
[7, 26]
[8, 26]
[1, 84]
[8, 84]
[11, 84]
[14, 84]
[20, 84]
[21, 84]
[24, 84]
[27, 84]
[28, 84]
[31, 84]
[34, 84]
[44, 84]
[46, 84]
[47, 84]
[48, 84]
[52, 84]
[53, 84]
[7, 25]
[13, 26]
[14, 26]
[19, 26]
[5, 7]
[1, 7]
[3, 8]
[26, 83]
[9, 24]
[8, 24]
[4, 24]
[11, 24]
[12, 24]
[14, 24]
[16, 24]
[17, 24]
[19, 24]
[20, 24]
[21, 24]
[22, 24]
[1, 8]
[4, 9]
[3, 31]
[4, 12]
[4, 33]
[4, 20]
[4, 11]
[4, 10]
[4, 23]
[4, 15]
[4, 17]
[4, 67]
[4, 173]
[4, 142]
[4, 64]
[4, 109]
[4, 98]
[4, 92]
[4, 166]
[4, 102]
[4, 164]
[4, 126]
[4, 163]
[4, 144]
[4, 80]
[4, 18]
[4, 16]
[4, 117]
[4, 116]
[4, 94]
[4, 155]
[4, 149]
[4, 91]
[4, 134]
[4, 133]
[4, 49]
[4, 100]
[4, 125]
[4, 60]
[4, 104]
[4, 181]
[4, 90]
[4, 162]
[4, 170]
[4, 82]
[4, 58]
[4, 59]
[4, 172]
[4, 81]
[4, 57]
[4, 38]
[4, 65]
[4, 121]
[4, 119]
[4, 118]
[4, 96]
[4, 176]
[4, 171]
[4, 165]
[4, 160]
[4, 73]
[4, 72]
[4, 177]
[4, 136]
[4, 129]
[4, 54]
[4, 30]
[4, 50]
[4, 51]
[4, 69]
[4, 105]
[106, 128]
[13, 106]
[19, 106]
[5, 106]
[66, 106]
[52, 106]
[106, 167]
[106, 108]
[106, 153]
[106, 175]
[88, 106]
[106, 145]
[106, 137]
[106, 115]
[46, 106]
[43, 106]
[77, 106]
[39, 106]
[86, 106]
[106, 120]
[106, 154]
[106, 140]
[11, 106]
[23, 106]
[20, 106]
[106, 110]
[67, 106]
[106, 142]
[64, 106]
[98, 106]
[92, 106]
[106, 166]
[102, 106]
[106, 126]
[106, 163]
[26, 106]
[106, 113]
[106, 124]
[44, 106]
[99, 106]
[13, 97]
[1, 97]
[25, 97]
[25, 43]
[25, 93]
[25, 122]
[25, 128]
[25, 107]
[84, 163]
[84, 174]
[84, 141]
[84, 108]
[84, 122]
[84, 167]
[84, 153]
[84, 138]
[84, 88]
[84, 115]
[84, 180]
[84, 87]
[84, 146]
[84, 145]
[84, 137]
[84, 135]
[84, 131]
[77, 84]
[84, 86]
[84, 112]
[25, 47]
[29, 47]
[25, 29]
[25, 175]
[27, 39]
[27, 175]
[27, 78]
[26, 28]
[28, 37]
[24, 29]
[24, 151]
[24, 182]
[24, 113]
[24, 124]
[24, 58]
[24, 59]
[24, 172]
[24, 30]
[24, 51]
[24, 69]
[24, 105]
[24, 46]
[24, 34]
[18, 67]
[15, 18]
[27, 177]
[15, 87]
[19, 87]
[52, 66]
[25, 79]
[64, 181]
[25, 64]
[19, 64]
[5, 64]
[63, 64]
[64, 128]
[15, 64]
[64, 173]
[64, 142]
[35, 64]
[64, 155]
[64, 149]
[64, 133]
[64, 116]
[64, 94]
[6, 64]
[2, 64]
[17, 64]
[7, 64]
[64, 174]
[48, 64]
[64, 175]
[64, 78]
[64, 93]
[8, 64]
[16, 64]
[19, 66]
[13, 66]
[1, 66]
[5, 13]
[1, 19]
[13, 52]
[19, 63]
[1, 63]
[13, 15]
[15, 19]
[23, 28]
[26, 180]
[20, 23]
[13, 20]
[12, 13]
[1, 12]
[12, 25]
[23, 25]
[25, 82]
[13, 82]
[5, 12]
[26, 82]
[5, 82]
[1, 82]
[82, 107]
[23, 82]
[67, 82]
[18, 82]
[82, 134]
[82, 117]
[82, 149]
[82, 179]
[3, 82]
[22, 82]
[7, 82]
[14, 82]
[82, 174]
[28, 82]
[78, 82]
[82, 93]
[9, 82]
[39, 82]
[64, 82]
[82, 92]
[82, 125]
[82, 177]
[82, 83]
[82, 141]
[82, 115]
[82, 87]
[82, 137]
[82, 163]
[82, 102]
[80, 82]
[82, 104]
[0, 82]
[5, 36]
[19, 36]
[1, 36]
[36, 63]
[36, 107]
[36, 128]
[10, 36]
[15, 36]
[36, 67]
[18, 36]
[36, 149]
[36, 133]
[36, 116]
[36, 94]
[4, 36]
[36, 179]
[6, 36]
[22, 36]
[14, 36]
[36, 78]
[36, 93]
[16, 36]
[36, 39]
[36, 64]
[36, 109]
[36, 126]
[36, 49]
[36, 181]
[36, 90]
[36, 125]
[36, 177]
[48, 173]
[19, 173]
[1, 173]
[5, 173]
[66, 173]
[52, 173]
[63, 173]
[107, 173]
[128, 173]
[10, 173]
[23, 173]
[15, 173]
[37, 52]
[37, 66]
[13, 37]
[37, 63]
[37, 107]
[37, 128]
[63, 66]
[23, 66]
[5, 23]
[52, 63]
[12, 66]
[12, 52]
[12, 63]
[12, 23]
[13, 23]
[1, 23]
[10, 23]
[23, 63]
[10, 13]
[1, 10]
[10, 66]
[80, 84]
[10, 109]
[19, 109]
[1, 109]
[5, 109]
[109, 128]
[37, 109]
[23, 109]
[12, 109]
[67, 109]
[109, 155]
[109, 149]
[91, 109]
[94, 109]
[50, 109]
[25, 109]
[2, 109]
[22, 109]
[7, 109]
[14, 109]
[39, 109]
[64, 109]
[92, 109]
[37, 179]
[5, 179]
[13, 179]
[1, 179]
[52, 179]
[128, 179]
[23, 179]
[15, 179]
[12, 179]
[173, 179]
[18, 179]
[134, 179]
[91, 179]
[4, 179]
[19, 107]
[1, 107]
[10, 63]
[84, 102]
[84, 166]
[82, 151]
[82, 182]
[25, 142]
[18, 25]
[25, 116]
[25, 117]
[25, 149]
[25, 33]
[4, 25]
[67, 94]
[23, 94]
[51, 82]
[84, 144]
[84, 104]
[10, 37]
[52, 107]
[63, 107]
[13, 128]
[1, 128]
[27, 64]
[64, 75]
[75, 94]
[26, 94]
[94, 107]
[95, 160]
[67, 95]
[5, 95]
[13, 95]
[1, 95]
[63, 95]
[95, 128]
[95, 173]
[95, 142]
[35, 95]
[18, 95]
[95, 134]
[95, 116]
[95, 133]
[25, 95]
[6, 95]
[2, 95]
[95, 174]
[78, 95]
[43, 95]
[40, 95]
[8, 95]
[92, 95]
[95, 109]
[90, 95]
[95, 181]
[95, 125]
[45, 95]
[36, 95]
[83, 95]
[95, 108]
[95, 122]
[0, 95]
[87, 95]
[95, 180]
[28, 95]
[95, 124]
[95, 182]
[59, 95]
[95, 172]
[51, 95]
[48, 95]
[24, 95]
[95, 138]
[95, 146]
[95, 131]
[95, 145]
[95, 168]
[95, 148]
[38, 95]
[95, 171]
[95, 129]
[89, 95]
[95, 183]
[32, 95]
[31, 95]
[95, 102]
[21, 95]
[27, 95]
[53, 95]
[34, 95]
[44, 95]
[95, 144]
[86, 95]
[77, 95]
[95, 104]
[55, 95]
[70, 95]
[84, 95]
[95, 98]
[95, 164]
[95, 97]
[95, 110]
[60, 95]
[95, 162]
[95, 170]
[95, 184]
[79, 95]
[74, 95]
[72, 95]
[85, 95]
[71, 95]
[95, 157]
[57, 95]
[65, 95]
[95, 119]
[95, 121]
[95, 96]
[95, 111]
[95, 143]
[85, 103]
[85, 107]
[73, 154]
[13, 154]
[5, 154]
[27, 154]
[27, 93]
[19, 128]
[10, 22]
[5, 22]
[5, 128]
[63, 128]
[15, 66]
[10, 15]
[29, 82]
[47, 82]
[82, 153]
[82, 105]
[46, 82]
[82, 146]
[82, 135]
[82, 145]
[82, 168]
[82, 99]
[82, 159]
[82, 148]
[81, 82]
[82, 171]
[82, 165]
[82, 129]
[41, 82]
[42, 82]
[82, 89]
[82, 183]
[32, 82]
[21, 82]
[44, 82]
[82, 86]
[82, 112]
[36, 69]
[69, 173]
[10, 69]
[13, 22]
[5, 67]
[1, 67]
[66, 67]
[63, 67]
[37, 67]
[23, 67]
[15, 67]
[36, 45]
[28, 66]
[66, 142]
[13, 142]
[5, 142]
[13, 14]
[52, 142]
[1, 14]
[107, 142]
[14, 66]
[128, 142]
[14, 63]
[37, 142]
[14, 107]
[23, 142]
[14, 37]
[142, 173]
[14, 23]
[13, 35]
[5, 35]
[14, 15]
[35, 66]
[12, 14]
[35, 63]
[14, 142]
[14, 35]
[14, 149]
[14, 155]
[14, 133]
[14, 117]
[14, 116]
[14, 179]
[14, 25]
[6, 14]
[7, 14]
[26, 35]
[35, 128]
[35, 37]
[6, 10]
[26, 117]
[67, 117]
[10, 35]
[35, 67]
[28, 67]
[28, 63]
[28, 128]
[28, 98]
[94, 98]
[19, 94]
[12, 28]
[28, 35]
[18, 28]
[28, 149]
[28, 155]
[28, 117]
[28, 116]
[28, 50]
[4, 28]
[2, 28]
[17, 28]
[22, 28]
[14, 28]
[28, 174]
[28, 78]
[28, 93]
[28, 40]
[9, 28]
[8, 28]
[28, 49]
[28, 125]
[28, 90]
[28, 181]
[28, 141]
[28, 88]
[28, 115]
[1, 94]
[25, 70]
[12, 70]
[15, 70]
[19, 70]
[5, 70]
[70, 128]
[23, 70]
[67, 70]
[70, 173]
[26, 70]
[18, 70]
[70, 91]
[70, 155]
[70, 116]
[33, 70]
[4, 70]
[70, 179]
[3, 70]
[6, 70]
[9, 70]
[16, 70]
[70, 126]
[70, 125]
[70, 181]
[70, 177]
[45, 70]
[70, 122]
[70, 108]
[70, 141]
[70, 166]
[70, 163]
[0, 70]
[70, 124]
[70, 182]
[30, 70]
[69, 70]
[70, 105]
[46, 70]
[70, 135]
[70, 120]
[70, 154]
[70, 168]
[70, 159]
[70, 148]
[70, 171]
[70, 165]
[41, 70]
[42, 70]
[70, 183]
[70, 130]
[32, 70]
[34, 70]
[55, 70]
[66, 94]
[37, 94]
[94, 173]
[35, 94]
[18, 94]
[91, 94]
[35, 142]
[18, 37]
[18, 52]
[82, 84]
[55, 84]
[27, 43]
[7, 13]
[5, 30]
[27, 148]
[110, 148]
[14, 110]
[19, 110]
[7, 110]
[7, 37]
[3, 37]
[24, 106]
[64, 122]
[3, 173]
[26, 51]
[26, 132]
[35, 132]
[63, 132]
[66, 132]
[19, 132]
[107, 132]
[3, 132]
[24, 132]
[18, 132]
[132, 134]
[132, 149]
[116, 132]
[132, 133]
[91, 132]
[117, 132]
[33, 132]
[132, 179]
[17, 132]
[14, 132]
[108, 132]
[88, 132]
[132, 137]
[87, 132]
[109, 132]
[46, 132]
[11, 132]
[8, 132]
[25, 132]
[28, 132]
[48, 132]
[93, 132]
[43, 132]
[113, 132]
[59, 132]
[132, 172]
[69, 132]
[132, 144]
[20, 132]
[16, 132]
[131, 132]
[132, 145]
[132, 154]
[31, 132]
[126, 132]
[49, 132]
[27, 132]
[12, 51]
[10, 51]
[51, 63]
[5, 51]
[51, 107]
[51, 67]
[51, 142]
[51, 52]
[51, 149]
[3, 51]
[2, 51]
[51, 134]
[51, 133]
[33, 51]
[47, 51]
[18, 51]
[51, 116]
[51, 182]
[51, 179]
[51, 92]
[51, 137]
[51, 126]
[8, 51]
[51, 135]
[51, 87]
[51, 172]
[16, 51]
[51, 93]
[51, 78]
[51, 112]
[51, 99]
[51, 127]
[51, 98]
[51, 157]
[51, 145]
[51, 159]
[141, 150]
[63, 150]
[26, 150]
[13, 150]
[128, 150]
[23, 150]
[149, 150]
[117, 150]
[108, 150]
[39, 150]
[122, 150]
[88, 150]
[94, 150]
[91, 150]
[150, 155]
[134, 150]
[133, 150]
[27, 150]
[33, 150]
[138, 150]
[40, 150]
[47, 150]
[150, 174]
[17, 150]
[120, 150]
[150, 182]
[115, 150]
[92, 150]
[137, 150]
[126, 150]
[135, 150]
[87, 150]
[16, 150]
[150, 177]
[109, 150]
[19, 150]
[93, 150]
[150, 171]
[99, 150]
[145, 150]
[2, 173]
[15, 149]
[26, 124]
[24, 38]
[24, 120]
[25, 180]
[82, 98]
[84, 98]
[60, 84]
[25, 125]
[28, 138]
[12, 17]
[26, 85]
[1, 85]
[12, 85]
[5, 85]
[13, 85]
[67, 85]
[15, 85]
[23, 85]
[52, 85]
[14, 85]
[37, 85]
[85, 117]
[3, 85]
[85, 122]
[85, 88]
[85, 94]
[85, 91]
[85, 133]
[85, 174]
[85, 167]
[85, 180]
[85, 141]
[85, 125]
[85, 131]
[85, 137]
[8, 85]
[85, 135]
[16, 85]
[85, 177]
[19, 85]
[85, 175]
[78, 85]
[85, 145]
[85, 98]
[82, 85]
[85, 144]
[85, 102]
[64, 85]
[4, 85]
[49, 85]
[54, 85]
[6, 85]
[84, 85]
[85, 164]
[85, 90]
[85, 138]
[85, 153]
[85, 132]
[85, 120]
[85, 154]
[58, 85]
[29, 85]
[85, 105]
[85, 112]
[85, 159]
[85, 150]
[31, 85]
[85, 182]
[53, 85]
[85, 170]
[85, 151]
[80, 85]
[85, 162]
[44, 85]
[55, 85]
[85, 166]
[85, 158]
[85, 110]
[85, 129]
[85, 136]
[85, 148]
[51, 85]
[85, 99]
[24, 85]
[36, 85]
[45, 85]
[85, 157]
[85, 160]
[85, 121]
[85, 168]
[85, 123]
[85, 130]
[85, 183]
[81, 85]
[85, 114]
[85, 156]
[65, 85]
[76, 85]
[41, 85]
[5, 17]
[1, 17]
[17, 128]
[17, 107]
[15, 17]
[17, 66]
[17, 52]
[17, 37]
[17, 149]
[17, 117]
[3, 17]
[2, 17]
[17, 108]
[17, 122]
[17, 88]
[17, 94]
[17, 173]
[17, 155]
[17, 33]
[17, 40]
[17, 174]
[17, 167]
[5, 149]
[26, 149]
[84, 106]
[25, 172]
[23, 149]
[1, 149]
[54, 84]
[16, 25]
[28, 163]
[35, 83]
[5, 83]
[107, 149]
[84, 100]
[84, 164]
[70, 84]
[25, 177]
[28, 151]
[26, 184]
[25, 81]
[40, 151]
[151, 173]
[40, 173]
[39, 40]
[12, 40]
[13, 40]
[40, 63]
[1, 40]
[40, 128]
[35, 40]
[15, 40]
[40, 66]
[23, 40]
[40, 52]
[37, 40]
[3, 40]
[40, 94]
[40, 155]
[40, 133]
[66, 149]
[28, 38]
[5, 29]
[13, 29]
[27, 81]
[8, 81]
[24, 112]
[24, 154]
[24, 159]
[27, 98]
[62, 163]
[44, 163]
[26, 44]
[26, 49]
[5, 49]
[12, 81]
[6, 25]
[11, 13]
[5, 11]
[11, 78]
[26, 78]
[13, 78]
[6, 78]
[6, 15]
[15, 29]
[12, 29]
[11, 12]
[11, 37]
[94, 116]
[29, 37]
[8, 179]
[92, 117]
[27, 92]
[8, 92]
[14, 92]
[15, 92]
[5, 92]
[1, 92]
[37, 92]
[92, 107]
[35, 92]
[66, 92]
[92, 142]
[52, 92]
[92, 94]
[92, 173]
[19, 92]
[92, 102]
[92, 149]
[91, 92]
[92, 134]
[33, 92]
[92, 174]
[92, 167]
[92, 116]
[11, 92]
[2, 94]
[27, 109]
[27, 47]
[7, 47]
[28, 170]
[29, 170]
[15, 170]
[26, 170]
[5, 170]
[128, 170]
[107, 170]
[35, 170]
[10, 170]
[66, 170]
[23, 170]
[142, 170]
[52, 170]
[14, 170]
[170, 179]
[19, 170]
[64, 170]
[2, 170]
[8, 170]
[109, 170]
[27, 170]
[25, 170]
[84, 170]
[12, 170]
[149, 170]
[117, 170]
[3, 170]
[39, 170]
[155, 170]
[133, 170]
[33, 170]
[40, 170]
[170, 174]
[167, 170]
[116, 170]
[11, 170]
[43, 170]
[145, 170]
[144, 170]
[141, 170]
[126, 170]
[135, 170]
[87, 170]
[36, 170]
[170, 175]
[170, 177]
[104, 170]
[131, 170]
[59, 170]
[98, 170]
[45, 170]
[154, 170]
[58, 170]
[165, 170]
[22, 170]
[170, 183]
[90, 170]
[9, 170]
[139, 170]
[110, 170]
[158, 170]
[96, 170]
[151, 170]
[69, 170]
[153, 170]
[170, 182]
[166, 170]
[113, 170]
[99, 170]
[32, 170]
[86, 170]
[44, 170]
[60, 170]
[20, 170]
[48, 170]
[156, 170]
[114, 170]
[111, 170]
[62, 170]
[170, 176]
[72, 170]
[75, 170]
[127, 170]
[169, 170]
[7, 79]
[4, 79]
[5, 79]
[1, 79]
[23, 79]
[52, 79]
[14, 79]
[79, 173]
[79, 179]
[19, 79]
[2, 79]
[8, 79]
[27, 79]
[79, 84]
[79, 102]
[12, 79]
[79, 117]
[39, 79]
[79, 91]
[79, 155]
[79, 133]
[40, 79]
[79, 174]
[79, 167]
[17, 79]
[79, 116]
[11, 79]
[79, 93]
[43, 79]
[79, 145]
[49, 79]
[79, 106]
[79, 141]
[79, 172]
[18, 79]
[36, 79]
[16, 79]
[79, 177]
[6, 79]
[79, 104]
[54, 79]
[47, 79]
[50, 79]
[29, 79]
[59, 79]
[79, 98]
[28, 79]
[45, 79]
[79, 112]
[58, 79]
[31, 79]
[79, 129]
[79, 165]
[79, 148]
[22, 79]
[79, 85]
[79, 130]
[79, 163]
[79, 138]
[9, 79]
[79, 139]
[79, 110]
[79, 119]
[79, 123]
[79, 136]
[79, 96]
[79, 151]
[38, 79]
[30, 79]
[69, 79]
[79, 153]
[79, 166]
[79, 124]
[79, 99]
[79, 168]
[79, 81]
[32, 79]
[79, 86]
[48, 79]
[79, 160]
[79, 156]
[79, 121]
[79, 114]
[70, 98]
[1, 83]
[37, 83]
[63, 83]
[13, 83]
[83, 128]
[67, 83]
[83, 142]
[14, 83]
[83, 179]
[19, 83]
[27, 83]
[83, 102]
[83, 149]
[83, 117]
[39, 83]
[83, 155]
[83, 133]
[40, 83]
[17, 83]
[83, 116]
[83, 92]
[83, 93]
[2, 12]
[2, 10]
[22, 39]
[23, 39]
[13, 39]
[93, 155]
[93, 179]
[8, 93]
[23, 93]
[63, 93]
[26, 93]
[93, 128]
[93, 107]
[10, 93]
[52, 93]
[7, 93]
[3, 93]
[33, 93]
[93, 174]
[93, 115]
[35, 93]
[19, 93]
[93, 133]
[17, 93]
[43, 145]
[11, 145]
[15, 145]
[128, 145]
[26, 145]
[67, 145]
[23, 145]
[52, 145]
[2, 145]
[3, 145]
[134, 145]
[145, 174]
[145, 167]
[115, 145]
[2, 15]
[7, 35]
[11, 155]
[13, 155]
[26, 155]
[5, 155]
[63, 155]
[128, 155]
[107, 155]
[15, 155]
[23, 155]
[94, 155]
[155, 173]
[2, 155]
[7, 155]
[134, 155]
[155, 174]
[155, 167]
[78, 155]
[145, 155]
[19, 155]
[117, 155]
[116, 155]
[106, 155]
[108, 155]
[141, 155]
[155, 180]
[18, 155]
[155, 175]
[47, 155]
[155, 181]
[120, 155]
[1, 120]
[10, 120]
[23, 120]
[52, 120]
[3, 120]
[33, 120]
[35, 120]
[120, 142]
[39, 120]
[2, 120]
[27, 120]
[43, 120]
[120, 179]
[8, 120]
[7, 120]
[109, 120]
[25, 120]
[120, 133]
[120, 122]
[88, 120]
[115, 120]
[116, 120]
[120, 141]
[112, 120]
[17, 120]
[49, 120]
[6, 120]
[104, 120]
[120, 181]
[105, 120]
[120, 146]
[1, 146]
[26, 146]
[5, 146]
[63, 146]
[13, 146]
[107, 146]
[15, 146]
[66, 146]
[12, 146]
[91, 146]
[142, 146]
[39, 146]
[94, 146]
[146, 167]
[8, 146]
[64, 146]
[27, 146]
[25, 146]
[146, 174]
[93, 146]
[116, 146]
[108, 146]
[141, 146]
[17, 146]
[19, 146]
[49, 146]
[145, 146]
[47, 146]
[59, 146]
[98, 146]
[45, 146]
[6, 146]
[104, 146]
[50, 146]
[1, 50]
[26, 50]
[13, 50]
[50, 107]
[50, 67]
[50, 66]
[12, 50]
[50, 91]
[35, 50]
[50, 142]
[50, 94]
[50, 134]
[50, 167]
[50, 149]
[11, 50]
[50, 88]
[50, 93]
[50, 115]
[50, 116]
[50, 108]
[50, 141]
[50, 180]
[50, 175]
[50, 112]
[50, 117]
[19, 50]
[40, 50]
[50, 98]
[18, 50]
[50, 106]
[106, 149]
[27, 106]
[82, 106]
[7, 106]
[106, 117]
[106, 133]
[36, 106]
[6, 106]
[104, 106]
[105, 106]
[106, 125]
[9, 106]
[30, 106]
[106, 165]
[89, 106]
[53, 106]
[106, 178]
[71, 106]
[101, 106]
[106, 184]
[68, 106]
[76, 106]
[74, 106]
[18, 106]
[106, 148]
[100, 106]
[106, 129]
[106, 183]
[90, 106]
[69, 106]
[60, 106]
[48, 106]
[1, 48]
[26, 48]
[5, 48]
[4, 48]
[48, 52]
[12, 48]
[48, 91]
[33, 48]
[35, 48]
[48, 142]
[48, 94]
[2, 48]
[48, 134]
[48, 167]
[14, 48]
[25, 48]
[48, 174]
[48, 93]
[28, 48]
[48, 112]
[17, 48]
[40, 48]
[45, 48]
[48, 146]
[48, 102]
[48, 141]
[47, 48]
[19, 48]
[31, 48]
[48, 175]
[11, 48]
[48, 181]
[48, 150]
[48, 144]
[48, 131]
[48, 130]
[48, 58]
[48, 126]
[48, 135]
[48, 151]
[48, 171]
[48, 182]
[48, 168]
[29, 48]
[48, 159]
[32, 48]
[48, 158]
[48, 161]
[48, 160]
[48, 127]
[48, 123]
[48, 111]
[20, 48]
[48, 163]
[48, 80]
[48, 81]
[41, 48]
[42, 48]
[21, 48]
[48, 162]
[48, 164]
[48, 114]
[48, 152]
[48, 176]
[48, 77]
[48, 50]
[48, 99]
[48, 153]
[44, 48]
[48, 166]
[48, 105]
[48, 117]
[30, 48]
[48, 165]
[48, 89]
[48, 148]
[48, 110]
[48, 178]
[48, 71]
[48, 74]
[48, 60]
[48, 157]
[48, 143]
[48, 118]
[48, 75]
[48, 147]
[48, 104]
[48, 101]
[48, 76]
[26, 76]
[13, 76]
[76, 128]
[15, 76]
[52, 76]
[37, 76]
[3, 76]
[76, 91]
[35, 76]
[76, 142]
[39, 76]
[76, 173]
[76, 179]
[76, 167]
[8, 76]
[64, 76]
[76, 78]
[76, 109]
[14, 76]
[25, 76]
[76, 174]
[76, 122]
[76, 93]
[24, 76]
[28, 76]
[76, 116]
[17, 76]
[40, 76]
[54, 76]
[76, 146]
[76, 115]
[76, 102]
[76, 141]
[76, 120]
[31, 76]
[76, 108]
[76, 175]
[76, 150]
[76, 98]
[76, 138]
[51, 76]
[0, 76]
[46, 76]
[76, 145]
[76, 121]
[76, 113]
[7, 76]
[49, 76]
[55, 76]
[76, 96]
[76, 139]
[76, 132]
[76, 126]
[76, 151]
[76, 182]
[32, 76]
[76, 86]
[76, 155]
[57, 76]
[76, 133]
[76, 144]
[6, 76]
[9, 76]
[53, 76]
[76, 129]
[36, 76]
[76, 161]
[76, 123]
[76, 163]
[76, 162]
[76, 114]
[50, 76]
[76, 99]
[76, 140]
[76, 153]
[76, 127]
[76, 105]
[76, 77]
[76, 117]
[76, 84]
[76, 152]
[30, 76]
[76, 165]
[76, 148]
[73, 76]
[76, 178]
[71, 76]
[74, 76]
[76, 157]
[76, 143]
[76, 118]
[76, 79]
[75, 76]
[1, 75]
[4, 75]
[13, 75]
[75, 128]
[75, 107]
[52, 75]
[12, 75]
[75, 91]
[33, 75]
[39, 75]
[75, 173]
[2, 75]
[8, 75]
[75, 78]
[14, 75]
[75, 174]
[75, 122]
[75, 93]
[28, 75]
[17, 75]
[40, 75]
[59, 75]
[70, 75]
[75, 88]
[75, 141]
[75, 175]
[11, 75]
[75, 150]
[16, 75]
[75, 87]
[51, 75]
[22, 75]
[0, 75]
[46, 75]
[75, 137]
[75, 145]
[75, 121]
[75, 154]
[75, 124]
[75, 149]
[75, 82]
[7, 75]
[75, 85]
[49, 75]
[55, 75]
[75, 131]
[75, 112]
[58, 75]
[75, 135]
[75, 168]
[75, 159]
[32, 75]
[57, 75]
[75, 169]
[75, 144]
[9, 75]
[53, 75]
[27, 75]
[62, 75]
[61, 75]
[56, 75]
[75, 161]
[75, 100]
[75, 90]
[75, 80]
[75, 162]
[75, 106]
[75, 136]
[21, 75]
[75, 166]
[68, 75]
[75, 127]
[75, 77]
[75, 117]
[75, 84]
[75, 152]
[75, 165]
[75, 89]
[75, 110]
[60, 75]
[73, 75]
[71, 75]
[74, 75]
[75, 143]
[75, 118]
[75, 79]
[57, 79]
[79, 169]
[56, 79]
[8, 14]
[3, 10]
[3, 66]
[3, 12]
[26, 91]
[1, 91]
[91, 107]
[67, 91]
[10, 91]
[15, 91]
[66, 91]
[52, 91]
[12, 91]
[3, 33]
[10, 33]
[39, 67]
[1, 33]
[67, 86]
[5, 86]
[15, 33]
[33, 66]
[33, 52]
[12, 33]
[33, 91]
[33, 35]
[33, 142]
[1, 39]
[39, 128]
[39, 66]
[37, 39]
[12, 39]
[39, 91]
[33, 39]
[3, 94]
[27, 40]
[7, 128]
[7, 10]
[8, 10]
[8, 63]
[8, 67]
[8, 66]
[8, 52]
[8, 142]
[8, 173]
[7, 107]
[7, 67]
[7, 66]
[7, 142]
[7, 94]
[7, 179]
[7, 19]
[3, 19]
[8, 39]
[2, 39]
[54, 83]
[31, 83]
[25, 31]
[24, 31]
[11, 54]
[7, 54]
[7, 39]
[39, 179]
[22, 172]
[14, 172]
[91, 173]
[5, 54]
[8, 91]
[10, 59]
[5, 59]
[19, 91]
[7, 91]
[92, 182]
[142, 182]
[23, 182]
[66, 182]
[5, 182]
[1, 182]
[28, 182]
[63, 182]
[52, 182]
[25, 182]
[120, 182]
[12, 182]
[94, 182]
[146, 182]
[2, 182]
[179, 182]
[7, 182]
[91, 182]
[134, 182]
[78, 182]
[40, 182]
[115, 182]
[102, 182]
[11, 182]
[145, 182]
[122, 182]
[93, 182]
[59, 182]
[141, 182]
[47, 182]
[175, 182]
[98, 182]
[38, 182]
[0, 182]
[46, 182]
[121, 182]
[83, 182]
[156, 182]
[139, 182]
[131, 182]
[112, 182]
[135, 182]
[171, 182]
[26, 137]
[5, 137]
[63, 137]
[10, 137]
[66, 137]
[52, 137]
[14, 137]
[109, 137]
[94, 137]
[137, 179]
[8, 137]
[3, 137]
[39, 137]
[7, 137]
[33, 137]
[43, 137]
[137, 174]
[40, 137]
[122, 137]
[116, 137]
[88, 137]
[137, 180]
[47, 137]
[137, 138]
[87, 137]
[33, 94]
[5, 134]
[26, 134]
[1, 134]
[27, 138]
[27, 126]
[27, 145]
[27, 54]
[27, 31]
[27, 38]
[27, 49]
[27, 121]
[27, 131]
[27, 112]
[27, 135]
[27, 171]
[27, 168]
[27, 159]
[27, 125]
[27, 53]
[27, 60]
[27, 57]
[27, 99]
[27, 153]
[27, 110]
[27, 160]
[27, 157]
[27, 127]
[27, 147]
[27, 97]
[0, 27]
[27, 184]
[27, 183]
[27, 130]
[27, 32]
[27, 129]
[27, 123]
[27, 143]
[27, 111]
[27, 74]
[27, 181]
[27, 41]
[27, 42]
[27, 100]
[27, 90]
[27, 162]
[27, 164]
[27, 44]
[27, 77]
[27, 89]
[27, 96]
[27, 45]
[12, 22]
[24, 158]
[14, 115]
[11, 14]
[7, 18]
[8, 18]
[18, 63]
[83, 137]
[83, 175]
[83, 88]
[83, 105]
[83, 144]
[83, 177]
[83, 172]
[59, 83]
[18, 83]
[47, 83]
[23, 167]
[22, 23]
[4, 22]
[16, 18]
[18, 128]
[3, 115]
[3, 18]
[18, 35]
[35, 115]
[13, 115]
[26, 115]
[18, 142]
[8, 115]
[18, 173]
[2, 115]
[1, 115]
[155, 164]
[67, 108]
[13, 108]
[37, 108]
[1, 108]
[63, 108]
[23, 108]
[108, 142]
[94, 108]
[2, 108]
[8, 108]
[10, 108]
[12, 108]
[35, 108]
[91, 108]
[11, 108]
[7, 108]
[43, 108]
[108, 167]
[108, 174]
[108, 149]
[33, 108]
[108, 117]
[108, 109]
[108, 116]
[102, 108]
[108, 180]
[67, 134]
[173, 177]
[94, 177]
[13, 134]
[25, 164]
[134, 164]
[134, 142]
[3, 164]
[142, 164]
[13, 164]
[1, 164]
[128, 164]
[107, 164]
[94, 164]
[2, 164]
[35, 164]
[91, 164]
[82, 164]
[5, 164]
[52, 164]
[149, 164]
[39, 164]
[117, 164]
[133, 164]
[115, 164]
[43, 164]
[78, 164]
[164, 174]
[145, 164]
[116, 164]
[17, 164]
[93, 164]
[164, 180]
[141, 164]
[6, 164]
[58, 164]
[29, 164]
[16, 164]
[144, 164]
[59, 164]
[92, 164]
[47, 164]
[125, 164]
[98, 164]
[49, 164]
[51, 164]
[80, 164]
[151, 164]
[124, 164]
[20, 164]
[54, 164]
[30, 164]
[161, 164]
[60, 164]
[156, 164]
[139, 164]
[132, 164]
[118, 164]
[164, 169]
[164, 181]
[45, 164]
[31, 164]
[121, 164]
[164, 184]
[112, 164]
[164, 168]
[57, 164]
[160, 164]
[127, 164]
[104, 164]
[71, 164]
[22, 164]
[100, 164]
[162, 164]
[13, 177]
[1, 177]
[128, 177]
[107, 177]
[142, 177]
[2, 177]
[12, 177]
[3, 177]
[91, 177]
[5, 177]
[66, 177]
[14, 177]
[52, 177]
[149, 177]
[39, 177]
[155, 177]
[115, 177]
[11, 177]
[7, 177]
[19, 177]
[174, 177]
[40, 177]
[116, 177]
[93, 177]
[177, 180]
[108, 177]
[6, 177]
[29, 177]
[146, 177]
[137, 177]
[105, 177]
[144, 177]
[39, 134]
[10, 134]
[2, 134]
[12, 134]
[83, 132]
[80, 83]
[80, 126]
[28, 80]
[80, 94]
[80, 142]
[80, 107]
[13, 80]
[80, 168]
[168, 180]
[64, 168]
[107, 168]
[128, 168]
[126, 128]
[63, 126]
[13, 126]
[37, 168]
[13, 168]
[23, 168]
[10, 168]
[12, 168]
[35, 168]
[91, 168]
[15, 168]
[14, 168]
[7, 168]
[25, 168]
[109, 168]
[134, 168]
[28, 168]
[115, 168]
[11, 168]
[78, 168]
[19, 168]
[167, 168]
[40, 168]
[24, 168]
[145, 168]
[116, 168]
[117, 168]
[102, 168]
[146, 168]
[120, 168]
[108, 168]
[122, 168]
[87, 168]
[46, 168]
[168, 172]
[83, 168]
[131, 168]
[98, 168]
[49, 168]
[124, 168]
[154, 168]
[168, 181]
[38, 168]
[121, 168]
[0, 168]
[112, 168]
[22, 168]
[130, 168]
[97, 168]
[6, 168]
[29, 168]
[105, 168]
[125, 168]
[50, 168]
[20, 168]
[163, 168]
[161, 168]
[86, 168]
[168, 169]
[45, 168]
[36, 168]
[159, 168]
[168, 184]
[35, 126]
[126, 142]
[94, 126]
[126, 173]
[3, 126]
[15, 126]
[66, 126]
[14, 126]
[52, 126]
[126, 155]
[126, 179]
[109, 126]
[126, 134]
[115, 126]
[78, 126]
[126, 174]
[40, 126]
[117, 126]
[102, 126]
[126, 146]
[126, 137]
[126, 133]
[108, 126]
[126, 175]
[122, 126]
[87, 126]
[46, 126]
[126, 141]
[58, 126]
[16, 126]
[8, 134]
[35, 134]
[3, 134]
[17, 179]
[59, 64]
[15, 134]
[52, 134]
[23, 78]
[78, 128]
[34, 128]
[34, 63]
[7, 134]
[2, 149]
[37, 149]
[15, 30]
[30, 128]
[94, 149]
[30, 63]
[30, 31]
[30, 35]
[30, 67]
[30, 142]
[29, 30]
[30, 40]
[29, 40]
[17, 29]
[17, 56]
[24, 56]
[4, 56]
[30, 37]
[14, 29]
[29, 173]
[29, 31]
[31, 33]
[31, 63]
[12, 30]
[30, 94]
[29, 35]
[29, 52]
[13, 102]
[26, 87]
[63, 87]
[8, 172]
[8, 47]
[29, 43]
[23, 43]
[43, 91]
[15, 43]
[33, 43]
[19, 43]
[43, 173]
[39, 43]
[43, 134]
[43, 52]
[43, 172]
[43, 47]
[43, 66]
[3, 43]
[12, 43]
[37, 43]
[167, 179]
[172, 179]
[43, 142]
[35, 43]
[7, 43]
[5, 43]
[63, 167]
[139, 173]
[10, 139]
[10, 49]
[23, 49]
[49, 91]
[121, 139]
[49, 139]
[15, 139]
[63, 139]
[1, 139]
[26, 139]
[144, 151]
[23, 151]
[63, 151]
[10, 151]
[94, 151]
[39, 151]
[13, 151]
[52, 151]
[66, 151]
[2, 151]
[37, 151]
[91, 151]
[109, 151]
[33, 151]
[64, 151]
[120, 151]
[83, 151]
[19, 151]
[12, 151]
[67, 151]
[35, 151]
[142, 151]
[8, 151]
[149, 151]
[126, 151]
[47, 151]
[43, 151]
[133, 151]
[137, 151]
[87, 151]
[46, 151]
[92, 151]
[135, 151]
[49, 151]
[78, 151]
[151, 180]
[151, 175]
[122, 151]
[59, 151]
[131, 151]
[151, 154]
[38, 151]
[121, 151]
[96, 151]
[18, 151]
[50, 151]
[54, 151]
[115, 151]
[151, 174]
[116, 151]
[29, 151]
[98, 151]
[55, 151]
[93, 172]
[93, 141]
[88, 93]
[58, 93]
[16, 93]
[6, 93]
[93, 130]
[31, 93]
[52, 167]
[33, 167]
[66, 167]
[8, 167]
[8, 117]
[167, 173]
[44, 105]
[35, 167]
[5, 167]
[107, 167]
[23, 102]
[21, 23]
[4, 21]
[10, 102]
[102, 128]
[10, 11]
[102, 179]
[14, 16]
[14, 102]
[102, 107]
[20, 83]
[11, 23]
[2, 11]
[11, 15]
[3, 11]
[11, 67]
[11, 134]
[11, 52]
[11, 66]
[11, 33]
[11, 142]
[25, 102]
[3, 22]
[47, 117]
[5, 47]
[64, 102]
[1, 22]
[102, 134]
[22, 63]
[33, 102]
[102, 109]
[5, 16]
[29, 179]
[29, 107]
[102, 145]
[136, 153]
[19, 134]
[80, 125]
[13, 125]
[12, 125]
[63, 125]
[1, 125]
[26, 125]
[125, 128]
[39, 125]
[83, 125]
[8, 125]
[125, 167]
[120, 125]
[102, 125]
[125, 145]
[19, 125]
[125, 141]
[47, 125]
[59, 125]
[38, 125]
[5, 125]
[107, 125]
[15, 125]
[125, 146]
[14, 125]
[125, 159]
[49, 125]
[125, 142]
[43, 125]
[125, 172]
[125, 126]
[87, 125]
[46, 125]
[8, 17]
[17, 145]
[17, 59]
[17, 49]
[17, 43]
[17, 172]
[17, 87]
[17, 18]
[17, 55]
[17, 105]
[17, 130]
[17, 97]
[17, 110]
[17, 90]
[17, 113]
[17, 121]
[17, 30]
[17, 162]
[17, 44]
[17, 183]
[17, 34]
[17, 166]
[17, 111]
[17, 176]
[82, 176]
[12, 176]
[10, 176]
[23, 176]
[15, 176]
[5, 176]
[27, 176]
[94, 176]
[33, 176]
[155, 176]
[3, 176]
[2, 176]
[66, 176]
[84, 176]
[167, 176]
[70, 176]
[24, 176]
[28, 176]
[7, 176]
[19, 176]
[102, 176]
[145, 176]
[176, 179]
[8, 176]
[133, 176]
[47, 176]
[117, 176]
[79, 176]
[83, 176]
[132, 176]
[176, 182]
[159, 176]
[135, 176]
[46, 176]
[80, 176]
[88, 176]
[78, 176]
[116, 176]
[137, 176]
[49, 176]
[93, 176]
[172, 176]
[176, 177]
[131, 176]
[18, 176]
[50, 176]
[105, 176]
[153, 176]
[157, 176]
[176, 181]
[36, 176]
[90, 176]
[92, 176]
[113, 176]
[51, 176]
[154, 176]
[121, 176]
[22, 176]
[74, 176]
[162, 176]
[130, 176]
[97, 176]
[96, 176]
[164, 176]
[176, 183]
[111, 176]
[81, 176]
[62, 176]
[1, 62]
[26, 62]
[4, 62]
[62, 95]
[62, 63]
[10, 62]
[23, 62]
[35, 62]
[13, 62]
[14, 62]
[62, 107]
[15, 62]
[5, 62]
[27, 62]
[62, 173]
[62, 155]
[37, 62]
[3, 62]
[2, 62]
[62, 66]
[62, 91]
[62, 84]
[62, 167]
[62, 70]
[24, 62]
[28, 62]
[19, 62]
[62, 179]
[62, 117]
[62, 132]
[62, 120]
[62, 141]
[16, 62]
[38, 62]
[62, 126]
[62, 80]
[40, 62]
[62, 149]
[62, 78]
[62, 137]
[62, 174]
[49, 62]
[62, 93]
[62, 87]
[62, 177]
[62, 153]
[62, 181]
[62, 90]
[51, 62]
[62, 175]
[62, 154]
[62, 121]
[30, 62]
[53, 62]
[62, 118]
[62, 160]
[62, 162]
[62, 97]
[62, 96]
[44, 62]
[32, 62]
[62, 129]
[62, 111]
[62, 81]
[67, 81]
[13, 81]
[14, 81]
[81, 107]
[33, 81]
[37, 81]
[3, 81]
[2, 81]
[39, 81]
[81, 91]
[81, 167]
[24, 81]
[28, 81]
[7, 81]
[81, 109]
[81, 102]
[81, 179]
[81, 133]
[81, 116]
[81, 174]
[81, 132]
[81, 120]
[81, 141]
[38, 81]
[81, 126]
[81, 159]
[81, 135]
[81, 146]
[81, 125]
[59, 81]
[81, 88]
[78, 81]
[81, 137]
[81, 93]
[81, 172]
[18, 81]
[81, 105]
[81, 161]
[31, 81]
[81, 110]
[81, 90]
[81, 113]
[51, 81]
[81, 144]
[81, 175]
[81, 154]
[81, 121]
[30, 81]
[60, 81]
[81, 160]
[74, 81]
[81, 162]
[81, 164]
[81, 183]
[34, 81]
[21, 81]
[81, 129]
[1, 129]
[63, 129]
[23, 129]
[67, 129]
[13, 129]
[14, 129]
[129, 142]
[52, 129]
[94, 129]
[33, 129]
[129, 155]
[3, 129]
[2, 129]
[39, 129]
[129, 167]
[11, 129]
[129, 145]
[108, 129]
[117, 129]
[129, 182]
[16, 129]
[80, 129]
[129, 151]
[40, 129]
[24, 129]
[7, 129]
[109, 129]
[129, 149]
[129, 141]
[38, 129]
[126, 129]
[78, 129]
[129, 137]
[129, 177]
[129, 131]
[129, 181]
[36, 129]
[129, 130]
[129, 166]
[58, 129]
[29, 129]
[99, 129]
[104, 129]
[129, 139]
[123, 129]
[120, 177]
[50, 177]
[92, 177]
[102, 142]
[66, 102]
[64, 150]
[24, 150]
[150, 151]
[25, 150]
[129, 150]
[62, 150]
[57, 64]
[64, 178]
[51, 64]
[64, 71]
[64, 130]
[64, 161]
[64, 111]
[20, 64]
[29, 64]
[64, 103]
[64, 65]
[58, 64]
[64, 77]
[64, 147]
[64, 72]
[31, 64]
[64, 148]
[64, 139]
[64, 96]
[64, 143]
[64, 89]
[64, 90]
[32, 64]
[64, 124]
[115, 173]
[22, 173]
[8, 22]
[10, 115]
[117, 145]
[14, 145]
[33, 115]
[33, 78]
[125, 137]
[12, 98]
[35, 98]
[5, 98]
[98, 126]
[83, 98]
[98, 109]
[98, 108]
[98, 173]
[98, 107]
[7, 98]
[98, 167]
[98, 137]
[98, 177]
[62, 98]
[98, 145]
[98, 115]
[80, 98]
[98, 127]
[15, 115]
[107, 115]
[66, 115]
[94, 115]
[39, 115]
[115, 167]
[52, 115]
[26, 178]
[1, 178]
[26, 88]
[104, 150]
[1, 88]
[150, 169]
[63, 88]
[21, 150]
[88, 109]
[68, 150]
[8, 88]
[88, 108]
[23, 88]
[10, 88]
[30, 108]
[8, 30]
[8, 32]
[32, 155]
[30, 155]
[28, 30]
[30, 39]
[30, 109]
[30, 93]
[30, 107]
[30, 126]
[30, 134]
[30, 167]
[30, 125]
[7, 30]
[30, 137]
[30, 88]
[30, 177]
[30, 163]
[30, 145]
[9, 30]
[30, 100]
[30, 115]
[30, 57]
[30, 78]
[30, 141]
[30, 49]
[30, 98]
[30, 153]
[30, 56]
[30, 86]
[30, 165]
[30, 46]
[30, 97]
[30, 159]
[30, 112]
[30, 156]
[30, 116]
[30, 135]
[30, 92]
[30, 138]
[30, 51]
[30, 171]
[30, 161]
[20, 30]
[30, 103]
[30, 147]
[30, 72]
[30, 139]
[30, 124]
[30, 87]
[30, 99]
[30, 129]
[30, 133]
[30, 104]
[30, 169]
[21, 30]
[30, 68]
[30, 181]
[0, 30]
[30, 55]
[30, 69]
[30, 74]
[30, 151]
[22, 30]
[30, 140]
[30, 105]
[30, 45]
[25, 130]
[15, 130]
[3, 130]
[4, 130]
[1, 130]
[37, 130]
[130, 164]
[35, 130]
[2, 130]
[23, 130]
[83, 130]
[94, 130]
[66, 130]
[52, 130]
[102, 130]
[11, 130]
[130, 131]
[33, 130]
[43, 130]
[19, 130]
[117, 130]
[47, 130]
[120, 130]
[130, 158]
[59, 130]
[12, 130]
[36, 130]
[38, 130]
[130, 154]
[31, 130]
[29, 130]
[58, 130]
[127, 130]
[130, 142]
[123, 130]
[114, 130]
[130, 155]
[109, 130]
[8, 130]
[39, 130]
[130, 134]
[130, 167]
[125, 130]
[7, 130]
[32, 130]
[130, 137]
[130, 163]
[115, 130]
[78, 130]
[130, 141]
[116, 130]
[130, 135]
[92, 130]
[51, 130]
[124, 130]
[153, 179]
[15, 153]
[23, 153]
[146, 153]
[153, 182]
[63, 153]
[10, 153]
[83, 153]
[94, 153]
[14, 153]
[66, 153]
[102, 153]
[33, 153]
[40, 153]
[128, 153]
[43, 153]
[153, 162]
[19, 153]
[117, 153]
[153, 158]
[59, 153]
[31, 153]
[58, 153]
[25, 153]
[60, 153]
[153, 180]
[118, 153]
[71, 153]
[90, 153]
[28, 153]
[127, 153]
[8, 153]
[134, 153]
[153, 167]
[125, 153]
[7, 153]
[148, 153]
[88, 153]
[153, 177]
[153, 163]
[115, 153]
[141, 153]
[49, 153]
[98, 153]
[5, 122]
[37, 122]
[35, 122]
[13, 122]
[3, 122]
[2, 122]
[23, 122]
[10, 122]
[94, 122]
[66, 122]
[11, 122]
[80, 122]
[33, 122]
[40, 122]
[43, 122]
[19, 122]
[117, 122]
[122, 158]
[59, 122]
[38, 122]
[58, 122]
[5, 175]
[67, 175]
[1, 175]
[2, 175]
[10, 175]
[15, 175]
[94, 175]
[52, 175]
[91, 175]
[80, 175]
[33, 175]
[40, 175]
[128, 175]
[43, 175]
[162, 175]
[59, 175]
[38, 175]
[154, 175]
[52, 102]
[11, 131]
[26, 131]
[28, 162]
[28, 60]
[28, 118]
[131, 142]
[38, 142]
[127, 142]
[80, 167]
[19, 33]
[25, 80]
[80, 182]
[80, 132]
[80, 146]
[5, 117]
[35, 117]
[37, 117]
[1, 117]
[2, 117]
[66, 117]
[91, 117]
[19, 117]
[59, 117]
[7, 59]
[15, 80]
[27, 56]
[41, 128]
[24, 136]
[23, 136]
[106, 136]
[82, 136]
[1, 136]
[70, 136]
[67, 136]
[37, 136]
[136, 168]
[136, 146]
[84, 136]
[17, 136]
[81, 136]
[94, 136]
[14, 136]
[136, 179]
[25, 136]
[64, 136]
[83, 136]
[136, 155]
[109, 136]
[8, 136]
[107, 136]
[136, 176]
[2, 136]
[52, 136]
[91, 136]
[19, 136]
[80, 136]
[36, 136]
[102, 136]
[33, 136]
[136, 154]
[11, 136]
[43, 136]
[131, 136]
[18, 136]
[136, 151]
[38, 136]
[118, 136]
[88, 136]
[136, 163]
[78, 136]
[136, 138]
[129, 136]
[49, 136]
[135, 136]
[87, 136]
[136, 139]
[136, 166]
[133, 136]
[57, 136]
[21, 136]
[22, 136]
[42, 136]
[136, 140]
[45, 136]
[53, 136]
[60, 136]
[136, 137]
[122, 136]
[56, 136]
[136, 175]
[136, 165]
[136, 148]
[116, 136]
[136, 178]
[44, 136]
[73, 136]
[136, 147]
[110, 136]
[20, 136]
[114, 136]
[68, 136]
[74, 136]
[65, 136]
[111, 136]
[136, 156]
[30, 136]
[136, 150]
[113, 136]
[23, 80]
[3, 80]
[80, 173]
[5, 80]
[80, 91]
[13, 59]
[1, 59]
[12, 59]
[15, 59]
[59, 94]
[11, 19]
[11, 80]
[11, 117]
[59, 179]
[2, 59]
[59, 66]
[58, 142]
[59, 167]
[39, 59]
[59, 128]
[59, 80]
[36, 182]
[27, 36]
[36, 132]
[36, 108]
[19, 40]
[136, 183]
[136, 142]
[124, 136]
[100, 136]
[69, 136]
[8, 45]
[19, 59]
[40, 179]
[36, 83]
[162, 177]
[90, 177]
[41, 177]
[26, 41]
[4, 41]
[81, 114]
[114, 164]
[26, 114]
[82, 114]
[70, 114]
[35, 114]
[114, 146]
[3, 114]
[84, 114]
[114, 173]
[114, 179]
[114, 176]
[2, 114]
[27, 114]
[114, 132]
[83, 114]
[12, 114]
[28, 114]
[93, 114]
[24, 114]
[114, 120]
[107, 114]
[39, 114]
[62, 114]
[108, 114]
[114, 117]
[114, 167]
[19, 114]
[7, 114]
[102, 114]
[80, 114]
[114, 134]
[114, 151]
[114, 129]
[33, 114]
[43, 114]
[114, 127]
[114, 145]
[58, 114]
[50, 114]
[114, 177]
[97, 114]
[46, 114]
[92, 114]
[114, 160]
[114, 152]
[29, 114]
[31, 114]
[114, 181]
[114, 121]
[114, 115]
[114, 159]
[89, 114]
[114, 143]
[104, 114]
[0, 114]
[72, 114]
[34, 114]
[78, 114]
[114, 118]
[38, 114]
[114, 139]
[114, 133]
[53, 114]
[60, 114]
[114, 122]
[114, 175]
[114, 165]
[73, 114]
[88, 114]
[110, 114]
[114, 138]
[37, 41]
[41, 168]
[13, 41]
[41, 146]
[3, 41]
[23, 41]
[41, 173]
[14, 41]
[41, 179]
[41, 176]
[41, 182]
[41, 132]
[12, 41]
[41, 155]
[8, 41]
[41, 93]
[41, 52]
[41, 120]
[41, 107]
[41, 108]
[41, 117]
[41, 167]
[24, 41]
[41, 91]
[41, 59]
[41, 80]
[36, 41]
[41, 126]
[40, 41]
[41, 90]
[41, 131]
[41, 58]
[41, 50]
[41, 96]
[41, 98]
[29, 41]
[31, 41]
[41, 153]
[41, 116]
[41, 129]
[41, 97]
[41, 99]
[41, 105]
[41, 152]
[9, 41]
[41, 157]
[41, 169]
[41, 181]
[41, 159]
[41, 86]
[41, 89]
[41, 143]
[0, 41]
[41, 184]
[34, 41]
[51, 83]
[28, 51]
[51, 59]
[51, 123]
[51, 148]
[51, 80]
[36, 51]
[18, 66]
[5, 18]
[43, 176]
[43, 117]
[33, 154]
[33, 172]
[33, 141]
[33, 46]
[33, 158]
[33, 49]
[33, 160]
[33, 54]
[33, 104]
[33, 118]
[33, 38]
[33, 68]
[33, 156]
[33, 140]
[33, 90]
[33, 166]
[63, 166]
[67, 166]
[13, 166]
[146, 166]
[23, 166]
[5, 166]
[2, 166]
[15, 166]
[132, 166]
[10, 166]
[155, 166]
[39, 166]
[52, 166]
[64, 166]
[128, 166]
[102, 166]
[11, 166]
[18, 166]
[162, 166]
[145, 166]
[126, 166]
[25, 166]
[166, 167]
[91, 166]
[28, 166]
[131, 166]
[43, 166]
[151, 166]
[166, 174]
[58, 166]
[34, 166]
[163, 166]
[166, 177]
[97, 166]
[38, 166]
[141, 166]
[158, 166]
[49, 166]
[149, 166]
[45, 166]
[143, 166]
[42, 166]
[46, 166]
[92, 166]
[118, 166]
[140, 166]
[90, 166]
[111, 166]
[99, 166]
[69, 166]
[73, 166]
[137, 166]
[114, 166]
[142, 166]
[59, 166]
[148, 166]
[36, 166]
[119, 166]
[72, 166]
[110, 166]
[56, 166]
[105, 166]
[133, 166]
[157, 166]
[16, 166]
[31, 166]
[20, 166]
[96, 166]
[21, 166]
[147, 166]
[166, 181]
[1, 181]
[67, 181]
[37, 181]
[3, 181]
[23, 181]
[173, 181]
[94, 181]
[179, 181]
[5, 181]
[15, 181]
[132, 181]
[10, 181]
[12, 181]
[109, 181]
[39, 181]
[108, 181]
[83, 181]
[102, 181]
[25, 181]
[8, 181]
[40, 181]
[91, 181]
[125, 181]
[131, 181]
[127, 181]
[43, 181]
[174, 181]
[58, 181]
[53, 181]
[138, 181]
[177, 181]
[97, 181]
[88, 181]
[38, 181]
[158, 181]
[115, 181]
[149, 181]
[42, 181]
[46, 181]
[92, 181]
[118, 181]
[68, 181]
[153, 181]
[33, 181]
[99, 181]
[47, 181]
[148, 181]
[80, 181]
[72, 181]
[57, 181]
[110, 181]
[105, 181]
[86, 181]
[133, 181]
[16, 181]
[31, 181]
[51, 181]
[130, 181]
[171, 181]
[181, 184]
[22, 181]
[56, 181]
[135, 181]
[87, 181]
[35, 87]
[87, 146]
[87, 173]
[14, 87]
[87, 179]
[66, 87]
[10, 87]
[12, 87]
[87, 109]
[87, 102]
[8, 87]
[40, 87]
[87, 91]
[87, 120]
[87, 134]
[87, 127]
[43, 87]
[50, 87]
[58, 87]
[87, 97]
[49, 87]
[87, 92]
[54, 87]
[87, 167]
[59, 87]
[87, 154]
[78, 87]
[87, 143]
[87, 159]
[87, 172]
[87, 123]
[74, 87]
[87, 147]
[87, 111]
[87, 160]
[20, 87]
[87, 153]
[87, 158]
[87, 90]
[87, 96]
[87, 118]
[87, 104]
[33, 87]
[45, 87]
[57, 87]
[87, 110]
[87, 133]
[31, 87]
[87, 135]
[34, 87]
[87, 175]
[87, 112]
[87, 180]
[60, 87]
[42, 87]
[61, 87]
[87, 114]
[87, 156]
[87, 161]
[87, 144]
[6, 87]
[87, 105]
[87, 184]
[22, 87]
[87, 178]
[80, 87]
[36, 87]
[72, 87]
[32, 87]
[87, 103]
[21, 87]
[87, 100]
[26, 100]
[67, 100]
[13, 100]
[3, 100]
[23, 100]
[81, 100]
[100, 176]
[52, 100]
[100, 145]
[100, 126]
[25, 100]
[93, 100]
[7, 100]
[100, 125]
[29, 100]
[100, 117]
[100, 177]
[100, 182]
[100, 141]
[100, 129]
[46, 100]
[83, 100]
[98, 100]
[100, 122]
[100, 138]
[100, 115]
[47, 100]
[100, 165]
[100, 171]
[99, 100]
[19, 100]
[35, 100]
[100, 173]
[100, 179]
[12, 100]
[100, 109]
[100, 102]
[91, 100]
[100, 120]
[100, 134]
[43, 100]
[58, 100]
[100, 157]
[100, 132]
[100, 167]
[100, 151]
[100, 166]
[100, 148]
[86, 100]
[41, 100]
[78, 100]
[100, 159]
[100, 153]
[97, 100]
[90, 100]
[100, 118]
[74, 100]
[33, 100]
[71, 100]
[100, 147]
[55, 100]
[53, 100]
[100, 101]
[0, 100]
[100, 152]
[100, 183]
[100, 133]
[45, 100]
[100, 113]
[100, 135]
[96, 100]
[57, 100]
[100, 175]
[100, 112]
[61, 100]
[34, 100]
[51, 100]
[6, 100]
[100, 105]
[22, 100]
[100, 178]
[80, 100]
[72, 100]
[21, 100]
[100, 144]
[32, 100]
[100, 103]
[1, 103]
[26, 103]
[82, 103]
[4, 103]
[103, 170]
[3, 103]
[84, 103]
[5, 103]
[2, 103]
[52, 103]
[103, 128]
[25, 103]
[7, 103]
[103, 125]
[29, 103]
[28, 103]
[18, 103]
[103, 141]
[83, 103]
[103, 122]
[38, 103]
[103, 163]
[88, 103]
[89, 103]
[103, 165]
[35, 103]
[103, 146]
[103, 173]
[10, 103]
[40, 103]
[91, 103]
[103, 120]
[43, 103]
[103, 157]
[92, 103]
[103, 167]
[73, 103]
[56, 103]
[41, 103]
[50, 103]
[78, 103]
[103, 159]
[103, 153]
[103, 158]
[90, 103]
[59, 103]
[103, 135]
[60, 103]
[24, 103]
[103, 129]
[99, 103]
[103, 121]
[103, 151]
[74, 103]
[103, 160]
[103, 104]
[103, 147]
[103, 174]
[103, 149]
[53, 103]
[101, 103]
[16, 103]
[103, 181]
[103, 119]
[54, 103]
[103, 183]
[103, 112]
[36, 103]
[51, 103]
[103, 178]
[80, 103]
[65, 103]
[34, 103]
[103, 136]
[136, 161]
[55, 136]
[1, 55]
[55, 63]
[55, 67]
[23, 55]
[55, 94]
[15, 55]
[55, 155]
[55, 107]
[52, 55]
[11, 55]
[55, 93]
[29, 55]
[28, 55]
[18, 55]
[55, 177]
[55, 108]
[55, 83]
[55, 98]
[38, 55]
[55, 115]
[55, 171]
[35, 55]
[55, 146]
[55, 173]
[14, 55]
[55, 179]
[55, 66]
[10, 55]
[12, 55]
[40, 55]
[55, 58]
[55, 157]
[55, 132]
[55, 130]
[55, 92]
[55, 167]
[55, 86]
[41, 55]
[55, 154]
[55, 127]
[55, 78]
[55, 153]
[55, 123]
[55, 118]
[55, 59]
[55, 142]
[31, 55]
[55, 135]
[55, 96]
[55, 114]
[55, 57]
[55, 180]
[55, 129]
[55, 139]
[55, 99]
[55, 140]
[44, 55]
[55, 104]
[55, 69]
[55, 181]
[42, 55]
[36, 55]
[55, 80]
[55, 65]
[53, 55]
[16, 55]
[55, 61]
[55, 152]
[54, 55]
[6, 55]
[55, 105]
[34, 55]
[55, 150]
[55, 161]
[26, 161]
[82, 161]
[70, 161]
[67, 161]
[3, 161]
[84, 161]
[94, 161]
[5, 161]
[2, 161]
[15, 161]
[107, 161]
[39, 161]
[11, 161]
[93, 161]
[7, 161]
[29, 161]
[28, 161]
[117, 161]
[18, 161]
[141, 161]
[83, 161]
[9, 161]
[98, 161]
[116, 161]
[131, 161]
[88, 161]
[89, 161]
[161, 171]
[35, 161]
[161, 173]
[66, 161]
[10, 161]
[8, 161]
[40, 161]
[58, 161]
[130, 161]
[161, 167]
[41, 161]
[154, 161]
[111, 161]
[137, 161]
[153, 161]
[123, 161]
[97, 161]
[59, 161]
[135, 161]
[24, 161]
[129, 161]
[68, 161]
[74, 161]
[133, 161]
[112, 161]
[110, 161]
[51, 161]
[161, 163]
[157, 161]
[148, 161]
[86, 161]
[127, 161]
[118, 161]
[72, 161]
[156, 161]
[161, 181]
[161, 183]
[42, 161]
[36, 161]
[65, 161]
[77, 161]
[61, 161]
[6, 161]
[149, 161]
[101, 161]
[21, 161]
[152, 161]
[45, 161]
[1, 45]
[26, 45]
[4, 45]
[37, 45]
[13, 45]
[17, 45]
[23, 45]
[45, 94]
[45, 176]
[5, 45]
[45, 107]
[39, 45]
[45, 52]
[45, 128]
[25, 45]
[45, 93]
[7, 45]
[29, 45]
[45, 117]
[18, 45]
[45, 177]
[45, 46]
[45, 83]
[9, 45]
[45, 116]
[45, 122]
[45, 138]
[38, 45]
[45, 89]
[19, 45]
[35, 45]
[45, 173]
[45, 66]
[45, 109]
[45, 102]
[40, 45]
[45, 91]
[45, 134]
[45, 132]
[45, 92]
[45, 78]
[45, 143]
[45, 159]
[45, 90]
[45, 59]
[45, 142]
[45, 175]
[45, 74]
[45, 124]
[45, 147]
[45, 112]
[45, 163]
[45, 73]
[45, 158]
[45, 151]
[44, 45]
[45, 104]
[24, 97]
[97, 177]
[127, 182]
[2, 47]
[31, 177]
[47, 63]
[1, 47]
[43, 92]
[92, 120]
[92, 108]
[47, 92]
[92, 172]
[50, 92]
[92, 131]
[88, 92]
[92, 171]
[57, 92]
[92, 163]
[92, 97]
[31, 92]
[92, 121]
[59, 92]
[68, 92]
[92, 157]
[20, 92]
[92, 175]
[46, 92]
[92, 138]
[92, 143]
[92, 144]
[38, 92]
[92, 96]
[92, 153]
[92, 99]
[92, 160]
[60, 92]
[92, 104]
[56, 92]
[92, 165]
[42, 92]
[77, 92]
[6, 92]
[22, 92]
[92, 152]
[90, 92]
[92, 124]
[73, 92]
[74, 92]
[61, 92]
[86, 92]
[92, 180]
[92, 183]
[92, 156]
[32, 92]
[92, 184]
[7, 49]
[49, 94]
[2, 49]
[24, 127]
[24, 118]
[21, 109]
[109, 141]
[21, 37]
[56, 169]
[120, 169]
[11, 169]
[3, 169]
[63, 169]
[82, 169]
[1, 169]
[26, 169]
[67, 169]
[84, 169]
[17, 169]
[81, 169]
[145, 169]
[125, 169]
[28, 169]
[169, 179]
[10, 169]
[12, 169]
[107, 169]
[39, 169]
[52, 169]
[7, 169]
[83, 169]
[117, 169]
[18, 169]
[115, 169]
[162, 169]
[78, 169]
[167, 169]
[33, 169]
[25, 169]
[80, 169]
[122, 169]
[43, 169]
[109, 169]
[102, 169]
[134, 169]
[169, 173]
[66, 169]
[9, 169]
[159, 169]
[0, 169]
[44, 169]
[54, 169]
[169, 172]
[153, 169]
[105, 169]
[142, 169]
[169, 174]
[112, 169]
[69, 169]
[38, 169]
[20, 169]
[6, 169]
[124, 169]
[24, 169]
[139, 169]
[169, 178]
[89, 169]
[65, 169]
[110, 169]
[71, 169]
[147, 169]
[97, 169]
[143, 169]
[160, 169]
[72, 169]
[169, 171]
[86, 169]
[8, 49]
[49, 126]
[40, 145]
[115, 128]
[24, 123]
[24, 121]
[24, 101]
[46, 101]
[30, 149]
[30, 34]
[16, 30]
[30, 53]
[30, 54]
[30, 174]
[30, 144]
[30, 113]
[34, 72]
[72, 146]
[43, 104]
[75, 104]
[72, 177]
[35, 72]
[48, 72]
[72, 82]
[63, 72]
[70, 72]
[37, 72]
[72, 164]
[72, 84]
[17, 72]
[15, 72]
[72, 155]
[72, 145]
[72, 125]
[28, 72]
[39, 72]
[52, 72]
[72, 182]
[72, 115]
[72, 98]
[43, 72]
[72, 109]
[72, 173]
[72, 122]
[72, 106]
[72, 168]
[72, 176]
[72, 132]
[72, 94]
[72, 179]
[10, 72]
[72, 107]
[72, 83]
[49, 72]
[72, 117]
[72, 167]
[66, 72]
[9, 72]
[72, 78]
[51, 72]
[72, 120]
[72, 135]
[72, 142]
[72, 175]
[72, 127]
[47, 72]
[72, 153]
[31, 72]
[36, 72]
[46, 72]
[72, 138]
[72, 118]
[72, 111]
[72, 157]
[72, 148]
[72, 89]
[72, 86]
[62, 72]
[57, 72]
[72, 121]
[72, 110]
[72, 160]
[42, 72]
[65, 72]
[71, 72]
[72, 178]
[0, 72]
[16, 72]
[72, 139]
[24, 72]
[72, 99]
[72, 147]
[72, 105]
[22, 72]
[72, 174]
[45, 72]
[72, 183]
[15, 22]
[29, 122]
[47, 145]
[12, 47]
[47, 52]
[47, 93]
[40, 47]
[47, 109]
[47, 134]
[47, 49]
[33, 47]
[47, 80]
[47, 163]
[47, 61]
[47, 162]
[47, 138]
[47, 78]
[47, 57]
[44, 47]
[47, 104]
[18, 47]
[47, 102]
[9, 47]
[47, 90]
[47, 96]
[47, 97]
[47, 135]
[47, 165]
[47, 127]
[34, 47]
[47, 73]
[47, 154]
[47, 157]
[47, 101]
[47, 119]
[47, 110]
[47, 184]
[47, 152]
[47, 148]
[47, 118]
[47, 112]
[47, 175]
[47, 156]
[47, 65]
[47, 77]
[108, 122]
[107, 122]
[58, 63]
[58, 67]
[13, 58]
[37, 58]
[24, 143]
[24, 111]
[75, 101]
[1, 104]
[1, 101]
[26, 101]
[30, 101]
[70, 101]
[30, 184]
[34, 46]
[46, 124]
[104, 124]
[104, 112]
[112, 177]
[158, 177]
[11, 29]
[32, 180]
[19, 90]
[86, 112]
[17, 180]
[63, 180]
[1, 180]
[67, 180]
[37, 180]
[81, 180]
[35, 180]
[94, 180]
[179, 180]
[173, 180]
[66, 180]
[117, 180]
[176, 180]
[102, 180]
[107, 180]
[122, 180]
[29, 180]
[123, 180]
[33, 180]
[43, 180]
[158, 180]
[39, 180]
[36, 180]
[125, 180]
[145, 180]
[93, 180]
[134, 180]
[56, 180]
[129, 180]
[62, 180]
[40, 180]
[127, 180]
[6, 180]
[57, 180]
[165, 180]
[38, 180]
[162, 180]
[18, 180]
[96, 180]
[77, 180]
[114, 180]
[118, 180]
[139, 180]
[157, 180]
[166, 180]
[105, 180]
[0, 180]
[61, 180]
[180, 181]
[49, 180]
[16, 180]
[53, 180]
[159, 180]
[69, 180]
[89, 180]
[171, 180]
[97, 180]
[143, 180]
[68, 180]
[99, 180]
[44, 180]
[178, 180]
[73, 180]
[156, 180]
[63, 86]
[1, 86]
[28, 86]
[10, 86]
[14, 86]
[3, 86]
[17, 86]
[23, 86]
[86, 182]
[86, 179]
[86, 146]
[86, 173]
[86, 132]
[2, 86]
[12, 86]
[86, 176]
[86, 120]
[86, 107]
[86, 122]
[86, 131]
[58, 86]
[86, 167]
[51, 86]
[86, 116]
[8, 86]
[60, 86]
[86, 123]
[39, 86]
[86, 93]
[86, 177]
[86, 175]
[71, 86]
[86, 130]
[74, 86]
[86, 137]
[24, 86]
[86, 144]
[86, 138]
[21, 86]
[86, 102]
[86, 127]
[36, 86]
[38, 86]
[86, 158]
[2, 172]
[15, 172]
[67, 172]
[122, 142]
[88, 142]
[31, 142]
[9, 142]
[142, 147]
[142, 144]
[138, 142]
[123, 142]
[29, 142]
[74, 142]
[54, 142]
[121, 142]
[142, 175]
[71, 142]
[142, 174]
[142, 160]
[142, 143]
[114, 142]
[61, 142]
[16, 142]
[142, 171]
[68, 142]
[142, 156]
[42, 142]
[142, 165]
[139, 142]
[99, 142]
[73, 142]
[140, 142]
[77, 142]
[57, 142]
[21, 142]
[142, 181]
[96, 142]
[0, 142]
[119, 142]
[56, 142]
[142, 148]
[142, 152]
[113, 142]
[5, 172]
[120, 172]
[109, 172]
[172, 173]
[128, 172]
[167, 172]
[126, 172]
[59, 172]
[59, 126]
[25, 183]
[14, 183]
[4, 183]
[26, 183]
[63, 183]
[67, 183]
[164, 183]
[3, 183]
[35, 183]
[182, 183]
[168, 183]
[108, 183]
[64, 183]
[10, 183]
[83, 183]
[80, 183]
[66, 183]
[47, 183]
[51, 183]
[109, 183]
[93, 183]
[173, 183]
[126, 183]
[59, 183]
[43, 183]
[39, 183]
[98, 183]
[145, 183]
[117, 183]
[154, 183]
[58, 183]
[177, 183]
[115, 183]
[24, 183]
[133, 183]
[151, 183]
[137, 183]
[157, 183]
[129, 183]
[20, 183]
[97, 183]
[134, 183]
[46, 183]
[60, 183]
[38, 183]
[65, 183]
[34, 183]
[178, 183]
[69, 183]
[29, 183]
[54, 183]
[22, 183]
[6, 183]
[14, 154]
[37, 154]
[67, 154]
[23, 154]
[35, 154]
[146, 154]
[25, 154]
[154, 155]
[108, 154]
[2, 154]
[10, 154]
[52, 154]
[83, 154]
[80, 154]
[109, 154]
[8, 154]
[154, 167]
[126, 154]
[43, 154]
[131, 154]
[145, 154]
[40, 172]
[40, 59]
[22, 110]
[39, 110]
[10, 110]
[12, 110]
[84, 110]
[3, 110]
[82, 110]
[64, 110]
[94, 110]
[66, 110]
[11, 110]
[110, 120]
[110, 173]
[110, 146]
[108, 110]
[83, 110]
[91, 110]
[5, 110]
[8, 110]
[110, 179]
[110, 117]
[110, 172]
[59, 110]
[51, 110]
[43, 110]
[110, 131]
[102, 110]
[110, 162]
[58, 110]
[110, 177]
[24, 110]
[110, 125]
[110, 163]
[110, 138]
[110, 127]
[101, 110]
[69, 110]
[29, 110]
[80, 110]
[34, 110]
[110, 116]
[104, 110]
[20, 110]
[46, 110]
[90, 110]
[49, 110]
[60, 110]
[78, 110]
[110, 178]
[105, 110]
[54, 110]
[110, 184]
[110, 150]
[110, 144]
[110, 171]
[16, 110]
[61, 110]
[110, 137]
[110, 135]
[73, 110]
[96, 110]
[110, 140]
[0, 110]
[24, 57]
[17, 57]
[57, 63]
[1, 57]
[57, 84]
[57, 168]
[12, 57]
[28, 57]
[57, 94]
[57, 120]
[57, 93]
[15, 57]
[57, 173]
[57, 67]
[35, 57]
[57, 146]
[25, 57]
[57, 108]
[10, 57]
[57, 109]
[19, 57]
[39, 57]
[57, 117]
[57, 62]
[57, 167]
[57, 126]
[43, 57]
[57, 102]
[57, 58]
[57, 111]
[53, 57]
[57, 97]
[57, 134]
[57, 163]
[29, 57]
[57, 98]
[57, 122]
[57, 158]
[57, 157]
[57, 118]
[57, 80]
[51, 57]
[31, 57]
[57, 116]
[20, 57]
[57, 90]
[49, 57]
[57, 78]
[57, 105]
[57, 159]
[9, 57]
[54, 57]
[34, 57]
[57, 174]
[57, 143]
[57, 147]
[57, 160]
[57, 165]
[127, 154]
[82, 127]
[70, 127]
[79, 127]
[84, 127]
[127, 168]
[28, 127]
[94, 127]
[107, 127]
[66, 127]
[120, 127]
[15, 127]
[23, 127]
[25, 127]
[127, 155]
[91, 127]
[5, 127]
[8, 127]
[127, 179]
[39, 127]
[117, 127]
[62, 127]
[127, 172]
[127, 167]
[126, 127]
[127, 131]
[102, 127]
[7, 127]
[127, 151]
[111, 127]
[127, 134]
[127, 138]
[11, 43]
[29, 182]
[41, 111]
[41, 122]
[144, 157]
[63, 144]
[144, 182]
[64, 144]
[120, 144]
[93, 144]
[35, 144]
[23, 144]
[67, 144]
[37, 144]
[14, 144]
[108, 144]
[10, 144]
[5, 144]
[144, 169]
[51, 144]
[131, 144]
[102, 144]
[58, 144]
[7, 144]
[129, 144]
[125, 144]
[115, 144]
[141, 144]
[144, 149]
[36, 144]
[144, 172]
[88, 144]
[116, 144]
[126, 144]
[133, 144]
[144, 174]
[68, 144]
[144, 175]
[144, 161]
[16, 144]
[104, 144]
[54, 144]
[138, 144]
[89, 144]
[144, 153]
[143, 144]
[144, 147]
[20, 144]
[105, 144]
[144, 181]
[31, 144]
[123, 144]
[74, 144]
[96, 144]
[22, 144]
[135, 144]
[73, 144]
[144, 184]
[118, 144]
[113, 144]
[144, 165]
[144, 150]
[60, 144]
[0, 144]
[41, 78]
[41, 137]
[6, 41]
[41, 53]
[41, 71]
[156, 171]
[24, 171]
[12, 171]
[3, 171]
[63, 171]
[1, 171]
[171, 176]
[28, 171]
[94, 171]
[107, 171]
[66, 171]
[11, 171]
[171, 173]
[146, 171]
[2, 171]
[52, 171]
[91, 171]
[109, 171]
[19, 171]
[128, 171]
[33, 171]
[80, 171]
[62, 171]
[40, 171]
[167, 171]
[145, 171]
[134, 171]
[18, 171]
[130, 171]
[21, 171]
[121, 171]
[46, 171]
[65, 171]
[57, 171]
[29, 171]
[120, 171]
[37, 171]
[10, 171]
[5, 171]
[102, 171]
[16, 171]
[138, 171]
[50, 171]
[126, 171]
[97, 171]
[163, 171]
[127, 171]
[147, 171]
[20, 171]
[101, 171]
[123, 171]
[129, 171]
[122, 171]
[78, 171]
[135, 171]
[152, 171]
[56, 171]
[158, 171]
[119, 171]
[31, 171]
[116, 171]
[137, 171]
[153, 171]
[159, 171]
[165, 171]
[171, 184]
[105, 171]
[121, 177]
[40, 43]
[11, 18]
[23, 121]
[14, 46]
[18, 39]
[91, 115]
[19, 137]
[114, 137]
[19, 32]
[19, 149]
[7, 149]
[7, 78]
[78, 94]
[2, 18]
[18, 134]
[36, 167]
[1, 46]
[13, 46]
[105, 134]
[59, 145]
[7, 56]
[56, 66]
[43, 102]
[43, 56]
[56, 128]
[56, 84]
[22, 35]
[35, 38]
[38, 146]
[12, 38]
[3, 38]
[15, 38]
[38, 67]
[37, 38]
[38, 94]
[38, 52]
[38, 66]
[5, 38]
[2, 38]
[38, 91]
[38, 155]
[8, 38]
[38, 128]
[38, 83]
[38, 107]
[38, 59]
[38, 108]
[38, 39]
[38, 167]
[7, 38]
[38, 40]
[38, 43]
[18, 38]
[38, 172]
[38, 131]
[38, 126]
[38, 145]
[38, 68]
[38, 160]
[38, 101]
[38, 111]
[38, 139]
[38, 121]
[38, 174]
[38, 90]
[38, 54]
[38, 58]
[38, 53]
[38, 138]
[38, 163]
[38, 104]
[34, 38]
[38, 115]
[18, 102]
[18, 40]
[18, 43]
[18, 162]
[18, 29]
[18, 49]
[18, 97]
[18, 165]
[39, 141]
[10, 141]
[23, 141]
[22, 46]
[46, 146]
[86, 151]
[54, 64]
[3, 54]
[1, 54]
[54, 94]
[54, 173]
[54, 81]
[17, 54]
[54, 176]
[54, 179]
[25, 54]
[54, 117]
[8, 54]
[54, 62]
[54, 107]
[54, 125]
[54, 108]
[39, 54]
[54, 141]
[54, 102]
[40, 54]
[31, 54]
[54, 59]
[54, 126]
[54, 68]
[54, 153]
[49, 54]
[18, 54]
[54, 133]
[54, 97]
[54, 158]
[54, 131]
[54, 69]
[54, 139]
[54, 174]
[53, 54]
[54, 122]
[54, 138]
[54, 163]
[54, 88]
[54, 118]
[54, 116]
[9, 54]
[20, 54]
[54, 165]
[54, 105]
[54, 157]
[15, 111]
[12, 46]
[46, 94]
[46, 52]
[46, 67]
[46, 120]
[46, 109]
[8, 46]
[46, 66]
[2, 46]
[46, 167]
[5, 46]
[46, 91]
[39, 46]
[11, 46]
[40, 46]
[46, 127]
[46, 160]
[46, 50]
[46, 172]
[46, 162]
[7, 154]
[149, 154]
[7, 40]
[25, 60]
[60, 173]
[141, 179]
[26, 133]
[12, 133]
[133, 173]
[52, 133]
[8, 133]
[33, 133]
[2, 133]
[107, 133]
[19, 133]
[13, 141]
[52, 141]
[26, 60]
[1, 60]
[66, 141]
[107, 141]
[128, 141]
[5, 141]
[18, 129]
[91, 149]
[117, 137]
[11, 149]
[134, 149]
[80, 134]
[80, 145]
[46, 80]
[80, 141]
[31, 80]
[80, 160]
[50, 80]
[80, 162]
[80, 89]
[42, 80]
[80, 158]
[82, 158]
[3, 158]
[84, 158]
[15, 158]
[81, 158]
[52, 158]
[107, 158]
[67, 158]
[120, 158]
[37, 158]
[158, 182]
[83, 158]
[108, 158]
[158, 179]
[109, 158]
[151, 158]
[91, 158]
[11, 158]
[126, 158]
[158, 172]
[145, 158]
[137, 158]
[43, 158]
[29, 158]
[3, 29]
[29, 146]
[29, 155]
[2, 29]
[29, 66]
[29, 67]
[29, 93]
[29, 125]
[29, 117]
[29, 137]
[129, 172]
[7, 172]
[58, 172]
[17, 58]
[58, 128]
[35, 58]
[14, 58]
[23, 58]
[58, 91]
[58, 109]
[58, 176]
[25, 58]
[58, 173]
[58, 146]
[58, 155]
[2, 58]
[58, 66]
[11, 58]
[58, 108]
[58, 167]
[40, 58]
[58, 145]
[58, 117]
[58, 59]
[29, 58]
[29, 131]
[63, 131]
[12, 131]
[15, 131]
[10, 131]
[131, 179]
[3, 131]
[83, 131]
[13, 131]
[128, 131]
[14, 131]
[23, 131]
[91, 131]
[109, 131]
[131, 173]
[131, 146]
[66, 131]
[107, 131]
[131, 167]
[131, 134]
[125, 131]
[7, 131]
[131, 145]
[117, 131]
[59, 131]
[131, 172]
[43, 131]
[109, 122]
[39, 122]
[122, 167]
[122, 125]
[122, 145]
[145, 162]
[18, 145]
[145, 175]
[8, 175]
[39, 175]
[7, 175]
[134, 175]
[129, 175]
[129, 162]
[31, 129]
[102, 131]
[36, 131]
[36, 80]
[102, 172]
[22, 66]
[22, 120]
[18, 58]
[128, 162]
[132, 162]
[84, 162]
[26, 162]
[162, 168]
[94, 162]
[23, 162]
[14, 162]
[14, 74]
[74, 82]
[41, 42]
[41, 178]
[46, 158]
[46, 153]
[46, 131]
[46, 122]
[46, 148]
[46, 137]
[46, 71]
[31, 179]
[12, 31]
[31, 37]
[162, 179]
[10, 162]
[162, 182]
[12, 162]
[37, 162]
[83, 162]
[117, 162]
[107, 162]
[15, 162]
[2, 162]
[66, 162]
[91, 162]
[43, 162]
[59, 162]
[134, 162]
[7, 162]
[126, 162]
[31, 162]
[141, 162]
[50, 162]
[31, 107]
[154, 160]
[151, 160]
[39, 160]
[10, 160]
[63, 160]
[82, 160]
[1, 160]
[84, 160]
[3, 160]
[13, 160]
[12, 160]
[14, 160]
[37, 160]
[23, 160]
[146, 160]
[19, 160]
[28, 160]
[5, 160]
[11, 160]
[120, 160]
[35, 160]
[160, 173]
[91, 160]
[128, 160]
[8, 160]
[43, 160]
[160, 177]
[134, 160]
[24, 160]
[145, 160]
[126, 160]
[153, 160]
[141, 160]
[149, 160]
[29, 160]
[49, 160]
[131, 160]
[130, 160]
[148, 160]
[133, 160]
[21, 160]
[159, 160]
[160, 163]
[152, 160]
[97, 160]
[105, 160]
[19, 31]
[5, 31]
[31, 39]
[26, 56]
[56, 95]
[1, 56]
[56, 122]
[8, 56]
[56, 82]
[15, 31]
[43, 149]
[31, 120]
[125, 149]
[31, 66]
[102, 149]
[31, 91]
[31, 149]
[31, 126]
[31, 128]
[31, 109]
[31, 102]
[31, 40]
[98, 117]
[33, 98]
[98, 128]
[49, 83]
[43, 98]
[98, 154]
[98, 149]
[49, 179]
[35, 113]
[83, 113]
[10, 113]
[63, 113]
[1, 113]
[26, 113]
[94, 113]
[3, 113]
[64, 113]
[13, 113]
[14, 113]
[113, 146]
[25, 113]
[28, 113]
[5, 113]
[39, 113]
[11, 113]
[15, 113]
[2, 113]
[92, 113]
[40, 113]
[113, 134]
[113, 129]
[113, 173]
[109, 113]
[108, 113]
[102, 113]
[46, 113]
[113, 141]
[113, 163]
[33, 113]
[91, 113]
[113, 128]
[110, 113]
[113, 123]
[88, 113]
[113, 114]
[113, 169]
[72, 113]
[113, 154]
[41, 113]
[31, 113]
[113, 127]
[68, 113]
[51, 113]
[80, 113]
[113, 161]
[38, 113]
[71, 113]
[113, 133]
[21, 113]
[113, 159]
[44, 113]
[113, 115]
[113, 118]
[113, 152]
[113, 160]
[98, 113]
[113, 174]
[57, 113]
[113, 165]
[113, 181]
[56, 113]
[89, 113]
[113, 116]
[113, 124]
[101, 113]
[113, 156]
[113, 178]
[60, 113]
[77, 113]
[113, 139]
[22, 113]
[73, 113]
[113, 143]
[113, 183]
[112, 113]
[32, 113]
[49, 66]
[49, 107]
[49, 167]
[49, 102]
[31, 49]
[80, 135]
[18, 131]
[18, 172]
[31, 134]
[49, 59]
[13, 32]
[154, 158]
[32, 83]
[10, 32]
[29, 154]
[141, 145]
[32, 184]
[30, 150]
[31, 131]
[131, 141]
[49, 117]
[167, 175]
[46, 175]
[171, 175]
[123, 175]
[9, 175]
[71, 175]
[98, 175]
[116, 175]
[29, 175]
[147, 175]
[57, 175]
[124, 175]
[60, 175]
[135, 175]
[54, 175]
[133, 175]
[115, 175]
[34, 175]
[104, 175]
[74, 175]
[6, 175]
[127, 175]
[97, 175]
[156, 175]
[139, 175]
[175, 178]
[143, 175]
[148, 175]
[68, 175]
[41, 175]
[44, 175]
[105, 175]
[0, 175]
[140, 175]
[157, 175]
[73, 175]
[69, 175]
[89, 175]
[152, 175]
[42, 175]
[22, 175]
[32, 175]
[24, 130]
[49, 131]
[49, 158]
[49, 154]
[63, 123]
[26, 123]
[82, 123]
[123, 167]
[4, 123]
[39, 123]
[123, 168]
[123, 164]
[84, 123]
[123, 176]
[23, 123]
[40, 123]
[93, 123]
[123, 155]
[108, 123]
[10, 123]
[14, 123]
[62, 123]
[94, 123]
[123, 179]
[2, 123]
[8, 123]
[7, 123]
[43, 123]
[123, 141]
[107, 123]
[123, 126]
[46, 123]
[123, 153]
[123, 131]
[21, 173]
[21, 25]
[10, 21]
[15, 21]
[21, 28]
[21, 79]
[21, 85]
[1, 21]
[21, 132]
[21, 67]
[21, 155]
[21, 108]
[5, 21]
[14, 21]
[21, 120]
[21, 134]
[21, 94]
[21, 179]
[8, 21]
[29, 78]
[49, 123]
[23, 116]
[123, 154]
[67, 163]
[66, 163]
[23, 163]
[63, 163]
[81, 163]
[163, 182]
[17, 163]
[39, 163]
[11, 163]
[35, 163]
[12, 163]
[109, 163]
[7, 163]
[151, 163]
[107, 163]
[126, 163]
[10, 163]
[163, 173]
[163, 167]
[145, 163]
[46, 163]
[15, 163]
[155, 163]
[5, 163]
[120, 163]
[134, 163]
[59, 163]
[94, 163]
[83, 163]
[65, 163]
[122, 163]
[137, 163]
[128, 163]
[117, 163]
[77, 163]
[60, 163]
[71, 163]
[111, 163]
[20, 163]
[78, 141]
[39, 78]
[44, 174]
[44, 94]
[40, 78]
[37, 78]
[35, 78]
[160, 174]
[10, 174]
[37, 174]
[3, 174]
[39, 174]
[1, 174]
[52, 174]
[7, 174]
[107, 174]
[67, 174]
[174, 179]
[173, 174]
[141, 174]
[8, 174]
[78, 174]
[88, 174]
[5, 174]
[49, 174]
[123, 174]
[134, 174]
[59, 174]
[46, 174]
[65, 174]
[43, 174]
[127, 174]
[60, 174]
[71, 174]
[20, 174]
[91, 174]
[80, 174]
[58, 174]
[115, 174]
[159, 174]
[165, 174]
[101, 174]
[138, 174]
[116, 174]
[104, 174]
[74, 174]
[139, 174]
[45, 174]
[29, 174]
[53, 174]
[18, 174]
[90, 174]
[96, 174]
[98, 174]
[119, 174]
[147, 174]
[140, 174]
[157, 174]
[152, 174]
[149, 174]
[99, 174]
[21, 174]
[61, 174]
[133, 174]
[156, 174]
[174, 178]
[135, 174]
[6, 174]
[130, 174]
[118, 174]
[105, 174]
[77, 174]
[148, 174]
[174, 183]
[67, 78]
[24, 89]
[131, 162]
[11, 88]
[88, 107]
[19, 88]
[15, 88]
[88, 134]
[88, 91]
[102, 137]
[88, 160]
[78, 160]
[60, 160]
[89, 160]
[1, 89]
[26, 89]
[4, 89]
[63, 89]
[89, 164]
[89, 146]
[39, 89]
[35, 89]
[12, 89]
[52, 89]
[89, 177]
[66, 89]
[7, 89]
[85, 89]
[89, 132]
[37, 89]
[28, 89]
[67, 89]
[89, 93]
[14, 89]
[89, 179]
[89, 167]
[89, 155]
[5, 89]
[83, 89]
[89, 145]
[89, 128]
[59, 89]
[8, 89]
[89, 102]
[89, 162]
[89, 107]
[89, 108]
[89, 134]
[89, 141]
[89, 91]
[89, 158]
[89, 153]
[89, 172]
[89, 127]
[50, 89]
[89, 137]
[29, 89]
[89, 163]
[49, 89]
[65, 89]
[71, 89]
[36, 89]
[88, 89]
[89, 133]
[16, 89]
[89, 138]
[89, 97]
[89, 139]
[89, 98]
[69, 89]
[20, 89]
[56, 89]
[89, 178]
[77, 89]
[89, 140]
[89, 99]
[89, 96]
[89, 157]
[89, 119]
[89, 105]
[89, 159]
[1, 159]
[26, 159]
[63, 159]
[159, 182]
[23, 159]
[3, 159]
[13, 159]
[12, 159]
[159, 177]
[126, 159]
[93, 159]
[14, 159]
[159, 179]
[159, 167]
[155, 159]
[5, 159]
[11, 159]
[43, 159]
[117, 159]
[25, 159]
[10, 159]
[154, 159]
[159, 162]
[107, 159]
[108, 159]
[153, 159]
[31, 159]
[46, 159]
[49, 159]
[35, 159]
[159, 173]
[40, 159]
[8, 159]
[122, 159]
[159, 163]
[38, 159]
[118, 159]
[130, 159]
[21, 159]
[60, 159]
[88, 159]
[78, 159]
[121, 159]
[97, 159]
[69, 159]
[0, 159]
[101, 159]
[20, 159]
[56, 159]
[53, 159]
[159, 178]
[99, 159]
[96, 159]
[157, 159]
[119, 159]
[105, 159]
[143, 159]
[73, 159]
[90, 159]
[112, 159]
[124, 159]
[36, 159]
[138, 159]
[63, 138]
[81, 138]
[17, 138]
[23, 138]
[13, 138]
[138, 177]
[2, 138]
[7, 138]
[67, 138]
[93, 138]
[138, 179]
[138, 155]
[138, 145]
[43, 138]
[128, 138]
[117, 138]
[138, 154]
[138, 162]
[108, 138]
[15, 138]
[131, 138]
[58, 138]
[49, 138]
[138, 146]
[66, 138]
[138, 173]
[59, 138]
[102, 138]
[91, 138]
[138, 158]
[122, 138]
[111, 138]
[46, 138]
[138, 163]
[138, 149]
[123, 138]
[65, 138]
[138, 139]
[135, 138]
[21, 138]
[9, 138]
[88, 138]
[34, 138]
[104, 138]
[90, 138]
[60, 138]
[6, 138]
[124, 138]
[101, 138]
[99, 138]
[73, 138]
[96, 138]
[119, 138]
[105, 138]
[138, 143]
[36, 138]
[138, 152]
[112, 138]
[77, 138]
[22, 138]
[68, 138]
[56, 138]
[138, 178]
[82, 178]
[4, 178]
[70, 178]
[84, 178]
[168, 178]
[39, 178]
[3, 178]
[13, 178]
[12, 178]
[52, 178]
[2, 178]
[85, 178]
[37, 178]
[28, 178]
[93, 178]
[178, 179]
[167, 178]
[155, 178]
[145, 178]
[120, 178]
[128, 178]
[24, 178]
[15, 178]
[125, 178]
[162, 178]
[51, 178]
[49, 178]
[40, 178]
[59, 178]
[134, 178]
[19, 178]
[65, 178]
[130, 178]
[46, 178]
[156, 178]
[121, 178]
[149, 178]
[126, 178]
[122, 178]
[29, 178]
[151, 178]
[140, 178]
[80, 178]
[153, 178]
[127, 178]
[20, 178]
[16, 178]
[163, 178]
[139, 178]
[78, 178]
[147, 178]
[135, 178]
[158, 178]
[9, 178]
[88, 178]
[71, 178]
[74, 178]
[86, 178]
[21, 178]
[60, 178]
[143, 178]
[165, 178]
[90, 178]
[53, 178]
[69, 178]
[119, 178]
[105, 178]
[36, 178]
[101, 178]
[34, 178]
[61, 178]
[0, 178]
[99, 178]
[112, 178]
[178, 184]
[68, 178]
[178, 181]
[77, 178]
[56, 178]
[56, 170]
[56, 164]
[56, 168]
[23, 56]
[56, 176]
[39, 56]
[12, 56]
[2, 56]
[56, 85]
[28, 56]
[56, 67]
[14, 56]
[56, 179]
[56, 83]
[11, 56]
[56, 120]
[25, 56]
[56, 107]
[56, 62]
[56, 117]
[56, 109]
[56, 132]
[56, 91]
[19, 56]
[56, 108]
[56, 141]
[56, 172]
[56, 125]
[56, 133]
[51, 56]
[40, 56]
[56, 59]
[56, 134]
[56, 65]
[46, 56]
[56, 118]
[38, 56]
[56, 149]
[56, 126]
[56, 111]
[29, 56]
[56, 151]
[56, 80]
[56, 153]
[56, 127]
[56, 97]
[56, 78]
[54, 56]
[56, 121]
[20, 56]
[9, 56]
[56, 60]
[53, 56]
[36, 56]
[50, 56]
[21, 56]
[56, 101]
[56, 139]
[56, 90]
[56, 119]
[0, 56]
[56, 99]
[56, 183]
[56, 77]
[77, 81]
[77, 182]
[17, 77]
[13, 77]
[52, 77]
[37, 77]
[77, 155]
[5, 77]
[33, 77]
[10, 77]
[24, 77]
[77, 154]
[77, 98]
[49, 77]
[77, 146]
[35, 77]
[77, 173]
[77, 102]
[77, 129]
[77, 137]
[77, 86]
[16, 77]
[57, 77]
[77, 110]
[31, 77]
[77, 123]
[41, 77]
[43, 77]
[77, 147]
[77, 176]
[77, 164]
[77, 157]
[77, 116]
[67, 77]
[14, 77]
[77, 179]
[77, 88]
[77, 148]
[77, 104]
[39, 77]
[77, 122]
[73, 77]
[69, 77]
[11, 77]
[77, 107]
[62, 77]
[66, 77]
[77, 132]
[74, 77]
[77, 128]
[77, 91]
[77, 125]
[51, 77]
[59, 77]
[77, 126]
[77, 111]
[29, 77]
[77, 151]
[77, 80]
[77, 127]
[77, 97]
[77, 78]
[54, 77]
[77, 121]
[20, 77]
[9, 77]
[53, 77]
[36, 77]
[77, 139]
[77, 124]
[77, 171]
[77, 112]
[65, 77]
[60, 77]
[77, 181]
[77, 99]
[77, 183]
[77, 119]
[1, 119]
[70, 119]
[106, 119]
[81, 119]
[119, 182]
[119, 177]
[37, 119]
[5, 119]
[119, 145]
[10, 119]
[24, 119]
[58, 119]
[119, 154]
[18, 119]
[119, 146]
[35, 119]
[119, 173]
[102, 119]
[119, 137]
[96, 119]
[84, 119]
[57, 119]
[119, 160]
[119, 130]
[119, 131]
[115, 119]
[119, 169]
[12, 119]
[27, 119]
[119, 157]
[116, 119]
[67, 119]
[71, 119]
[88, 119]
[30, 119]
[119, 156]
[117, 119]
[7, 119]
[119, 141]
[119, 172]
[119, 134]
[46, 119]
[118, 119]
[38, 119]
[119, 153]
[50, 119]
[105, 119]
[101, 119]
[119, 122]
[66, 119]
[119, 132]
[91, 119]
[51, 119]
[59, 119]
[119, 126]
[111, 119]
[119, 151]
[80, 119]
[119, 127]
[119, 148]
[97, 119]
[9, 119]
[53, 119]
[36, 119]
[104, 119]
[119, 152]
[90, 119]
[74, 119]
[65, 119]
[60, 119]
[112, 119]
[99, 119]
[1, 99]
[26, 99]
[99, 182]
[52, 99]
[99, 177]
[93, 99]
[99, 155]
[99, 145]
[10, 99]
[24, 99]
[15, 99]
[99, 154]
[18, 99]
[99, 162]
[49, 99]
[99, 146]
[35, 99]
[99, 173]
[99, 102]
[99, 158]
[86, 99]
[96, 99]
[99, 123]
[99, 130]
[43, 99]
[99, 115]
[44, 99]
[99, 168]
[99, 135]
[28, 99]
[67, 99]
[2, 99]
[25, 99]
[8, 99]
[99, 109]
[99, 141]
[99, 134]
[99, 118]
[99, 149]
[21, 99]
[99, 122]
[99, 107]
[66, 99]
[91, 99]
[59, 99]
[99, 126]
[29, 99]
[99, 151]
[80, 99]
[99, 148]
[97, 99]
[78, 99]
[9, 99]
[88, 99]
[74, 99]
[50, 126]
[50, 83]
[77, 166]
[144, 166]
[56, 144]
[36, 172]
[36, 163]
[36, 137]
[18, 137]
[49, 172]
[50, 158]
[36, 158]
[36, 154]
[36, 38]
[49, 162]
[21, 33]
[99, 153]
[45, 86]
[86, 162]
[29, 50]
[29, 162]
[31, 127]
[29, 127]
[122, 127]
[127, 158]
[20, 25]
[20, 66]
[44, 83]
[28, 44]
[149, 158]
[23, 148]
[10, 148]
[67, 148]
[26, 148]
[148, 164]
[148, 168]
[108, 148]
[132, 148]
[146, 148]
[148, 173]
[8, 148]
[148, 151]
[24, 148]
[13, 148]
[52, 148]
[107, 148]
[148, 167]
[125, 148]
[126, 148]
[91, 148]
[134, 148]
[83, 148]
[3, 148]
[40, 148]
[117, 148]
[102, 148]
[148, 182]
[141, 148]
[148, 177]
[54, 148]
[148, 163]
[38, 148]
[59, 148]
[50, 148]
[31, 148]
[122, 148]
[148, 158]
[148, 172]
[148, 149]
[148, 157]
[105, 148]
[71, 148]
[101, 148]
[139, 148]
[124, 148]
[21, 148]
[137, 148]
[104, 148]
[111, 148]
[9, 148]
[121, 148]
[53, 148]
[148, 152]
[69, 148]
[20, 148]
[16, 148]
[68, 148]
[148, 156]
[112, 148]
[148, 165]
[147, 148]
[148, 184]
[32, 148]
[26, 42]
[42, 164]
[4, 42]
[15, 42]
[42, 63]
[42, 67]
[39, 42]
[28, 42]
[42, 180]
[42, 132]
[42, 146]
[42, 93]
[42, 173]
[10, 42]
[42, 109]
[42, 151]
[24, 42]
[14, 42]
[42, 107]
[19, 42]
[42, 167]
[42, 126]
[42, 134]
[42, 83]
[42, 171]
[42, 94]
[23, 42]
[42, 43]
[40, 42]
[42, 155]
[5, 42]
[42, 128]
[42, 141]
[42, 177]
[42, 160]
[42, 163]
[42, 119]
[42, 130]
[42, 56]
[42, 45]
[42, 50]
[42, 122]
[42, 158]
[42, 172]
[42, 86]
[42, 153]
[29, 42]
[42, 127]
[42, 149]
[6, 42]
[42, 98]
[42, 96]
[42, 150]
[42, 78]
[42, 90]
[42, 139]
[42, 183]
[42, 124]
[42, 137]
[42, 49]
[42, 115]
[42, 104]
[34, 42]
[42, 53]
[42, 152]
[16, 42]
[22, 42]
[42, 73]
[42, 77]
[42, 140]
[42, 165]
[0, 42]
[42, 147]
[42, 143]
[42, 74]
[44, 164]
[1, 44]
[44, 108]
[44, 132]
[44, 151]
[35, 44]
[14, 44]
[13, 44]
[44, 52]
[44, 125]
[44, 126]
[44, 91]
[44, 145]
[18, 44]
[44, 46]
[44, 155]
[5, 44]
[44, 114]
[44, 102]
[44, 182]
[44, 141]
[44, 177]
[44, 51]
[44, 130]
[44, 50]
[44, 131]
[31, 44]
[44, 162]
[44, 158]
[44, 172]
[44, 86]
[36, 44]
[44, 153]
[44, 127]
[44, 96]
[44, 150]
[44, 60]
[44, 101]
[21, 44]
[44, 49]
[44, 104]
[34, 44]
[44, 111]
[9, 44]
[44, 121]
[44, 116]
[44, 53]
[44, 69]
[20, 44]
[44, 68]
[44, 156]
[44, 73]
[44, 140]
[44, 165]
[99, 144]
[18, 88]
[29, 149]
[127, 149]
[6, 163]
[6, 179]
[6, 134]
[6, 19]
[6, 12]
[6, 107]
[6, 52]
[6, 23]
[6, 81]
[6, 11]
[6, 62]
[6, 167]
[6, 125]
[6, 91]
[6, 33]
[6, 171]
[6, 94]
[6, 43]
[18, 98]
[38, 98]
[98, 131]
[98, 122]
[29, 98]
[6, 40]
[6, 128]
[6, 129]
[6, 141]
[6, 54]
[10, 97]
[39, 97]
[82, 97]
[84, 97]
[97, 120]
[6, 51]
[6, 45]
[6, 31]
[6, 162]
[6, 172]
[6, 56]
[6, 18]
[6, 38]
[6, 131]
[6, 122]
[6, 158]
[113, 150]
[67, 140]
[27, 140]
[79, 140]
[1, 140]
[15, 140]
[63, 140]
[17, 140]
[140, 168]
[84, 140]
[120, 140]
[28, 140]
[108, 140]
[132, 140]
[37, 140]
[93, 140]
[25, 140]
[109, 140]
[8, 140]
[140, 151]
[24, 140]
[35, 140]
[13, 140]
[107, 140]
[12, 140]
[81, 140]
[11, 140]
[19, 140]
[134, 140]
[83, 140]
[140, 145]
[94, 140]
[23, 140]
[40, 140]
[117, 140]
[5, 140]
[114, 140]
[128, 140]
[54, 140]
[130, 140]
[140, 162]
[18, 140]
[86, 140]
[36, 140]
[140, 149]
[38, 140]
[131, 140]
[122, 140]
[140, 150]
[60, 140]
[78, 140]
[105, 140]
[139, 140]
[21, 140]
[123, 140]
[135, 140]
[137, 140]
[65, 140]
[115, 140]
[116, 140]
[140, 152]
[20, 140]
[140, 153]
[140, 184]
[29, 140]
[98, 140]
[140, 157]
[96, 140]
[58, 140]
[71, 140]
[101, 140]
[61, 140]
[34, 140]
[111, 140]
[133, 140]
[16, 140]
[140, 147]
[140, 143]
[78, 173]
[6, 29]
[78, 134]
[10, 78]
[8, 78]
[96, 104]
[96, 177]
[24, 96]
[25, 96]
[21, 91]
[46, 78]
[22, 160]
[22, 155]
[5, 78]
[78, 80]
[22, 67]
[22, 108]
[2, 22]
[22, 151]
[22, 52]
[22, 167]
[22, 126]
[22, 41]
[22, 51]
[22, 163]
[22, 119]
[22, 149]
[22, 128]
[22, 54]
[22, 91]
[22, 171]
[22, 40]
[22, 102]
[22, 57]
[22, 45]
[22, 89]
[22, 78]
[22, 80]
[22, 31]
[22, 154]
[22, 56]
[6, 22]
[22, 90]
[9, 22]
[22, 121]
[22, 69]
[22, 127]
[22, 53]
[22, 156]
[22, 73]
[22, 124]
[22, 112]
[22, 77]
[22, 60]
[22, 139]
[22, 150]
[22, 116]
[20, 22]
[22, 98]
[22, 96]
[22, 101]
[22, 165]
[22, 118]
[22, 104]
[22, 32]
[68, 122]
[24, 68]
[63, 68]
[4, 68]
[68, 95]
[1, 68]
[11, 68]
[68, 82]
[27, 68]
[68, 85]
[49, 68]
[68, 84]
[39, 68]
[68, 120]
[28, 68]
[68, 132]
[37, 68]
[68, 169]
[14, 68]
[68, 107]
[19, 68]
[68, 125]
[68, 83]
[68, 179]
[68, 145]
[3, 68]
[23, 68]
[7, 68]
[68, 134]
[68, 131]
[67, 68]
[68, 108]
[52, 68]
[68, 167]
[5, 68]
[68, 141]
[59, 68]
[68, 162]
[21, 83]
[97, 158]
[94, 97]
[97, 145]
[97, 179]
[97, 132]
[93, 97]
[71, 98]
[98, 111]
[53, 98]
[98, 156]
[58, 98]
[16, 98]
[73, 98]
[98, 104]
[59, 97]
[97, 107]
[3, 97]
[97, 108]
[60, 94]
[68, 163]
[68, 102]
[68, 80]
[105, 163]
[2, 105]
[21, 181]
[57, 68]
[40, 68]
[54, 60]
[12, 60]
[13, 60]
[14, 60]
[39, 60]
[60, 63]
[60, 82]
[60, 120]
[60, 93]
[60, 109]
[11, 60]
[23, 60]
[60, 129]
[8, 60]
[60, 182]
[60, 151]
[60, 167]
[60, 126]
[41, 60]
[60, 181]
[33, 60]
[60, 134]
[50, 60]
[60, 171]
[31, 60]
[60, 177]
[10, 60]
[60, 155]
[18, 60]
[38, 60]
[60, 102]
[60, 154]
[49, 60]
[5, 60]
[60, 83]
[60, 91]
[60, 158]
[97, 155]
[43, 97]
[52, 97]
[21, 32]
[32, 44]
[32, 182]
[25, 32]
[32, 173]
[14, 32]
[32, 55]
[32, 66]
[32, 164]
[4, 32]
[32, 110]
[32, 136]
[32, 178]
[32, 120]
[28, 32]
[32, 161]
[32, 109]
[32, 159]
[12, 32]
[32, 125]
[7, 32]
[32, 129]
[24, 32]
[32, 138]
[2, 32]
[32, 151]
[32, 41]
[32, 119]
[32, 181]
[32, 51]
[32, 114]
[31, 32]
[32, 177]
[32, 45]
[32, 160]
[32, 56]
[32, 54]
[32, 49]
[32, 163]
[32, 107]
[32, 154]
[32, 57]
[3, 32]
[32, 52]
[32, 59]
[32, 162]
[32, 36]
[32, 80]
[32, 40]
[32, 91]
[32, 172]
[32, 77]
[32, 60]
[32, 144]
[32, 149]
[32, 127]
[29, 32]
[32, 65]
[32, 137]
[32, 135]
[32, 68]
[32, 88]
[32, 96]
[32, 115]
[32, 61]
[32, 58]
[32, 112]
[32, 183]
[32, 105]
[32, 147]
[32, 143]
[32, 157]
[32, 69]
[97, 141]
[5, 97]
[83, 97]
[86, 97]
[97, 162]
[150, 160]
[50, 150]
[40, 97]
[40, 118]
[90, 145]
[26, 90]
[15, 90]
[1, 90]
[39, 90]
[90, 132]
[90, 93]
[14, 90]
[35, 90]
[90, 182]
[59, 90]
[90, 155]
[90, 134]
[90, 128]
[50, 90]
[90, 102]
[38, 78]
[78, 162]
[90, 117]
[90, 108]
[90, 179]
[31, 78]
[78, 154]
[78, 158]
[49, 78]
[59, 78]
[78, 152]
[78, 116]
[78, 123]
[78, 118]
[78, 124]
[78, 115]
[58, 78]
[34, 78]
[119, 150]
[150, 181]
[41, 150]
[45, 150]
[21, 128]
[21, 102]
[21, 117]
[21, 51]
[18, 21]
[21, 130]
[21, 43]
[21, 131]
[21, 50]
[21, 80]
[21, 36]
[21, 68]
[21, 90]
[21, 118]
[16, 21]
[0, 21]
[21, 116]
[21, 183]
[21, 58]
[9, 21]
[21, 61]
[6, 21]
[21, 172]
[21, 165]
[21, 149]
[21, 135]
[21, 139]
[21, 96]
[21, 101]
[21, 133]
[21, 121]
[21, 184]
[21, 74]
[21, 157]
[21, 104]
[21, 147]
[21, 69]
[21, 73]
[49, 105]
[105, 182]
[19, 105]
[26, 105]
[78, 105]
[64, 152]
[27, 152]
[152, 164]
[4, 152]
[66, 152]
[82, 152]
[26, 152]
[15, 152]
[84, 152]
[120, 152]
[28, 152]
[152, 180]
[30, 152]
[132, 152]
[37, 152]
[93, 152]
[14, 152]
[13, 152]
[11, 152]
[62, 152]
[35, 152]
[152, 173]
[25, 152]
[108, 152]
[109, 152]
[12, 152]
[24, 152]
[151, 152]
[45, 152]
[54, 152]
[10, 152]
[46, 152]
[31, 152]
[152, 154]
[86, 152]
[124, 152]
[99, 152]
[152, 153]
[71, 152]
[29, 152]
[137, 152]
[105, 152]
[5, 152]
[97, 152]
[60, 152]
[51, 152]
[18, 152]
[43, 152]
[131, 152]
[50, 152]
[53, 152]
[124, 166]
[17, 124]
[63, 124]
[124, 176]
[120, 124]
[25, 124]
[28, 124]
[78, 97]
[3, 124]
[124, 160]
[2, 124]
[60, 124]
[124, 167]
[37, 124]
[14, 124]
[13, 124]
[11, 124]
[62, 124]
[8, 124]
[108, 124]
[109, 124]
[124, 125]
[124, 129]
[36, 123]
[36, 65]
[107, 124]
[7, 124]
[57, 124]
[52, 124]
[10, 124]
[43, 124]
[89, 124]
[122, 124]
[124, 177]
[124, 163]
[31, 124]
[124, 134]
[59, 124]
[33, 124]
[50, 124]
[80, 124]
[18, 124]
[40, 124]
[4, 111]
[79, 111]
[111, 164]
[85, 111]
[26, 111]
[82, 111]
[111, 168]
[84, 111]
[14, 111]
[60, 166]
[60, 99]
[28, 111]
[31, 105]
[12, 105]
[37, 105]
[66, 105]
[23, 105]
[105, 173]
[8, 105]
[105, 108]
[105, 151]
[105, 179]
[7, 105]
[105, 128]
[105, 158]
[105, 107]
[52, 105]
[105, 154]
[59, 105]
[105, 162]
[91, 97]
[97, 172]
[50, 105]
[80, 105]
[105, 117]
[12, 104]
[37, 104]
[105, 130]
[99, 105]
[51, 105]
[105, 131]
[97, 153]
[171, 183]
[122, 123]
[22, 123]
[123, 172]
[90, 123]
[116, 123]
[115, 123]
[88, 123]
[16, 123]
[58, 123]
[123, 165]
[123, 139]
[112, 123]
[104, 123]
[69, 123]
[123, 124]
[123, 147]
[123, 143]
[121, 123]
[29, 97]
[78, 127]
[121, 167]
[64, 121]
[53, 64]
[15, 53]
[29, 60]
[60, 127]
[25, 71]
[23, 71]
[20, 29]
[101, 150]
[7, 101]
[8, 101]
[13, 101]
[15, 101]
[4, 101]
[79, 101]
[101, 164]
[85, 101]
[66, 101]
[82, 101]
[64, 101]
[101, 168]
[39, 101]
[84, 101]
[28, 101]
[101, 132]
[37, 101]
[93, 101]
[62, 101]
[101, 173]
[25, 101]
[101, 108]
[101, 125]
[2, 101]
[101, 167]
[101, 155]
[101, 145]
[101, 141]
[101, 107]
[52, 101]
[10, 101]
[101, 179]
[59, 101]
[5, 101]
[101, 154]
[40, 101]
[101, 129]
[54, 101]
[101, 114]
[101, 163]
[101, 102]
[49, 101]
[43, 101]
[101, 117]
[101, 122]
[101, 128]
[50, 101]
[101, 131]
[78, 101]
[98, 101]
[101, 127]
[71, 101]
[101, 116]
[53, 101]
[101, 118]
[101, 135]
[101, 139]
[90, 91]
[12, 90]
[90, 126]
[18, 90]
[7, 90]
[90, 162]
[90, 97]
[90, 167]
[29, 90]
[90, 156]
[90, 96]
[73, 90]
[90, 105]
[90, 152]
[90, 115]
[34, 90]
[88, 90]
[90, 135]
[74, 90]
[90, 143]
[0, 90]
[0, 1]
[0, 176]
[0, 17]
[0, 146]
[0, 14]
[0, 11]
[0, 23]
[0, 35]
[0, 94]
[0, 109]
[0, 177]
[0, 67]
[0, 160]
[0, 57]
[0, 33]
[0, 13]
[0, 130]
[0, 134]
[0, 51]
[0, 4]
[0, 37]
[0, 25]
[0, 141]
[0, 107]
[0, 5]
[0, 99]
[0, 122]
[0, 158]
[0, 38]
[0, 86]
[0, 154]
[0, 163]
[0, 49]
[0, 22]
[0, 32]
[0, 44]
[0, 15]
[0, 26]
[0, 12]
[0, 28]
[0, 155]
[0, 145]
[0, 131]
[0, 98]
[0, 7]
[0, 112]
[0, 157]
[0, 36]
[0, 117]
[0, 156]
[0, 183]
[0, 58]
[0, 150]
[0, 71]
[0, 96]
[0, 121]
[0, 73]
[0, 105]
[0, 152]
[0, 115]
[0, 34]
[0, 135]
[0, 74]
[0, 143]
[1, 143]
[143, 170]
[106, 143]
[70, 143]
[63, 143]
[143, 176]
[17, 143]
[120, 143]
[19, 143]
[23, 143]
[35, 143]
[143, 182]
[143, 171]
[94, 143]
[143, 177]
[3, 143]
[143, 160]
[83, 143]
[8, 143]
[130, 143]
[143, 168]
[84, 143]
[4, 143]
[25, 143]
[2, 143]
[141, 143]
[80, 143]
[89, 143]
[18, 143]
[99, 143]
[122, 143]
[40, 143]
[143, 158]
[143, 154]
[49, 143]
[22, 143]
[143, 172]
[93, 143]
[108, 143]
[59, 143]
[44, 143]
[15, 143]
[101, 143]
[28, 143]
[143, 145]
[98, 143]
[50, 143]
[143, 179]
[139, 143]
[6, 143]
[7, 143]
[143, 162]
[97, 143]
[143, 167]
[29, 143]
[127, 143]
[143, 147]
[36, 143]
[58, 143]
[73, 143]
[105, 143]
[143, 152]
[65, 143]
[43, 143]
[143, 153]
[68, 143]
[9, 143]
[69, 143]
[111, 143]
[137, 143]
[118, 143]
[143, 184]
[112, 143]
[63, 112]
[112, 176]
[81, 112]
[19, 112]
[35, 112]
[112, 171]
[94, 112]
[46, 112]
[67, 112]
[112, 160]
[57, 112]
[31, 112]
[41, 112]
[66, 112]
[13, 112]
[112, 130]
[112, 134]
[62, 112]
[112, 173]
[2, 112]
[112, 141]
[107, 112]
[5, 112]
[112, 129]
[80, 112]
[89, 112]
[112, 122]
[40, 112]
[39, 112]
[12, 112]
[112, 158]
[112, 154]
[112, 131]
[112, 128]
[112, 165]
[78, 112]
[93, 112]
[108, 112]
[59, 112]
[91, 112]
[88, 112]
[112, 133]
[61, 112]
[112, 166]
[112, 145]
[112, 179]
[6, 112]
[112, 162]
[112, 167]
[112, 127]
[102, 112]
[112, 139]
[96, 112]
[112, 125]
[10, 112]
[43, 112]
[112, 153]
[68, 112]
[112, 149]
[111, 112]
[20, 112]
[112, 137]
[112, 116]
[112, 118]
[112, 152]
[112, 126]
[65, 112]
[112, 184]
[63, 184]
[146, 184]
[169, 184]
[14, 184]
[11, 184]
[19, 184]
[23, 184]
[35, 184]
[94, 184]
[161, 184]
[109, 184]
[159, 184]
[138, 184]
[151, 184]
[177, 184]
[67, 184]
[160, 184]
[45, 184]
[31, 184]
[66, 184]
[82, 184]
[13, 184]
[130, 184]
[134, 184]
[51, 184]
[4, 184]
[84, 184]
[37, 184]
[62, 184]
[173, 184]
[25, 184]
[141, 184]
[107, 184]
[122, 184]
[40, 184]
[38, 184]
[163, 184]
[83, 184]
[12, 184]
[99, 184]
[49, 184]
[22, 184]
[155, 184]
[78, 184]
[53, 184]
[108, 184]
[59, 184]
[133, 184]
[158, 184]
[156, 184]
[115, 184]
[135, 184]
[44, 184]
[97, 184]
[36, 184]
[50, 184]
[121, 184]
[52, 184]
[34, 184]
[69, 184]
[74, 184]
[104, 184]
[162, 184]
[167, 184]
[150, 184]
[61, 184]
[73, 184]
[105, 184]
[102, 184]
[96, 184]
[125, 184]
[10, 184]
[153, 184]
[111, 184]
[137, 184]
[118, 184]
[65, 184]
[1, 65]
[65, 76]
[48, 65]
[65, 106]
[27, 65]
[65, 70]
[65, 75]
[65, 176]
[17, 65]
[65, 81]
[24, 65]
[3, 65]
[33, 65]
[65, 181]
[65, 164]
[65, 168]
[5, 65]
[65, 129]
[65, 132]
[65, 131]
[65, 128]
[65, 146]
[19, 65]
[65, 109]
[65, 151]
[31, 65]
[13, 65]
[51, 65]
[65, 84]
[37, 65]
[65, 107]
[15, 65]
[65, 122]
[40, 65]
[28, 65]
[65, 145]
[65, 71]
[65, 83]
[12, 65]
[65, 101]
[65, 124]
[9, 65]
[29, 65]
[43, 65]
[65, 68]
[65, 155]
[65, 108]
[65, 158]
[65, 115]
[65, 135]
[65, 166]
[65, 99]
[50, 65]
[65, 121]
[65, 69]
[65, 111]
[34, 65]
[65, 104]
[16, 65]
[61, 65]
[61, 95]
[27, 61]
[61, 70]
[61, 176]
[17, 61]
[61, 120]
[61, 182]
[24, 61]
[46, 61]
[61, 119]
[33, 61]
[61, 181]
[41, 61]
[61, 64]
[61, 164]
[61, 85]
[61, 168]
[2, 61]
[61, 129]
[61, 89]
[18, 61]
[61, 77]
[61, 132]
[61, 131]
[61, 63]
[14, 61]
[61, 94]
[61, 159]
[61, 177]
[45, 61]
[31, 61]
[61, 66]
[13, 61]
[61, 134]
[61, 84]
[4, 61]
[37, 61]
[61, 107]
[15, 61]
[61, 91]
[61, 122]
[61, 163]
[28, 61]
[61, 179]
[61, 117]
[61, 83]
[61, 148]
[12, 61]
[61, 171]
[57, 61]
[49, 61]
[56, 61]
[58, 61]
[61, 165]
[61, 78]
[53, 61]
[61, 126]
[61, 172]
[61, 156]
[61, 88]
[61, 124]
[61, 139]
[61, 167]
[6, 61]
[10, 61]
[61, 153]
[61, 155]
[61, 108]
[61, 116]
[61, 150]
[61, 74]
[61, 118]
[61, 99]
[50, 61]
[61, 69]
[36, 61]
[16, 61]
[1, 16]
[16, 120]
[16, 33]
[2, 16]
[16, 54]
[16, 80]
[16, 131]
[16, 146]
[16, 19]
[16, 94]
[16, 67]
[16, 45]
[16, 31]
[16, 66]
[13, 16]
[16, 134]
[16, 37]
[16, 173]
[16, 91]
[16, 40]
[16, 163]
[16, 145]
[16, 179]
[7, 16]
[16, 58]
[16, 130]
[16, 165]
[16, 59]
[16, 172]
[16, 156]
[16, 88]
[16, 162]
[16, 167]
[6, 16]
[16, 73]
[16, 102]
[10, 16]
[16, 153]
[16, 137]
[16, 155]
[16, 183]
[16, 158]
[16, 20]
[16, 71]
[0, 16]
[16, 74]
[16, 135]
[16, 50]
[16, 121]
[16, 124]
[16, 104]
[17, 104]
[8, 104]
[104, 168]
[2, 104]
[104, 132]
[63, 104]
[11, 104]
[104, 159]
[62, 104]
[15, 104]
[104, 122]
[26, 104]
[53, 104]
[104, 105]
[68, 104]
[104, 116]
[104, 133]
[101, 104]
[31, 104]
[49, 104]
[104, 173]
[91, 104]
[104, 145]
[7, 104]
[58, 104]
[104, 152]
[104, 130]
[90, 104]
[59, 104]
[25, 104]
[104, 126]
[102, 104]
[10, 104]
[32, 104]
[104, 163]
[104, 172]
[104, 118]
[69, 104]
[104, 135]
[36, 104]
[104, 121]
[70, 121]
[3, 121]
[5, 121]
[121, 129]
[18, 121]
[121, 131]
[121, 128]
[121, 146]
[94, 121]
[109, 121]
[82, 121]
[84, 121]
[121, 141]
[28, 121]
[117, 121]
[13, 121]
[121, 134]
[40, 121]
[121, 179]
[99, 121]
[121, 162]
[121, 153]
[121, 155]
[2, 121]
[50, 121]
[31, 121]
[37, 121]
[121, 156]
[116, 121]
[121, 133]
[7, 121]
[115, 121]
[88, 121]
[78, 121]
[60, 121]
[74, 121]
[101, 121]
[102, 121]
[53, 121]
[73, 121]
[121, 150]
[105, 121]
[121, 152]
[121, 163]
[58, 163]
[139, 163]
[34, 163]
[69, 163]
[115, 163]
[116, 163]
[74, 163]
[53, 163]
[73, 163]
[9, 163]
[9, 81]
[2, 9]
[9, 35]
[9, 11]
[9, 173]
[9, 94]
[9, 176]
[9, 33]
[9, 66]
[9, 15]
[9, 25]
[9, 93]
[9, 182]
[9, 31]
[9, 134]
[9, 167]
[9, 12]
[7, 9]
[9, 126]
[9, 125]
[9, 49]
[3, 9]
[9, 107]
[9, 179]
[9, 102]
[9, 18]
[9, 122]
[9, 158]
[9, 43]
[9, 145]
[9, 52]
[9, 155]
[9, 97]
[9, 78]
[9, 131]
[9, 90]
[9, 153]
[9, 133]
[9, 149]
[9, 71]
[9, 29]
[9, 124]
[9, 165]
[9, 157]
[9, 69]
[9, 147]
[9, 137]
[9, 74]
[9, 115]
[9, 73]
[1, 73]
[73, 106]
[70, 73]
[73, 120]
[73, 81]
[24, 73]
[73, 85]
[73, 132]
[67, 73]
[73, 108]
[37, 73]
[8, 73]
[73, 173]
[73, 109]
[73, 84]
[73, 171]
[73, 89]
[54, 73]
[50, 73]
[41, 73]
[73, 176]
[17, 73]
[33, 73]
[39, 73]
[73, 151]
[62, 73]
[14, 73]
[73, 93]
[73, 160]
[73, 128]
[73, 182]
[73, 134]
[73, 167]
[73, 80]
[7, 73]
[73, 125]
[28, 73]
[73, 117]
[49, 73]
[73, 179]
[73, 86]
[18, 73]
[73, 122]
[59, 73]
[73, 141]
[73, 130]
[73, 99]
[43, 73]
[52, 73]
[40, 73]
[73, 155]
[73, 172]
[73, 78]
[73, 83]
[73, 153]
[73, 133]
[73, 139]
[73, 149]
[73, 101]
[29, 73]
[20, 73]
[73, 157]
[73, 116]
[69, 73]
[34, 73]
[73, 96]
[73, 74]
[73, 115]
[73, 105]
[73, 150]
[73, 124]
[32, 73]
[6, 49]
[6, 97]
[6, 127]
[6, 53]
[53, 63]
[53, 67]
[53, 108]
[53, 146]
[13, 53]
[37, 53]
[2, 53]
[19, 53]
[11, 53]
[53, 109]
[14, 53]
[53, 93]
[53, 160]
[53, 167]
[3, 53]
[53, 179]
[18, 53]
[53, 83]
[46, 53]
[53, 80]
[53, 162]
[40, 53]
[53, 172]
[53, 78]
[49, 53]
[53, 158]
[53, 133]
[122, 133]
[91, 133]
[31, 133]
[59, 133]
[133, 141]
[133, 154]
[127, 133]
[67, 133]
[133, 167]
[133, 172]
[78, 133]
[49, 133]
[133, 158]
[133, 145]
[131, 133]
[46, 133]
[10, 133]
[133, 149]
[98, 133]
[20, 133]
[101, 133]
[133, 153]
[88, 133]
[133, 156]
[133, 157]
[133, 147]
[6, 133]
[133, 139]
[96, 133]
[60, 133]
[69, 133]
[74, 133]
[133, 135]
[71, 133]
[133, 165]
[27, 165]
[120, 165]
[24, 165]
[164, 165]
[132, 165]
[23, 165]
[45, 165]
[165, 168]
[165, 173]
[39, 165]
[151, 165]
[66, 165]
[62, 165]
[128, 165]
[165, 182]
[134, 165]
[8, 165]
[5, 165]
[146, 165]
[13, 165]
[37, 165]
[11, 165]
[14, 165]
[3, 165]
[165, 179]
[130, 165]
[2, 165]
[119, 165]
[89, 165]
[160, 165]
[59, 165]
[165, 167]
[152, 165]
[102, 165]
[125, 165]
[116, 165]
[124, 165]
[68, 165]
[78, 165]
[105, 165]
[115, 165]
[31, 165]
[77, 165]
[165, 183]
[127, 165]
[154, 165]
[165, 172]
[49, 165]
[46, 165]
[118, 165]
[10, 165]
[149, 165]
[98, 165]
[156, 165]
[53, 165]
[126, 165]
[88, 165]
[147, 165]
[96, 165]
[56, 165]
[69, 165]
[71, 165]
[6, 165]
[74, 165]
[74, 120]
[74, 79]
[74, 169]
[23, 74]
[74, 177]
[4, 74]
[74, 94]
[74, 84]
[33, 74]
[39, 74]
[66, 74]
[25, 74]
[74, 128]
[74, 107]
[35, 74]
[8, 74]
[63, 74]
[74, 108]
[13, 74]
[37, 74]
[11, 74]
[74, 109]
[18, 74]
[74, 80]
[2, 74]
[40, 74]
[74, 83]
[74, 89]
[74, 160]
[50, 74]
[59, 74]
[28, 74]
[58, 74]
[74, 125]
[29, 74]
[74, 150]
[74, 111]
[74, 117]
[74, 78]
[74, 158]
[26, 74]
[74, 172]
[49, 74]
[36, 74]
[74, 145]
[74, 153]
[74, 162]
[44, 74]
[60, 74]
[74, 105]
[74, 157]
[74, 149]
[74, 98]
[74, 126]
[74, 96]
[71, 74]
[6, 74]
[22, 74]
[22, 115]
[22, 88]
[22, 137]
[31, 137]
[49, 137]
[105, 137]
[137, 154]
[90, 137]
[97, 137]
[137, 157]
[68, 137]
[118, 137]
[124, 137]
[96, 137]
[53, 137]
[137, 147]
[106, 147]
[81, 147]
[24, 147]
[147, 164]
[23, 147]
[82, 147]
[84, 147]
[33, 147]
[39, 147]
[25, 147]
[147, 182]
[107, 147]
[37, 147]
[11, 147]
[14, 147]
[2, 147]
[19, 147]
[67, 147]
[28, 147]
[147, 155]
[26, 147]
[7, 147]
[46, 147]
[145, 147]
[59, 147]
[40, 147]
[83, 147]
[125, 147]
[10, 147]
[122, 147]
[130, 147]
[141, 147]
[147, 162]
[147, 153]
[44, 147]
[71, 147]
[117, 147]
[51, 147]
[43, 147]
[147, 172]
[147, 158]
[131, 147]
[49, 147]
[135, 147]
[20, 147]
[105, 147]
[139, 147]
[29, 147]
[69, 147]
[6, 147]
[36, 147]
[18, 147]
[97, 147]
[88, 147]
[98, 147]
[147, 157]
[147, 149]
[53, 147]
[96, 147]
[96, 132]
[96, 173]
[84, 96]
[33, 96]
[39, 96]
[96, 108]
[2, 96]
[67, 96]
[10, 96]
[11, 96]
[3, 96]
[96, 179]
[96, 155]
[12, 96]
[96, 134]
[38, 96]
[7, 96]
[96, 145]
[40, 96]
[57, 96]
[78, 96]
[54, 96]
[96, 127]
[96, 156]
[96, 126]
[96, 160]
[71, 96]
[51, 96]
[43, 96]
[96, 172]
[80, 96]
[96, 131]
[58, 96]
[96, 139]
[29, 96]
[50, 96]
[69, 96]
[6, 96]
[96, 101]
[68, 96]
[96, 115]
[96, 116]
[96, 124]
[96, 97]
[96, 98]
[53, 96]
[28, 53]
[12, 53]
[53, 157]
[53, 145]
[53, 156]
[53, 102]
[53, 58]
[53, 139]
[29, 53]
[53, 88]
[34, 53]
[53, 153]
[53, 150]
[10, 53]
[53, 60]
[53, 68]
[53, 115]
[53, 116]
[116, 173]
[39, 116]
[107, 116]
[116, 122]
[33, 116]
[116, 134]
[13, 116]
[116, 154]
[116, 127]
[19, 116]
[67, 116]
[116, 162]
[116, 158]
[3, 116]
[46, 116]
[116, 160]
[26, 116]
[7, 116]
[116, 125]
[52, 116]
[15, 116]
[12, 116]
[80, 116]
[116, 149]
[102, 116]
[116, 153]
[6, 116]
[111, 116]
[20, 116]
[29, 116]
[116, 139]
[116, 152]
[71, 116]
[60, 116]
[116, 156]
[116, 124]
[124, 128]
[91, 124]
[124, 131]
[20, 176]
[54, 150]
[20, 39]
[150, 166]
[39, 69]
[67, 69]
[37, 69]
[69, 94]
[23, 69]
[1, 69]
[69, 164]
[17, 20]
[69, 176]
[69, 177]
[69, 129]
[20, 93]
[15, 20]
[20, 62]
[20, 151]
[20, 130]
[5, 20]
[20, 33]
[14, 20]
[20, 167]
[20, 145]
[20, 155]
[20, 46]
[20, 59]
[20, 141]
[20, 162]
[20, 134]
[20, 182]
[20, 99]
[20, 102]
[20, 28]
[18, 20]
[20, 160]
[20, 122]
[20, 125]
[20, 52]
[20, 153]
[20, 80]
[20, 51]
[20, 90]
[0, 20]
[20, 111]
[20, 58]
[20, 172]
[20, 88]
[20, 135]
[20, 118]
[20, 105]
[69, 171]
[63, 69]
[69, 146]
[97, 149]
[111, 179]
[111, 134]
[111, 173]
[111, 182]
[107, 111]
[111, 129]
[35, 111]
[94, 111]
[11, 111]
[12, 111]
[19, 111]
[93, 111]
[8, 111]
[83, 111]
[109, 111]
[111, 155]
[111, 141]
[99, 111]
[49, 111]
[111, 131]
[111, 117]
[111, 167]
[102, 111]
[111, 158]
[91, 111]
[111, 153]
[135, 173]
[37, 135]
[150, 183]
[6, 150]
[105, 150]
[150, 157]
[63, 135]
[66, 135]
[33, 135]
[114, 135]
[2, 135]
[13, 135]
[38, 135]
[23, 135]
[67, 135]
[135, 154]
[107, 135]
[12, 135]
[128, 135]
[14, 135]
[57, 135]
[46, 135]
[26, 135]
[83, 135]
[8, 135]
[109, 135]
[49, 135]
[131, 135]
[135, 179]
[117, 135]
[36, 135]
[43, 135]
[126, 135]
[135, 158]
[91, 135]
[9, 135]
[127, 135]
[49, 58]
[31, 58]
[58, 141]
[58, 97]
[58, 111]
[20, 124]
[83, 124]
[51, 124]
[29, 124]
[124, 149]
[124, 172]
[124, 127]
[58, 124]
[97, 124]
[124, 135]
[71, 83]
[26, 71]
[71, 146]
[33, 71]
[66, 71]
[71, 168]
[24, 71]
[90, 125]
[43, 90]
[52, 90]
[10, 90]
[90, 111]
[90, 149]
[90, 118]
[60, 90]
[69, 90]
[71, 84]
[5, 71]
[71, 145]
[71, 82]
[2, 71]
[70, 71]
[37, 71]
[4, 71]
[67, 71]
[71, 154]
[71, 107]
[71, 129]
[45, 71]
[35, 71]
[71, 181]
[17, 71]
[19, 71]
[8, 71]
[71, 109]
[71, 134]
[28, 71]
[71, 155]
[71, 122]
[59, 71]
[71, 131]
[18, 71]
[71, 128]
[71, 179]
[71, 117]
[7, 71]
[71, 126]
[71, 141]
[29, 71]
[20, 71]
[71, 172]
[71, 162]
[58, 71]
[71, 97]
[71, 124]
[115, 117]
[18, 115]
[59, 115]
[115, 122]
[115, 154]
[114, 183]
[57, 183]
[160, 183]
[130, 183]
[166, 183]
[71, 183]
[36, 115]
[6, 124]
[6, 115]
[29, 115]
[115, 158]
[115, 141]
[98, 157]
[24, 157]
[84, 157]
[33, 157]
[1, 157]
[66, 157]
[108, 157]
[120, 157]
[151, 157]
[106, 157]
[146, 157]
[39, 157]
[82, 157]
[13, 157]
[70, 157]
[23, 157]
[67, 157]
[157, 182]
[94, 157]
[11, 157]
[12, 157]
[3, 157]
[46, 157]
[26, 157]
[19, 157]
[93, 157]
[109, 157]
[28, 157]
[155, 157]
[157, 171]
[86, 157]
[131, 157]
[101, 157]
[157, 179]
[157, 167]
[78, 157]
[83, 157]
[127, 157]
[157, 162]
[157, 158]
[141, 157]
[49, 157]
[31, 157]
[157, 160]
[130, 157]
[6, 157]
[6, 135]
[135, 157]
[125, 157]
[52, 157]
[71, 149]
[71, 125]
[10, 71]
[71, 157]
[71, 135]
[111, 115]
[111, 157]
[19, 156]
[146, 156]
[66, 156]
[1, 156]
[24, 156]
[84, 156]
[62, 156]
[151, 156]
[57, 156]
[39, 156]
[70, 156]
[156, 177]
[156, 173]
[107, 156]
[129, 156]
[94, 156]
[81, 156]
[108, 156]
[12, 156]
[14, 156]
[46, 156]
[80, 156]
[109, 156]
[134, 156]
[28, 156]
[155, 156]
[131, 156]
[156, 179]
[78, 156]
[29, 156]
[132, 156]
[83, 156]
[156, 162]
[153, 156]
[122, 156]
[59, 156]
[18, 156]
[141, 156]
[49, 156]
[58, 156]
[114, 156]
[130, 156]
[156, 157]
[135, 156]
[52, 156]
[111, 156]
[101, 105]
[105, 124]
[105, 149]
[105, 115]
[6, 105]
[105, 135]
[71, 105]
[105, 111]
[0, 10]
[0, 9]
[0, 104]
[0, 126]
[0, 153]
[0, 149]
[101, 152]
[150, 152]
[58, 152]
[6, 152]
[152, 183]
[115, 152]
[152, 157]
[84, 139]
[39, 139]
[62, 139]
[139, 176]
[82, 139]
[2, 139]
[13, 139]
[70, 139]
[24, 139]
[139, 177]
[67, 139]
[94, 139]
[11, 139]
[12, 139]
[128, 139]
[139, 179]
[50, 139]
[132, 139]
[139, 172]
[127, 139]
[59, 139]
[139, 158]
[17, 139]
[46, 139]
[80, 139]
[8, 139]
[109, 139]
[134, 139]
[139, 145]
[86, 139]
[41, 139]
[139, 167]
[31, 139]
[130, 139]
[124, 139]
[126, 139]
[122, 139]
[139, 156]
[115, 139]
[139, 183]
[105, 139]
[88, 124]
[13, 34]
[15, 34]
[25, 34]
[5, 34]
[34, 120]
[34, 151]
[34, 170]
[34, 89]
[34, 37]
[4, 34]
[34, 182]
[34, 107]
[34, 85]
[34, 98]
[34, 164]
[34, 171]
[34, 36]
[34, 91]
[34, 141]
[34, 49]
[14, 34]
[3, 34]
[34, 93]
[28, 34]
[34, 40]
[34, 131]
[34, 125]
[34, 111]
[34, 135]
[34, 150]
[2, 34]
[34, 177]
[34, 67]
[34, 94]
[11, 34]
[12, 34]
[34, 179]
[34, 50]
[34, 132]
[34, 172]
[34, 127]
[34, 59]
[34, 80]
[8, 34]
[34, 134]
[34, 145]
[34, 167]
[34, 139]
[34, 152]
[34, 88]
[34, 52]
[34, 60]
[34, 71]
[34, 157]
[34, 118]
[36, 88]
[52, 139]
[38, 88]
[88, 171]
[88, 131]
[88, 111]
[88, 135]
[6, 88]
[88, 127]
[46, 88]
[41, 88]
[31, 88]
[88, 115]
[88, 105]
[46, 69]
[28, 69]
[26, 69]
[3, 69]
[69, 108]
[14, 69]
[69, 134]
[7, 69]
[69, 181]
[19, 69]
[69, 93]
[69, 155]
[40, 69]
[69, 102]
[69, 83]
[69, 162]
[69, 154]
[69, 125]
[43, 69]
[17, 69]
[69, 101]
[69, 80]
[8, 69]
[69, 126]
[69, 109]
[69, 145]
[69, 86]
[69, 167]
[69, 153]
[69, 150]
[69, 122]
[69, 130]
[69, 131]
[6, 69]
[41, 69]
[31, 69]
[69, 139]
[71, 88]
[71, 139]
[88, 157]
[139, 157]
[37, 118]
[106, 118]
[25, 118]
[66, 118]
[5, 118]
[118, 120]
[118, 151]
[118, 146]
[23, 118]
[118, 173]
[107, 118]
[35, 118]
[98, 118]
[18, 118]
[19, 118]
[118, 155]
[102, 118]
[83, 118]
[118, 162]
[71, 118]
[43, 118]
[84, 118]
[118, 177]
[67, 118]
[11, 118]
[12, 118]
[118, 172]
[8, 118]
[118, 145]
[86, 118]
[36, 118]
[118, 131]
[111, 118]
[118, 127]
[118, 124]
[118, 126]
[60, 143]
[69, 71]
[69, 157]
[20, 60]
[60, 112]
[60, 149]
[60, 156]
[60, 88]
[60, 157]
[60, 139]
[118, 135]
[118, 149]
[118, 152]
[88, 118]
[118, 139]
[69, 118]
[60, 118]
[6, 68]
[68, 158]
[68, 91]
[68, 105]
[68, 90]
[68, 86]
[68, 124]
[34, 68]
[68, 135]
[68, 153]
[68, 149]
[68, 152]
[68, 71]
[68, 118]
[68, 69]
[60, 68]
[0, 52]
[0, 69]
[0, 60]
