[8, 9, 10, 12, 21]
[2, 6, 13, 16, 21]
[0, 8, 9, 10, 12]
[0, 8, 10, 12, 20]
[14, 15, 19, 31, 33]
[2, 3, 6, 13, 37]
[6, 13, 31, 33, 37]
[14, 17, 24, 29, 36]
[5, 7, 9, 29, 39]
[9, 14, 16, 29, 34]
[6, 15, 31, 33, 37]
[2, 6, 15, 31, 37]
[5, 24, 36, 37, 38]
[3, 26, 30, 35, 37]
[11, 24, 31, 35, 39]
[11, 24, 28, 31, 39]
[2, 24, 28, 31, 37]
[13, 19, 31, 33, 37]
[2, 13, 26, 31, 37]
[2, 6, 10, 23, 31]
[0, 6, 10, 18, 23]
[11, 23, 31, 35, 39]
[1, 11, 23, 31, 39]
[10, 11, 17, 18, 23]
[2, 7, 17, 20, 23]
[7, 22, 23, 35, 39]
[5, 7, 22, 23, 39]
[5, 7, 9, 23, 39]
[0, 1, 18, 23, 39]
[5, 18, 22, 23, 39]
[0, 18, 22, 23, 39]
[2, 15, 22, 23, 37]
[5, 15, 22, 23, 37]
[2, 7, 21, 22, 23]
[12, 16, 24, 29, 32]
[12, 15, 26, 31, 33]
[12, 15, 26, 31, 37]
[8, 12, 15, 29, 33]
[12, 24, 28, 29, 32]
[8, 10, 12, 20, 33]
[10, 12, 17, 20, 33]
[10, 12, 20, 31, 33]
[2, 10, 20, 30, 31]
[8, 12, 20, 29, 33]
[2, 10, 20, 23, 31]
[2, 10, 17, 20, 23]
[1, 11, 18, 23, 39]
[4, 28, 30, 31, 37]
[12, 15, 31, 33, 37]
[6, 13, 18, 33, 37]
[6, 13, 17, 18, 33]
[5, 7, 9, 25, 39]
[4, 15, 25, 31, 37]
[2, 15, 25, 31, 37]
[5, 7, 29, 32, 39]
[6, 10, 17, 18, 23]
[14, 17, 20, 29, 33]
[6, 10, 17, 18, 38]
[2, 3, 6, 28, 32]
[2, 6, 15, 25, 31]
[14, 17, 20, 29, 36]
[14, 17, 20, 29, 34]
[3, 7, 8, 22, 35]
[0, 9, 23, 27, 39]
[2, 6, 15, 23, 31]
[2, 6, 10, 17, 23]
[6, 10, 17, 18, 33]
[0, 6, 18, 22, 23]
[12, 14, 15, 29, 33]
[12, 14, 17, 29, 33]
[7, 17, 20, 23, 27]
[7, 9, 23, 27, 39]
[4, 9, 12, 25, 37]
[9, 12, 16, 25, 37]
[12, 16, 18, 25, 37]
[12, 16, 18, 24, 25]
[12, 17, 18, 24, 38]
[10, 12, 17, 18, 24]
[10, 12, 17, 24, 38]
[2, 6, 16, 21, 25]
[6, 16, 18, 21, 25]
[12, 16, 18, 21, 25]
[6, 18, 21, 22, 25]
[5, 18, 21, 22, 25]
[5, 7, 21, 22, 25]
[2, 6, 21, 22, 25]
[11, 24, 28, 32, 39]
[11, 14, 24, 28, 32]
[6, 11, 13, 21, 25]
[11, 13, 18, 21, 25]
[6, 11, 13, 18, 21]
[8, 11, 13, 18, 21]
[6, 10, 11, 21, 23]
[6, 10, 11, 18, 21]
[8, 10, 11, 18, 21]
[10, 11, 18, 21, 23]
[6, 10, 11, 17, 23]
[6, 10, 11, 23, 31]
[6, 10, 11, 17, 38]
[10, 11, 17, 18, 38]
[2, 13, 21, 22, 25]
[6, 13, 21, 22, 25]
[13, 21, 22, 25, 37]
[2, 7, 21, 22, 25]
[2, 21, 22, 25, 37]
[6, 21, 22, 25, 37]
[12, 17, 20, 29, 33]
[6, 17, 23, 27, 36]
[2, 6, 15, 22, 23]
[0, 6, 15, 22, 23]
[2, 6, 15, 22, 37]
[2, 3, 6, 22, 37]
[6, 15, 22, 33, 37]
[6, 15, 19, 22, 33]
[6, 19, 22, 33, 37]
[2, 6, 22, 23, 37]
[6, 15, 22, 23, 37]
[6, 15, 19, 31, 33]
[12, 14, 17, 20, 29]
[14, 17, 20, 27, 34]
[0, 8, 9, 27, 34]
[0, 8, 20, 27, 34]
[2, 24, 25, 31, 37]
[2, 6, 25, 31, 37]
[5, 7, 9, 27, 39]
[15, 19, 31, 33, 37]
[2, 28, 30, 31, 37]
[5, 15, 19, 22, 37]
[15, 19, 22, 33, 37]
[2, 15, 22, 25, 37]
[2, 15, 23, 31, 37]
[15, 23, 31, 35, 37]
[15, 22, 23, 35, 37]
[2, 21, 22, 23, 37]
[5, 7, 22, 25, 39]
[5, 9, 27, 38, 39]
[5, 9, 23, 27, 39]
[5, 7, 23, 27, 39]
[12, 18, 21, 25, 37]
[12, 18, 24, 25, 37]
[0, 1, 8, 12, 18]
[0, 8, 10, 12, 18]
[17, 26, 27, 34, 38]
[2, 26, 28, 30, 31]
[2, 26, 28, 31, 37]
[12, 14, 20, 29, 33]
[12, 14, 17, 20, 33]
[4, 12, 20, 25, 31]
[5, 15, 22, 25, 37]
[5, 18, 24, 25, 39]
[5, 19, 32, 36, 37]
[13, 14, 19, 32, 36]
[13, 19, 32, 36, 37]
[5, 18, 21, 22, 37]
[5, 18, 21, 22, 23]
[5, 21, 22, 23, 37]
[3, 6, 28, 32, 37]
[6, 16, 18, 21, 37]
[1, 18, 21, 23, 37]
[5, 18, 21, 23, 37]
[18, 21, 22, 23, 37]
[1, 8, 11, 18, 21]
[3, 8, 11, 34, 35]
[2, 6, 21, 22, 37]
[4, 17, 20, 27, 36]
[4, 20, 27, 30, 36]
[2, 3, 22, 28, 37]
[2, 21, 22, 28, 37]
[2, 6, 22, 28, 37]
[2, 6, 21, 22, 28]
[2, 3, 6, 22, 28]
[3, 6, 22, 28, 37]
[6, 21, 22, 28, 37]
[6, 18, 21, 22, 37]
[6, 18, 21, 22, 38]
[6, 21, 22, 37, 38]
[18, 21, 22, 37, 38]
[5, 18, 21, 22, 38]
[5, 21, 22, 37, 38]
[5, 7, 21, 22, 23]
[6, 21, 22, 23, 37]
[6, 18, 21, 22, 23]
[2, 6, 21, 22, 23]
[18, 21, 22, 25, 37]
[5, 21, 22, 25, 37]
[5, 13, 21, 22, 25]
[13, 18, 21, 22, 25]
[13, 16, 18, 21, 25]
[5, 13, 18, 21, 25]
[13, 16, 21, 25, 26]
[11, 13, 21, 25, 26]
[13, 21, 25, 26, 37]
[16, 21, 25, 26, 37]
[12, 21, 25, 26, 37]
[12, 16, 21, 25, 37]
[9, 12, 21, 25, 37]
[9, 16, 21, 25, 37]
[5, 9, 21, 25, 37]
[5, 13, 21, 25, 37]
[13, 16, 21, 25, 37]
[5, 13, 25, 36, 37]
[5, 13, 32, 36, 37]
[5, 13, 18, 32, 37]
[2, 3, 13, 32, 37]
[2, 3, 28, 32, 37]
[2, 3, 6, 32, 37]
[2, 6, 28, 32, 37]
[2, 6, 13, 32, 37]
[6, 13, 18, 32, 37]
[3, 6, 13, 32, 37]
[6, 13, 32, 36, 37]
[2, 3, 6, 13, 32]
[2, 6, 13, 31, 37]
[6, 18, 22, 33, 37]
[5, 9, 21, 27, 38]
[6, 17, 27, 36, 38]
[5, 13, 18, 25, 39]
[5, 7, 9, 23, 27]
[17, 20, 23, 27, 36]
[5, 13, 19, 27, 36]
[13, 14, 19, 27, 36]
[13, 14, 17, 27, 36]
[6, 13, 17, 27, 36]
[14, 17, 20, 27, 36]
[2, 6, 13, 25, 31]
[6, 13, 19, 27, 36]
[6, 13, 19, 31, 33]
[6, 13, 19, 32, 36]
[6, 19, 32, 36, 37]
[0, 6, 15, 22, 25]
[0, 6, 13, 22, 25]
[2, 6, 22, 25, 37]
[2, 6, 15, 22, 25]
[11, 14, 24, 28, 31]
[11, 24, 25, 31, 39]
[11, 18, 24, 25, 39]
[10, 11, 17, 24, 38]
[0, 13, 18, 25, 39]
[5, 13, 18, 25, 37]
[13, 16, 18, 25, 39]
[13, 16, 18, 25, 37]
[2, 13, 25, 31, 37]
[2, 13, 16, 25, 37]
[2, 13, 16, 32, 37]
[13, 14, 19, 31, 33]
[12, 16, 24, 32, 37]
[12, 14, 16, 24, 32]
[12, 14, 24, 29, 32]
[11, 18, 24, 32, 39]
[13, 19, 22, 33, 37]
[5, 15, 22, 37, 38]
[5, 13, 19, 22, 37]
[5, 13, 19, 32, 37]
[3, 13, 19, 22, 37]
[0, 13, 22, 25, 39]
[5, 13, 22, 25, 37]
[5, 13, 22, 25, 39]
[2, 13, 22, 25, 37]
[12, 14, 28, 29, 32]
[4, 12, 28, 32, 37]
[12, 14, 16, 29, 32]
[12, 14, 28, 29, 33]
[4, 12, 15, 25, 37]
[4, 12, 25, 31, 37]
[12, 14, 20, 31, 33]
[3, 13, 14, 19, 32]
[2, 3, 28, 30, 37]
[2, 3, 13, 22, 37]
[3, 13, 19, 32, 37]
[1, 12, 28, 31, 37]
[4, 12, 28, 31, 37]
[12, 28, 31, 33, 37]
[12, 14, 28, 31, 33]
[4, 12, 15, 31, 37]
[12, 15, 31, 35, 37]
[5, 13, 19, 32, 36]
[6, 13, 19, 32, 37]
[3, 6, 13, 19, 32]
[9, 12, 14, 16, 29]
[12, 14, 15, 31, 33]
[4, 12, 15, 25, 31]
[12, 15, 25, 31, 37]
[5, 13, 19, 36, 37]
[2, 6, 23, 31, 37]
[6, 15, 25, 31, 37]
[6, 15, 22, 25, 37]
[2, 6, 15, 25, 37]
[2, 6, 16, 25, 37]
[5, 18, 22, 38, 39]
[5, 18, 22, 23, 37]
[5, 18, 22, 37, 38]
[5, 18, 22, 25, 39]
[5, 18, 22, 25, 37]
[0, 18, 22, 25, 39]
[0, 6, 18, 22, 25]
[2, 3, 6, 28, 37]
[2, 6, 28, 31, 37]
[2, 13, 16, 21, 37]
[2, 6, 15, 23, 37]
[6, 15, 22, 37, 38]
[6, 15, 19, 22, 37]
[6, 15, 19, 31, 37]
[6, 15, 19, 33, 37]
[10, 12, 17, 18, 38]
[10, 12, 17, 18, 33]
[8, 10, 12, 18, 33]
[6, 19, 31, 33, 37]
[6, 28, 31, 33, 37]
[3, 6, 19, 22, 37]
[6, 22, 28, 33, 37]
[6, 15, 23, 31, 37]
[6, 18, 22, 25, 37]
[6, 18, 22, 37, 38]
[6, 18, 22, 23, 37]
[6, 13, 22, 25, 37]
[2, 6, 13, 22, 25]
[6, 13, 18, 22, 25]
[3, 6, 13, 22, 37]
[6, 13, 22, 33, 37]
[2, 6, 13, 22, 37]
[6, 13, 18, 22, 37]
[5, 13, 18, 22, 37]
[6, 16, 18, 25, 37]
[2, 6, 13, 16, 37]
[2, 6, 13, 16, 25]
[6, 13, 16, 18, 25]
[6, 13, 25, 36, 37]
[3, 6, 13, 19, 37]
[3, 11, 14, 28, 34]
[11, 14, 28, 31, 34]
[3, 6, 13, 19, 22]
[1, 11, 28, 31, 39]
[11, 13, 25, 31, 39]
[11, 13, 18, 25, 39]
[11, 17, 18, 34, 38]
[11, 18, 24, 38, 39]
[11, 13, 18, 32, 39]
[6, 13, 19, 31, 37]
[6, 13, 19, 33, 37]
[6, 13, 19, 36, 37]
[6, 13, 16, 25, 37]
[2, 6, 13, 25, 37]
[6, 13, 25, 31, 37]
[6, 11, 13, 25, 31]
[2, 3, 6, 13, 22]
[6, 13, 19, 22, 37]
[6, 13, 19, 22, 33]
[0, 6, 13, 18, 22]
[6, 13, 16, 18, 37]
[6, 10, 11, 18, 23]
[6, 11, 17, 18, 23]
[6, 10, 11, 17, 18]
[6, 10, 11, 18, 38]
[6, 11, 17, 18, 38]
[6, 11, 13, 17, 18]
[6, 11, 13, 18, 25]
[0, 6, 13, 18, 25]
[6, 13, 18, 25, 37]
[13, 18, 22, 25, 39]
[5, 13, 18, 22, 25]
[2, 6, 13, 21, 25]
[6, 13, 16, 21, 25]
[9, 12, 16, 21, 25]
[8, 13, 18, 22, 33]
[13, 18, 22, 33, 39]
[5, 13, 18, 22, 39]
[3, 11, 14, 28, 32]
[3, 11, 13, 14, 32]
[3, 6, 11, 13, 32]
[5, 13, 18, 32, 39]
[2, 6, 13, 16, 32]
[6, 13, 16, 18, 32]
[3, 6, 19, 32, 37]
[0, 8, 13, 18, 22]
[11, 13, 25, 26, 39]
[13, 26, 31, 33, 39]
[13, 16, 25, 26, 39]
[0, 13, 18, 22, 39]
[12, 14, 16, 24, 29]
[12, 14, 17, 24, 29]
[6, 13, 18, 22, 33]
[13, 16, 18, 32, 39]
[0, 13, 18, 22, 25]
[6, 11, 13, 18, 32]
[10, 11, 18, 24, 38]
[10, 11, 17, 18, 24]
[12, 14, 24, 28, 29]
[12, 14, 24, 28, 31]
[16, 18, 24, 25, 39]
[2, 13, 16, 25, 26]
[2, 13, 25, 26, 31]
[13, 25, 26, 31, 39]
[12, 15, 25, 26, 31]
[2, 15, 25, 26, 31]
[12, 15, 26, 31, 35]
[26, 28, 31, 33, 39]
[12, 26, 28, 31, 33]
[2, 3, 26, 28, 30]
[3, 11, 26, 34, 35]
[11, 26, 31, 34, 35]
[11, 17, 26, 34, 38]
[11, 25, 26, 31, 34]
[3, 11, 26, 28, 34]
[11, 26, 28, 31, 34]
[11, 26, 28, 30, 31]
[3, 11, 26, 28, 30]
[11, 26, 28, 31, 39]
[3, 6, 11, 28, 32]
[11, 13, 26, 31, 39]
[11, 26, 30, 31, 35]
[11, 13, 25, 26, 31]
[11, 25, 26, 31, 39]
[3, 11, 26, 30, 35]
[11, 26, 31, 35, 39]
[2, 13, 21, 25, 26]
[5, 9, 21, 23, 27]
[7, 9, 21, 23, 27]
[7, 8, 9, 21, 27]
[2, 13, 16, 21, 25]
[12, 16, 21, 25, 26]
[2, 13, 16, 21, 26]
[2, 6, 13, 21, 22]
[8, 13, 18, 21, 22]
[6, 13, 18, 21, 22]
[6, 13, 16, 18, 21]
[6, 13, 18, 21, 25]
[14, 24, 28, 29, 32]
[24, 28, 29, 32, 39]
[14, 24, 29, 32, 36]
[5, 24, 29, 32, 36]
[5, 24, 29, 32, 39]
[12, 14, 24, 28, 32]
[14, 19, 24, 32, 36]
[5, 19, 24, 32, 36]
[5, 18, 24, 32, 39]
[5, 18, 24, 38, 39]
[14, 16, 24, 29, 32]
[16, 24, 29, 32, 39]
[16, 18, 24, 32, 39]
[12, 16, 18, 24, 32]
[11, 17, 18, 24, 38]
[5, 7, 9, 21, 29]
[9, 12, 16, 21, 29]
[7, 8, 9, 21, 29]
[2, 16, 21, 25, 26]
[2, 6, 10, 21, 23]
[2, 7, 21, 25, 26]
[8, 10, 12, 18, 21]
[1, 8, 12, 18, 21]
[5, 13, 18, 21, 22]
[6, 11, 18, 21, 25]
[10, 12, 18, 21, 38]
[10, 12, 18, 24, 38]
[5, 7, 9, 21, 27]
[5, 7, 9, 21, 23]
[5, 7, 9, 21, 25]
[8, 9, 12, 21, 29]
[6, 10, 18, 21, 23]
[6, 11, 18, 21, 23]
[5, 7, 21, 23, 27]
[1, 11, 18, 21, 23]
[6, 11, 18, 21, 38]
[10, 11, 18, 21, 38]
[6, 10, 11, 21, 38]
[6, 10, 18, 21, 38]
[10, 17, 18, 24, 38]
[9, 10, 12, 21, 38]
[2, 6, 21, 23, 37]
[2, 6, 21, 28, 37]
[2, 6, 16, 32, 37]
[6, 13, 16, 21, 37]
[6, 13, 16, 32, 37]
[13, 16, 18, 32, 37]
[13, 16, 18, 21, 37]
[5, 13, 18, 21, 37]
[13, 18, 21, 22, 37]
[13, 18, 21, 25, 37]
[6, 13, 18, 21, 37]
[5, 19, 24, 36, 37]
[12, 24, 31, 35, 37]
[12, 24, 28, 31, 37]
[12, 24, 25, 31, 37]
[15, 26, 31, 33, 37]
[26, 28, 31, 33, 37]
[12, 16, 24, 25, 37]
[12, 16, 24, 35, 37]
[12, 24, 28, 32, 37]
[5, 24, 25, 36, 37]
[5, 24, 32, 36, 37]
[5, 19, 24, 32, 37]
[19, 24, 32, 36, 37]
[2, 24, 28, 32, 37]
[2, 16, 24, 32, 37]
[2, 16, 24, 25, 37]
[2, 16, 25, 26, 37]
[2, 13, 16, 26, 37]
[5, 9, 21, 23, 37]
[12, 16, 25, 26, 37]
[12, 16, 26, 35, 37]
[12, 16, 21, 26, 37]
[2, 3, 26, 30, 37]
[2, 3, 26, 28, 37]
[13, 18, 22, 25, 37]
[16, 18, 21, 25, 37]
[2, 16, 21, 25, 37]
[2, 25, 26, 31, 37]
[2, 15, 25, 26, 37]
[2, 13, 25, 26, 37]
[15, 25, 26, 31, 37]
[15, 26, 31, 35, 37]
[5, 18, 24, 32, 37]
[5, 18, 24, 37, 38]
[12, 18, 24, 37, 38]
[16, 18, 24, 25, 37]
[13, 16, 25, 26, 37]
[2, 15, 26, 31, 37]
[13, 25, 26, 31, 37]
[26, 28, 30, 31, 37]
[26, 30, 31, 35, 37]
[3, 26, 28, 30, 37]
[13, 26, 31, 33, 37]
[9, 12, 21, 37, 38]
[12, 21, 26, 37, 38]
[6, 13, 21, 25, 37]
[9, 12, 16, 21, 37]
[12, 21, 26, 28, 37]
[12, 26, 31, 35, 37]
[12, 26, 31, 33, 37]
[12, 15, 26, 33, 37]
[12, 18, 24, 32, 37]
[12, 16, 18, 24, 37]
[2, 26, 30, 31, 37]
[2, 6, 13, 21, 37]
[2, 13, 21, 22, 37]
[5, 13, 21, 22, 37]
[6, 13, 21, 22, 37]
[5, 9, 21, 37, 38]
[2, 13, 21, 26, 37]
[2, 21, 26, 28, 37]
[2, 13, 21, 25, 37]
[2, 6, 21, 25, 37]
[2, 26, 28, 30, 37]
[2, 3, 13, 26, 37]
[12, 15, 26, 37, 38]
[12, 15, 26, 35, 37]
[12, 26, 28, 33, 37]
[12, 26, 28, 31, 37]
[12, 15, 25, 26, 37]
[12, 16, 18, 32, 37]
[13, 18, 22, 33, 37]
[16, 18, 24, 32, 37]
[6, 16, 18, 32, 37]
[12, 25, 26, 31, 37]
[12, 16, 18, 21, 37]
[12, 18, 21, 37, 38]
[1, 12, 18, 21, 37]
[6, 18, 21, 23, 37]
[6, 18, 21, 37, 38]
[5, 18, 21, 37, 38]
[6, 18, 21, 25, 37]
[5, 18, 21, 25, 37]
[5, 18, 24, 25, 37]
[6, 16, 21, 25, 37]
[2, 21, 25, 26, 37]
[13, 16, 21, 26, 37]
[2, 16, 21, 26, 37]
[1, 12, 21, 28, 37]
[2, 6, 16, 21, 37]
