[22, 23]
[3, 23]
[3, 22]
[1, 22]
[51, 71]
[19, 72]
[8, 72]
[3, 72]
[1, 72]
[4, 72]
[7, 72]
[12, 72]
[23, 72]
[26, 72]
[30, 72]
[31, 72]
[34, 72]
[35, 72]
[44, 72]
[50, 72]
[52, 72]
[53, 72]
[64, 72]
[65, 72]
[69, 72]
[6, 22]
[7, 22]
[8, 22]
[11, 22]
[13, 22]
[14, 22]
[16, 22]
[17, 22]
[18, 22]
[20, 22]
[3, 5]
[2, 5]
[5, 24]
[7, 24]
[3, 21]
[2, 21]
[2, 23]
[1, 23]
[4, 23]
[5, 23]
[6, 23]
[8, 23]
[11, 23]
[12, 23]
[13, 23]
[17, 23]
[18, 23]
[19, 23]
[1, 21]
[4, 21]
[7, 21]
[8, 21]
[9, 21]
[11, 21]
[12, 21]
[13, 21]
[14, 21]
[18, 21]
[19, 21]
[20, 21]
[2, 4]
[1, 4]
[4, 70]
[2, 70]
[3, 4]
[3, 6]
[104, 117]
[83, 117]
[54, 117]
[117, 143]
[26, 117]
[20, 117]
[14, 117]
[11, 117]
[47, 117]
[49, 117]
[27, 117]
[36, 117]
[9, 117]
[41, 117]
[42, 117]
[52, 117]
[67, 117]
[68, 117]
[55, 117]
[57, 117]
[61, 117]
[60, 117]
[59, 117]
[66, 117]
[81, 117]
[15, 117]
[32, 117]
[53, 117]
[10, 117]
[93, 117]
[100, 117]
[97, 117]
[90, 117]
[88, 117]
[46, 117]
[45, 117]
[40, 117]
[51, 117]
[19, 117]
[63, 117]
[69, 117]
[117, 123]
[117, 120]
[117, 118]
[112, 117]
[117, 148]
[117, 126]
[108, 117]
[105, 117]
[117, 147]
[117, 137]
[117, 129]
[117, 128]
[17, 117]
[64, 117]
[80, 117]
[73, 117]
[117, 130]
[117, 149]
[99, 117]
[91, 117]
[89, 117]
[116, 117]
[111, 117]
[113, 117]
[109, 117]
[107, 117]
[117, 152]
[117, 150]
[117, 146]
[117, 139]
[117, 138]
[117, 127]
[65, 117]
[74, 117]
[98, 117]
[117, 132]
[22, 24]
[24, 38]
[24, 29]
[24, 62]
[24, 56]
[24, 33]
[9, 24]
[14, 24]
[24, 48]
[11, 16]
[7, 16]
[1, 16]
[1, 47]
[7, 25]
[22, 25]
[23, 71]
[23, 24]
[21, 38]
[21, 56]
[21, 25]
[21, 49]
[21, 52]
[21, 106]
[21, 96]
[21, 86]
[21, 85]
[21, 76]
[21, 131]
[21, 68]
[21, 57]
[21, 60]
[21, 81]
[21, 32]
[21, 58]
[21, 34]
[21, 100]
[21, 90]
[21, 39]
[21, 31]
[21, 95]
[21, 69]
[21, 124]
[21, 123]
[21, 122]
[21, 120]
[21, 118]
[21, 112]
[21, 105]
[21, 151]
[21, 143]
[21, 137]
[21, 135]
[21, 128]
[21, 73]
[21, 130]
[21, 149]
[21, 99]
[21, 91]
[21, 116]
[21, 111]
[21, 152]
[21, 146]
[21, 145]
[21, 141]
[21, 139]
[21, 138]
[21, 136]
[21, 127]
[21, 65]
[21, 74]
[21, 98]
[21, 132]
[41, 50]
[22, 50]
[1, 50]
[50, 55]
[47, 50]
[27, 50]
[11, 55]
[7, 55]
[19, 154]
[19, 71]
[16, 19]
[11, 19]
[19, 55]
[1, 19]
[19, 29]
[19, 47]
[19, 27]
[19, 24]
[19, 67]
[19, 79]
[19, 114]
[19, 82]
[19, 87]
[19, 83]
[19, 61]
[15, 19]
[19, 30]
[19, 97]
[19, 26]
[19, 45]
[19, 43]
[19, 102]
[19, 84]
[19, 77]
[19, 110]
[19, 63]
[19, 126]
[19, 108]
[19, 147]
[19, 142]
[19, 144]
[19, 148]
[19, 140]
[17, 19]
[19, 64]
[19, 80]
[19, 121]
[19, 150]
[19, 134]
[2, 19]
[19, 20]
[12, 19]
[13, 19]
[19, 38]
[19, 49]
[19, 106]
[19, 86]
[19, 68]
[19, 34]
[19, 122]
[19, 151]
[19, 143]
[19, 137]
[19, 135]
[19, 130]
[19, 99]
[19, 152]
[19, 145]
[19, 141]
[19, 98]
[19, 54]
[19, 56]
[19, 76]
[19, 81]
[19, 32]
[19, 105]
[19, 149]
[19, 91]
[19, 139]
[19, 127]
[19, 74]
[19, 132]
[24, 55]
[24, 67]
[24, 101]
[23, 51]
[26, 154]
[11, 154]
[7, 154]
[55, 154]
[1, 154]
[37, 154]
[14, 154]
[67, 154]
[101, 154]
[92, 154]
[115, 154]
[104, 154]
[6, 154]
[66, 154]
[61, 154]
[10, 154]
[97, 154]
[28, 154]
[94, 154]
[84, 154]
[110, 154]
[148, 154]
[47, 55]
[29, 47]
[29, 55]
[22, 29]
[11, 29]
[23, 62]
[16, 29]
[23, 33]
[11, 37]
[22, 37]
[23, 36]
[1, 37]
[23, 44]
[7, 37]
[23, 42]
[29, 37]
[23, 41]
[23, 78]
[114, 142]
[93, 114]
[50, 114]
[14, 114]
[16, 114]
[55, 114]
[11, 114]
[47, 114]
[101, 114]
[15, 114]
[53, 114]
[30, 114]
[97, 114]
[43, 114]
[94, 114]
[110, 114]
[114, 148]
[108, 114]
[114, 119]
[64, 114]
[113, 114]
[33, 114]
[44, 114]
[42, 114]
[59, 114]
[46, 114]
[40, 114]
[51, 114]
[114, 129]
[107, 114]
[5, 114]
[18, 114]
[23, 114]
[14, 17]
[11, 17]
[7, 17]
[16, 17]
[17, 48]
[17, 115]
[17, 104]
[6, 17]
[17, 66]
[17, 61]
[15, 17]
[17, 53]
[17, 30]
[17, 43]
[17, 84]
[17, 110]
[17, 148]
[17, 154]
[17, 108]
[17, 119]
[48, 144]
[7, 144]
[55, 144]
[1, 144]
[72, 144]
[29, 144]
[14, 144]
[9, 144]
[92, 144]
[115, 144]
[104, 144]
[61, 144]
[15, 144]
[53, 144]
[30, 144]
[93, 144]
[84, 144]
[110, 144]
[144, 154]
[108, 144]
[119, 144]
[1, 14]
[3, 20]
[20, 55]
[55, 74]
[1, 74]
[25, 74]
[13, 74]
[18, 129]
[121, 129]
[10, 129]
[9, 129]
[7, 129]
[55, 129]
[1, 129]
[22, 129]
[72, 129]
[11, 129]
[14, 129]
[48, 129]
[67, 129]
[92, 129]
[66, 129]
[15, 129]
[53, 129]
[94, 129]
[84, 129]
[129, 154]
[108, 129]
[119, 129]
[129, 144]
[89, 129]
[129, 134]
[129, 133]
[62, 129]
[33, 129]
[44, 129]
[41, 129]
[78, 129]
[75, 129]
[88, 129]
[46, 129]
[103, 129]
[1, 42]
[22, 42]
[42, 55]
[7, 42]
[11, 42]
[16, 42]
[37, 42]
[42, 47]
[9, 42]
[42, 50]
[6, 42]
[42, 53]
[30, 42]
[42, 93]
[28, 42]
[42, 84]
[42, 110]
[42, 148]
[42, 108]
[42, 144]
[42, 64]
[42, 113]
[42, 109]
[55, 150]
[3, 150]
[7, 150]
[11, 150]
[16, 150]
[67, 150]
[101, 150]
[115, 150]
[104, 150]
[35, 150]
[53, 150]
[10, 150]
[97, 150]
[43, 150]
[94, 150]
[110, 150]
[148, 150]
[108, 150]
[142, 150]
[119, 150]
[64, 150]
[89, 150]
[121, 150]
[1, 48]
[22, 48]
[71, 103]
[28, 71]
[14, 71]
[16, 71]
[11, 71]
[29, 71]
[37, 71]
[50, 71]
[67, 71]
[71, 92]
[66, 71]
[61, 71]
[10, 71]
[71, 93]
[71, 94]
[71, 84]
[71, 110]
[71, 148]
[71, 154]
[71, 142]
[71, 144]
[17, 71]
[64, 71]
[71, 89]
[71, 121]
[71, 150]
[71, 109]
[71, 134]
[71, 133]
[33, 71]
[36, 71]
[42, 71]
[41, 71]
[71, 78]
[59, 71]
[71, 129]
[71, 125]
[71, 107]
[5, 71]
[2, 71]
[52, 71]
[49, 71]
[71, 106]
[34, 71]
[71, 122]
[71, 137]
[71, 135]
[71, 130]
[71, 146]
[71, 141]
[65, 71]
[62, 119]
[22, 119]
[7, 119]
[11, 119]
[37, 119]
[9, 119]
[50, 119]
[115, 119]
[92, 119]
[61, 119]
[15, 119]
[53, 119]
[30, 119]
[35, 119]
[10, 119]
[93, 119]
[43, 119]
[84, 119]
[119, 154]
[119, 142]
[22, 97]
[11, 97]
[37, 97]
[92, 97]
[97, 104]
[61, 97]
[53, 97]
[10, 97]
[14, 37]
[20, 37]
[1, 20]
[14, 29]
[9, 14]
[9, 37]
[37, 54]
[22, 54]
[21, 70]
[61, 70]
[9, 70]
[9, 20]
[7, 20]
[9, 55]
[24, 92]
[3, 70]
[1, 9]
[48, 55]
[1, 70]
[47, 48]
[29, 48]
[16, 70]
[9, 48]
[22, 67]
[14, 70]
[71, 74]
[74, 113]
[3, 74]
[7, 74]
[16, 74]
[37, 74]
[29, 74]
[50, 74]
[74, 92]
[74, 101]
[74, 104]
[66, 74]
[10, 74]
[74, 97]
[28, 74]
[43, 74]
[74, 110]
[74, 144]
[74, 108]
[74, 119]
[74, 121]
[74, 134]
[62, 74]
[33, 74]
[41, 74]
[72, 74]
[74, 78]
[74, 75]
[74, 88]
[46, 74]
[51, 74]
[74, 103]
[52, 74]
[20, 74]
[5, 74]
[27, 74]
[24, 74]
[18, 74]
[23, 74]
[38, 74]
[74, 106]
[68, 74]
[34, 74]
[74, 100]
[31, 74]
[74, 95]
[74, 143]
[74, 135]
[74, 99]
[74, 79]
[74, 77]
[63, 74]
[74, 126]
[74, 140]
[12, 74]
[8, 74]
[54, 74]
[74, 85]
[57, 74]
[60, 74]
[32, 74]
[74, 124]
[74, 123]
[74, 120]
[74, 118]
[74, 112]
[74, 116]
[74, 138]
[74, 127]
[3, 30]
[1, 30]
[7, 30]
[30, 50]
[30, 48]
[30, 92]
[30, 66]
[15, 30]
[30, 35]
[30, 53]
[7, 67]
[14, 67]
[16, 67]
[16, 20]
[20, 47]
[20, 27]
[25, 27]
[20, 25]
[20, 44]
[20, 48]
[26, 48]
[7, 26]
[20, 35]
[27, 28]
[25, 28]
[10, 25]
[14, 25]
[50, 70]
[18, 70]
[48, 70]
[56, 62]
[35, 56]
[16, 56]
[55, 56]
[1, 56]
[22, 56]
[50, 56]
[56, 61]
[53, 56]
[43, 56]
[28, 56]
[56, 110]
[56, 108]
[56, 144]
[56, 154]
[56, 148]
[56, 64]
[56, 150]
[56, 113]
[36, 56]
[42, 56]
[41, 56]
[17, 56]
[56, 75]
[56, 59]
[56, 88]
[46, 56]
[40, 56]
[56, 103]
[56, 125]
[56, 107]
[25, 56]
[56, 131]
[5, 56]
[18, 56]
[23, 56]
[49, 56]
[56, 90]
[56, 69]
[56, 122]
[56, 151]
[56, 128]
[56, 130]
[56, 98]
[25, 104]
[16, 25]
[37, 67]
[20, 93]
[20, 43]
[11, 27]
[47, 143]
[17, 20]
[20, 114]
[20, 150]
[20, 148]
[20, 51]
[20, 113]
[20, 33]
[20, 99]
[37, 145]
[28, 143]
[3, 28]
[3, 145]
[72, 119]
[52, 85]
[48, 52]
[7, 52]
[16, 52]
[1, 52]
[52, 56]
[52, 143]
[52, 55]
[52, 97]
[52, 145]
[52, 101]
[52, 53]
[6, 52]
[26, 52]
[52, 89]
[44, 52]
[52, 100]
[52, 65]
[52, 151]
[47, 52]
[52, 113]
[52, 93]
[52, 99]
[20, 52]
[52, 110]
[52, 94]
[48, 148]
[7, 148]
[1, 148]
[143, 148]
[97, 148]
[29, 148]
[101, 148]
[53, 148]
[6, 148]
[12, 148]
[44, 148]
[100, 148]
[65, 148]
[148, 151]
[47, 148]
[16, 101]
[1, 101]
[25, 67]
[23, 117]
[23, 129]
[23, 116]
[23, 118]
[23, 126]
[23, 40]
[23, 57]
[23, 59]
[23, 76]
[23, 107]
[23, 105]
[23, 103]
[23, 96]
[23, 112]
[23, 149]
[23, 46]
[23, 123]
[23, 138]
[23, 82]
[23, 125]
[23, 91]
[23, 73]
[23, 63]
[23, 80]
[16, 18]
[12, 71]
[18, 151]
[7, 18]
[18, 50]
[3, 18]
[18, 48]
[11, 18]
[18, 97]
[18, 29]
[18, 47]
[18, 121]
[18, 145]
[18, 89]
[18, 25]
[18, 30]
[18, 144]
[17, 18]
[18, 65]
[18, 93]
[18, 84]
[18, 115]
[15, 18]
[18, 134]
[18, 133]
[18, 35]
[18, 28]
[18, 92]
[18, 104]
[18, 108]
[18, 131]
[18, 137]
[18, 142]
[18, 66]
[18, 113]
[18, 130]
[18, 99]
[18, 90]
[18, 49]
[18, 141]
[18, 136]
[18, 68]
[18, 128]
[18, 106]
[18, 95]
[18, 148]
[18, 34]
[18, 38]
[18, 31]
[18, 152]
[5, 18]
[64, 100]
[16, 64]
[50, 64]
[17, 64]
[12, 133]
[7, 133]
[1, 133]
[50, 133]
[3, 133]
[55, 133]
[67, 133]
[29, 133]
[47, 133]
[72, 133]
[53, 133]
[121, 133]
[133, 145]
[133, 150]
[133, 154]
[65, 133]
[133, 151]
[93, 133]
[119, 133]
[110, 133]
[15, 133]
[94, 133]
[35, 133]
[104, 133]
[131, 133]
[133, 142]
[43, 133]
[66, 133]
[69, 133]
[51, 133]
[113, 133]
[24, 133]
[2, 133]
[130, 133]
[99, 133]
[90, 133]
[49, 133]
[133, 141]
[68, 133]
[98, 133]
[106, 133]
[95, 133]
[133, 148]
[20, 133]
[133, 135]
[34, 133]
[122, 133]
[38, 133]
[31, 133]
[133, 152]
[13, 133]
[17, 41]
[7, 41]
[1, 41]
[41, 48]
[11, 41]
[41, 55]
[41, 97]
[41, 47]
[41, 101]
[6, 41]
[26, 41]
[41, 44]
[30, 41]
[14, 41]
[9, 41]
[41, 42]
[41, 84]
[41, 115]
[41, 61]
[41, 53]
[41, 121]
[41, 145]
[41, 150]
[41, 154]
[41, 65]
[15, 41]
[36, 41]
[35, 41]
[28, 41]
[41, 92]
[41, 104]
[41, 109]
[41, 131]
[41, 137]
[41, 142]
[41, 113]
[24, 41]
[41, 90]
[41, 49]
[41, 141]
[41, 68]
[41, 128]
[41, 106]
[41, 86]
[41, 95]
[41, 148]
[20, 41]
[41, 135]
[34, 41]
[41, 152]
[13, 41]
[12, 41]
[5, 41]
[41, 78]
[41, 62]
[41, 118]
[40, 41]
[41, 59]
[41, 75]
[41, 87]
[41, 127]
[41, 111]
[8, 41]
[4, 41]
[41, 83]
[41, 79]
[41, 140]
[41, 139]
[41, 76]
[41, 149]
[69, 134]
[16, 69]
[20, 144]
[20, 134]
[31, 116]
[29, 116]
[16, 116]
[50, 116]
[3, 116]
[37, 116]
[10, 116]
[52, 116]
[116, 134]
[72, 116]
[116, 119]
[110, 116]
[108, 116]
[43, 116]
[51, 116]
[116, 130]
[64, 116]
[99, 116]
[116, 136]
[116, 151]
[69, 116]
[48, 116]
[11, 116]
[55, 116]
[97, 116]
[26, 116]
[44, 116]
[30, 116]
[14, 116]
[42, 116]
[84, 116]
[116, 121]
[116, 154]
[36, 116]
[28, 116]
[92, 116]
[109, 116]
[116, 142]
[86, 116]
[116, 148]
[116, 135]
[116, 145]
[116, 131]
[24, 116]
[90, 116]
[116, 128]
[13, 116]
[78, 116]
[62, 116]
[33, 116]
[20, 119]
[11, 115]
[25, 115]
[50, 115]
[67, 115]
[10, 115]
[100, 115]
[6, 115]
[44, 115]
[115, 134]
[94, 115]
[108, 115]
[2, 115]
[65, 115]
[48, 115]
[14, 115]
[9, 115]
[84, 115]
[15, 115]
[36, 115]
[35, 115]
[28, 115]
[92, 115]
[104, 115]
[115, 142]
[115, 148]
[51, 115]
[69, 115]
[115, 137]
[113, 115]
[49, 115]
[115, 136]
[62, 115]
[68, 115]
[8, 115]
[106, 115]
[115, 120]
[99, 115]
[115, 146]
[115, 121]
[115, 124]
[82, 115]
[12, 115]
[13, 115]
[115, 141]
[81, 115]
[115, 127]
[109, 115]
[115, 122]
[112, 115]
[70, 115]
[105, 115]
[60, 115]
[45, 115]
[115, 128]
[59, 115]
[115, 153]
[40, 115]
[115, 147]
[90, 115]
[33, 115]
[73, 115]
[54, 115]
[4, 115]
[115, 139]
[76, 115]
[10, 55]
[17, 24]
[14, 31]
[22, 31]
[3, 31]
[7, 101]
[37, 101]
[17, 31]
[14, 101]
[29, 93]
[10, 24]
[24, 97]
[24, 26]
[14, 93]
[24, 100]
[14, 43]
[50, 93]
[26, 50]
[16, 26]
[14, 53]
[24, 130]
[24, 143]
[24, 94]
[14, 151]
[24, 108]
[24, 78]
[14, 98]
[0, 24]
[24, 84]
[14, 145]
[24, 104]
[24, 64]
[24, 142]
[24, 134]
[14, 61]
[24, 150]
[24, 99]
[14, 38]
[24, 39]
[24, 124]
[14, 131]
[24, 63]
[12, 24]
[6, 14]
[24, 141]
[24, 122]
[2, 14]
[20, 24]
[24, 105]
[14, 65]
[24, 60]
[24, 128]
[11, 15]
[7, 15]
[11, 93]
[16, 93]
[37, 93]
[24, 59]
[24, 73]
[30, 93]
[24, 54]
[24, 46]
[25, 26]
[26, 37]
[24, 83]
[129, 151]
[22, 28]
[28, 50]
[28, 37]
[28, 29]
[28, 47]
[28, 52]
[28, 93]
[28, 43]
[28, 66]
[28, 53]
[28, 151]
[28, 98]
[28, 61]
[28, 31]
[28, 145]
[28, 38]
[28, 57]
[9, 28]
[28, 48]
[15, 28]
[55, 93]
[27, 30]
[18, 125]
[20, 73]
[15, 73]
[15, 25]
[15, 16]
[3, 110]
[3, 15]
[1, 15]
[25, 42]
[11, 110]
[15, 50]
[26, 65]
[29, 65]
[50, 110]
[3, 26]
[26, 67]
[26, 29]
[26, 47]
[26, 93]
[26, 53]
[26, 98]
[26, 125]
[27, 47]
[70, 89]
[65, 70]
[14, 118]
[16, 118]
[7, 118]
[50, 118]
[37, 118]
[29, 118]
[42, 118]
[118, 144]
[101, 118]
[93, 118]
[110, 118]
[66, 118]
[53, 118]
[118, 151]
[98, 118]
[61, 118]
[115, 118]
[118, 125]
[18, 118]
[38, 118]
[6, 118]
[2, 118]
[9, 118]
[35, 118]
[118, 148]
[49, 118]
[118, 136]
[118, 154]
[118, 121]
[118, 152]
[90, 118]
[8, 118]
[103, 118]
[80, 118]
[118, 120]
[81, 118]
[118, 127]
[118, 139]
[118, 140]
[111, 118]
[58, 118]
[91, 118]
[87, 118]
[118, 123]
[27, 118]
[10, 118]
[118, 130]
[118, 143]
[78, 118]
[0, 118]
[118, 142]
[118, 150]
[12, 118]
[59, 118]
[83, 118]
[100, 118]
[64, 118]
[116, 118]
[118, 119]
[118, 129]
[24, 118]
[75, 118]
[118, 126]
[118, 138]
[34, 118]
[44, 118]
[109, 118]
[86, 118]
[96, 118]
[39, 118]
[63, 118]
[105, 118]
[73, 118]
[107, 124]
[16, 124]
[7, 124]
[50, 124]
[56, 124]
[29, 124]
[114, 124]
[42, 124]
[124, 144]
[101, 124]
[93, 124]
[23, 124]
[124, 151]
[98, 124]
[61, 124]
[124, 125]
[31, 124]
[9, 124]
[28, 124]
[124, 148]
[69, 124]
[5, 124]
[124, 137]
[49, 124]
[124, 136]
[121, 124]
[13, 124]
[90, 124]
[88, 124]
[124, 127]
[111, 124]
[58, 124]
[87, 124]
[124, 133]
[97, 124]
[17, 124]
[33, 124]
[62, 124]
[84, 124]
[20, 124]
[82, 124]
[45, 124]
[3, 65]
[1, 65]
[65, 67]
[65, 114]
[55, 65]
[65, 101]
[65, 93]
[65, 110]
[65, 151]
[61, 65]
[31, 65]
[25, 65]
[38, 65]
[65, 131]
[57, 65]
[2, 65]
[1, 110]
[15, 37]
[15, 67]
[15, 29]
[15, 93]
[15, 43]
[6, 15]
[15, 107]
[15, 31]
[15, 145]
[15, 38]
[2, 15]
[15, 65]
[72, 151]
[29, 151]
[50, 151]
[16, 151]
[114, 151]
[11, 151]
[42, 151]
[47, 151]
[55, 151]
[43, 151]
[53, 151]
[37, 110]
[101, 110]
[72, 101]
[16, 43]
[1, 43]
[24, 89]
[24, 112]
[22, 43]
[3, 43]
[48, 93]
[43, 50]
[37, 43]
[11, 43]
[16, 51]
[3, 51]
[37, 51]
[43, 47]
[43, 55]
[29, 51]
[22, 66]
[50, 66]
[43, 101]
[1, 66]
[29, 66]
[11, 66]
[55, 66]
[66, 101]
[16, 53]
[7, 53]
[50, 53]
[3, 53]
[37, 53]
[53, 55]
[53, 93]
[53, 66]
[93, 97]
[43, 97]
[22, 98]
[3, 98]
[7, 98]
[25, 30]
[1, 98]
[9, 26]
[23, 70]
[67, 70]
[43, 61]
[29, 61]
[50, 61]
[7, 61]
[55, 61]
[61, 110]
[52, 61]
[53, 61]
[22, 107]
[7, 107]
[26, 28]
[50, 107]
[26, 145]
[70, 74]
[25, 144]
[25, 110]
[24, 129]
[3, 107]
[6, 26]
[4, 9]
[9, 25]
[2, 26]
[8, 20]
[8, 71]
[8, 16]
[25, 101]
[25, 93]
[25, 53]
[25, 151]
[16, 57]
[1, 57]
[50, 57]
[37, 57]
[29, 57]
[47, 57]
[55, 57]
[52, 57]
[57, 66]
[57, 144]
[57, 110]
[57, 101]
[42, 57]
[57, 93]
[53, 57]
[18, 57]
[31, 57]
[57, 131]
[52, 107]
[37, 107]
[67, 107]
[29, 107]
[72, 107]
[107, 110]
[101, 107]
[42, 107]
[93, 107]
[16, 31]
[1, 31]
[31, 37]
[31, 67]
[29, 31]
[31, 114]
[11, 31]
[31, 47]
[31, 43]
[31, 66]
[31, 144]
[31, 93]
[31, 61]
[107, 151]
[31, 151]
[16, 131]
[50, 131]
[37, 131]
[22, 131]
[67, 131]
[29, 131]
[47, 131]
[55, 131]
[72, 131]
[66, 131]
[131, 144]
[101, 131]
[42, 131]
[53, 131]
[61, 131]
[107, 131]
[31, 131]
[107, 154]
[43, 48]
[48, 66]
[48, 101]
[48, 131]
[48, 57]
[22, 38]
[37, 38]
[1, 38]
[38, 67]
[38, 114]
[38, 47]
[38, 55]
[38, 52]
[30, 38]
[38, 144]
[38, 110]
[38, 43]
[38, 107]
[31, 38]
[38, 151]
[38, 101]
[25, 38]
[97, 107]
[17, 38]
[50, 98]
[37, 98]
[98, 114]
[11, 98]
[47, 98]
[72, 98]
[53, 98]
[55, 98]
[52, 98]
[98, 101]
[98, 107]
[31, 98]
[98, 154]
[10, 43]
[10, 47]
[13, 154]
[13, 29]
[10, 11]
[20, 42]
[10, 110]
[24, 119]
[27, 56]
[10, 101]
[24, 40]
[24, 135]
[98, 131]
[97, 121]
[72, 121]
[37, 121]
[50, 121]
[3, 121]
[53, 121]
[14, 121]
[66, 121]
[121, 144]
[121, 151]
[61, 121]
[107, 121]
[121, 154]
[98, 121]
[57, 121]
[51, 121]
[5, 121]
[113, 121]
[68, 121]
[95, 121]
[38, 98]
[97, 151]
[31, 97]
[97, 98]
[97, 131]
[57, 97]
[38, 97]
[110, 148]
[66, 148]
[43, 148]
[98, 148]
[11, 51]
[51, 53]
[25, 51]
[48, 51]
[28, 51]
[17, 51]
[51, 107]
[51, 131]
[5, 16]
[5, 7]
[5, 50]
[5, 29]
[5, 117]
[5, 47]
[5, 110]
[5, 93]
[5, 17]
[5, 66]
[5, 43]
[5, 131]
[48, 65]
[9, 65]
[42, 145]
[48, 145]
[67, 145]
[72, 145]
[53, 145]
[55, 145]
[101, 145]
[144, 145]
[66, 145]
[43, 145]
[131, 145]
[9, 53]
[9, 66]
[9, 43]
[9, 38]
[9, 145]
[6, 9]
[6, 7]
[6, 16]
[1, 6]
[6, 50]
[15, 26]
[6, 67]
[13, 55]
[11, 13]
[13, 37]
[13, 50]
[3, 13]
[13, 53]
[13, 101]
[13, 30]
[13, 144]
[13, 66]
[13, 61]
[13, 31]
[13, 38]
[9, 13]
[2, 13]
[13, 17]
[13, 125]
[13, 51]
[50, 106]
[1, 106]
[56, 106]
[37, 106]
[22, 106]
[11, 106]
[52, 106]
[47, 106]
[72, 106]
[55, 106]
[106, 114]
[30, 106]
[14, 106]
[106, 110]
[93, 106]
[66, 106]
[61, 106]
[43, 106]
[106, 131]
[6, 106]
[2, 106]
[106, 151]
[51, 106]
[9, 107]
[6, 47]
[6, 43]
[6, 53]
[6, 101]
[6, 66]
[4, 13]
[51, 151]
[17, 82]
[16, 82]
[50, 82]
[56, 82]
[67, 82]
[29, 82]
[11, 82]
[72, 82]
[55, 82]
[48, 82]
[14, 82]
[82, 144]
[28, 82]
[71, 82]
[82, 93]
[42, 82]
[66, 82]
[61, 82]
[31, 82]
[82, 151]
[82, 121]
[18, 82]
[82, 107]
[82, 97]
[51, 82]
[5, 82]
[82, 95]
[82, 106]
[13, 82]
[82, 90]
[82, 145]
[9, 82]
[82, 113]
[68, 82]
[82, 133]
[65, 82]
[69, 82]
[82, 146]
[26, 82]
[82, 108]
[20, 82]
[78, 82]
[82, 127]
[82, 140]
[82, 87]
[10, 82]
[82, 89]
[64, 82]
[82, 119]
[82, 137]
[82, 136]
[82, 134]
[82, 122]
[82, 92]
[82, 130]
[34, 82]
[82, 86]
[81, 82]
[16, 142]
[37, 142]
[22, 142]
[67, 142]
[29, 142]
[47, 142]
[55, 142]
[25, 142]
[48, 142]
[14, 142]
[110, 142]
[93, 142]
[66, 142]
[31, 142]
[43, 142]
[121, 142]
[107, 142]
[124, 142]
[57, 142]
[13, 142]
[90, 142]
[142, 145]
[9, 142]
[6, 142]
[113, 142]
[68, 142]
[142, 152]
[79, 142]
[65, 142]
[69, 142]
[49, 142]
[142, 146]
[8, 142]
[26, 142]
[108, 142]
[99, 142]
[20, 142]
[128, 142]
[145, 154]
[16, 95]
[1, 95]
[28, 95]
[22, 95]
[3, 95]
[15, 51]
[15, 95]
[15, 113]
[15, 68]
[9, 121]
[6, 61]
[6, 97]
[28, 103]
[7, 103]
[1, 103]
[3, 103]
[22, 103]
[29, 103]
[11, 103]
[101, 103]
[30, 103]
[103, 144]
[103, 110]
[93, 103]
[66, 103]
[43, 103]
[9, 103]
[103, 151]
[25, 103]
[103, 121]
[103, 148]
[103, 142]
[6, 103]
[103, 145]
[82, 103]
[31, 103]
[103, 107]
[103, 104]
[51, 103]
[5, 103]
[13, 103]
[78, 103]
[57, 103]
[38, 103]
[99, 103]
[103, 140]
[103, 123]
[103, 120]
[103, 112]
[63, 103]
[103, 105]
[85, 103]
[103, 147]
[102, 103]
[60, 103]
[68, 103]
[15, 103]
[36, 103]
[35, 103]
[94, 103]
[90, 103]
[65, 103]
[69, 103]
[49, 103]
[26, 103]
[103, 128]
[89, 103]
[100, 103]
[64, 103]
[103, 119]
[44, 103]
[84, 103]
[92, 103]
[58, 103]
[46, 103]
[54, 103]
[39, 103]
[73, 103]
[88, 103]
[26, 80]
[25, 80]
[42, 80]
[50, 80]
[3, 80]
[67, 80]
[29, 80]
[72, 80]
[80, 114]
[80, 144]
[71, 80]
[80, 93]
[66, 80]
[61, 80]
[43, 80]
[80, 98]
[80, 97]
[80, 142]
[6, 80]
[18, 80]
[80, 131]
[31, 80]
[80, 107]
[80, 104]
[80, 143]
[79, 80]
[80, 145]
[80, 82]
[78, 80]
[80, 106]
[80, 99]
[80, 137]
[80, 141]
[80, 130]
[80, 86]
[62, 80]
[80, 112]
[80, 83]
[80, 116]
[80, 138]
[2, 80]
[5, 80]
[80, 113]
[15, 80]
[35, 80]
[80, 94]
[80, 127]
[80, 100]
[44, 80]
[80, 84]
[80, 92]
[80, 139]
[46, 80]
[4, 80]
[63, 80]
[80, 147]
[76, 80]
[80, 102]
[27, 80]
[68, 80]
[80, 90]
[32, 80]
[6, 121]
[28, 104]
[16, 104]
[50, 104]
[37, 104]
[22, 104]
[67, 104]
[29, 104]
[11, 104]
[53, 104]
[55, 104]
[101, 104]
[48, 104]
[93, 104]
[66, 104]
[43, 104]
[9, 104]
[104, 107]
[104, 106]
[95, 104]
[99, 104]
[10, 104]
[104, 134]
[62, 104]
[35, 104]
[94, 104]
[8, 104]
[84, 104]
[104, 122]
[85, 104]
[104, 147]
[31, 104]
[104, 153]
[78, 104]
[104, 125]
[12, 104]
[104, 136]
[104, 113]
[104, 108]
[100, 104]
[34, 104]
[60, 104]
[68, 104]
[104, 146]
[86, 104]
[46, 104]
[39, 104]
[73, 104]
[104, 105]
[104, 139]
[4, 104]
[69, 104]
[90, 104]
[76, 104]
[102, 104]
[27, 104]
[104, 109]
[40, 104]
[0, 104]
[75, 104]
[59, 104]
[104, 149]
[77, 104]
[16, 77]
[50, 77]
[3, 77]
[37, 77]
[22, 77]
[67, 77]
[11, 77]
[55, 77]
[47, 77]
[77, 114]
[30, 77]
[14, 77]
[77, 144]
[28, 77]
[77, 110]
[42, 77]
[61, 77]
[23, 77]
[52, 77]
[77, 154]
[77, 93]
[43, 77]
[9, 77]
[77, 97]
[25, 77]
[18, 77]
[15, 77]
[77, 148]
[6, 77]
[77, 131]
[77, 95]
[77, 89]
[77, 134]
[20, 77]
[35, 77]
[77, 84]
[31, 77]
[77, 150]
[77, 122]
[77, 145]
[77, 137]
[2, 77]
[77, 130]
[64, 77]
[77, 119]
[77, 135]
[44, 77]
[71, 77]
[68, 77]
[5, 77]
[77, 127]
[77, 140]
[62, 77]
[8, 77]
[77, 124]
[57, 77]
[54, 77]
[77, 125]
[77, 81]
[77, 88]
[77, 138]
[77, 147]
[77, 85]
[77, 116]
[77, 129]
[70, 77]
[33, 77]
[77, 108]
[77, 136]
[77, 113]
[77, 146]
[77, 153]
[24, 77]
[77, 86]
[77, 78]
[39, 77]
[77, 80]
[4, 77]
[77, 102]
[27, 77]
[0, 77]
[41, 77]
[41, 120]
[41, 124]
[41, 82]
[41, 54]
[41, 81]
[41, 147]
[41, 85]
[41, 70]
[32, 41]
[41, 45]
[41, 132]
[51, 98]
[20, 131]
[23, 88]
[23, 127]
[23, 87]
[23, 111]
[23, 79]
[23, 140]
[23, 58]
[23, 153]
[0, 23]
[23, 83]
[23, 54]
[23, 60]
[23, 39]
[23, 120]
[23, 81]
[23, 85]
[23, 147]
[23, 139]
[23, 45]
[23, 75]
[23, 132]
[23, 32]
[23, 102]
[23, 27]
[24, 34]
[24, 44]
[2, 16]
[58, 97]
[11, 58]
[7, 58]
[1, 58]
[50, 58]
[3, 58]
[22, 58]
[25, 58]
[58, 115]
[58, 114]
[56, 58]
[37, 58]
[55, 58]
[58, 101]
[47, 58]
[52, 58]
[58, 71]
[58, 61]
[18, 58]
[58, 66]
[48, 58]
[58, 154]
[58, 121]
[6, 58]
[38, 58]
[2, 58]
[58, 145]
[9, 58]
[58, 65]
[26, 58]
[31, 58]
[57, 58]
[58, 108]
[58, 134]
[58, 143]
[58, 142]
[58, 150]
[15, 58]
[58, 125]
[58, 78]
[58, 99]
[58, 92]
[13, 58]
[12, 58]
[58, 141]
[58, 122]
[20, 58]
[58, 128]
[58, 105]
[58, 119]
[58, 140]
[2, 25]
[2, 20]
[18, 63]
[29, 63]
[2, 38]
[2, 42]
[2, 53]
[65, 106]
[2, 67]
[2, 110]
[2, 61]
[2, 93]
[2, 66]
[2, 97]
[98, 145]
[97, 145]
[145, 151]
[121, 145]
[2, 9]
[57, 145]
[6, 125]
[3, 125]
[7, 125]
[7, 49]
[22, 49]
[49, 87]
[52, 87]
[29, 87]
[1, 125]
[16, 125]
[52, 96]
[50, 96]
[87, 137]
[50, 125]
[72, 125]
[24, 96]
[96, 142]
[22, 96]
[71, 96]
[93, 96]
[96, 144]
[14, 96]
[25, 96]
[18, 96]
[28, 96]
[96, 145]
[96, 125]
[96, 124]
[15, 96]
[6, 96]
[31, 96]
[95, 96]
[90, 96]
[65, 96]
[36, 96]
[96, 97]
[96, 154]
[96, 121]
[96, 134]
[49, 96]
[96, 143]
[96, 150]
[96, 137]
[96, 106]
[96, 148]
[10, 96]
[96, 99]
[94, 96]
[4, 96]
[92, 96]
[13, 96]
[8, 96]
[64, 96]
[96, 141]
[20, 96]
[96, 105]
[96, 140]
[96, 111]
[58, 96]
[79, 96]
[96, 120]
[33, 96]
[96, 139]
[96, 119]
[96, 153]
[59, 96]
[63, 96]
[54, 96]
[45, 96]
[91, 96]
[34, 96]
[96, 116]
[96, 100]
[83, 96]
[73, 96]
[96, 135]
[96, 109]
[89, 96]
[86, 96]
[40, 96]
[76, 96]
[96, 112]
[85, 96]
[96, 147]
[96, 102]
[96, 126]
[134, 136]
[52, 136]
[22, 136]
[3, 136]
[29, 136]
[37, 136]
[11, 136]
[53, 136]
[101, 136]
[47, 136]
[30, 136]
[110, 136]
[136, 144]
[42, 136]
[98, 136]
[25, 136]
[38, 136]
[131, 136]
[125, 136]
[48, 136]
[6, 136]
[95, 136]
[36, 136]
[97, 136]
[121, 136]
[26, 136]
[17, 136]
[136, 152]
[68, 136]
[49, 136]
[136, 143]
[62, 136]
[136, 137]
[106, 136]
[51, 136]
[113, 136]
[136, 148]
[10, 136]
[78, 136]
[99, 136]
[4, 136]
[15, 84]
[28, 84]
[25, 84]
[29, 84]
[3, 84]
[1, 84]
[72, 84]
[11, 84]
[53, 84]
[55, 84]
[84, 101]
[47, 84]
[30, 84]
[84, 110]
[61, 84]
[84, 93]
[66, 84]
[84, 98]
[84, 131]
[84, 107]
[38, 84]
[48, 84]
[84, 145]
[6, 84]
[9, 84]
[84, 95]
[35, 84]
[84, 121]
[26, 84]
[31, 84]
[84, 108]
[84, 137]
[69, 84]
[84, 106]
[84, 148]
[84, 99]
[84, 94]
[84, 128]
[84, 127]
[46, 84]
[84, 142]
[84, 90]
[2, 84]
[65, 84]
[57, 84]
[84, 152]
[49, 84]
[84, 143]
[7, 95]
[2, 68]
[2, 95]
[2, 146]
[2, 17]
[2, 134]
[2, 137]
[2, 94]
[2, 46]
[2, 90]
[95, 114]
[61, 95]
[39, 114]
[39, 50]
[48, 95]
[48, 113]
[38, 113]
[38, 92]
[72, 92]
[7, 92]
[56, 95]
[26, 35]
[66, 95]
[11, 95]
[55, 95]
[47, 95]
[30, 95]
[16, 149]
[1, 149]
[17, 145]
[93, 95]
[95, 144]
[14, 95]
[25, 95]
[20, 95]
[16, 63]
[20, 125]
[47, 73]
[37, 73]
[30, 125]
[20, 84]
[20, 69]
[3, 63]
[63, 114]
[43, 63]
[63, 67]
[53, 63]
[63, 110]
[52, 63]
[63, 71]
[63, 144]
[14, 63]
[42, 63]
[63, 93]
[28, 63]
[63, 121]
[9, 63]
[63, 145]
[63, 133]
[35, 63]
[63, 124]
[2, 63]
[26, 63]
[63, 134]
[63, 137]
[63, 82]
[36, 63]
[63, 68]
[63, 106]
[63, 128]
[49, 63]
[63, 143]
[62, 63]
[51, 63]
[10, 63]
[63, 78]
[4, 63]
[63, 136]
[13, 63]
[63, 64]
[12, 63]
[63, 105]
[63, 111]
[63, 120]
[33, 63]
[63, 139]
[32, 63]
[27, 63]
[63, 119]
[63, 153]
[16, 108]
[20, 94]
[72, 73]
[50, 73]
[17, 65]
[65, 97]
[65, 121]
[65, 154]
[25, 108]
[22, 108]
[7, 108]
[50, 108]
[13, 20]
[13, 152]
[20, 90]
[5, 20]
[20, 122]
[10, 31]
[31, 44]
[11, 44]
[7, 44]
[16, 44]
[1, 44]
[44, 50]
[44, 67]
[37, 44]
[4, 11]
[4, 7]
[30, 44]
[44, 144]
[17, 73]
[28, 73]
[3, 73]
[55, 73]
[73, 101]
[6, 73]
[73, 144]
[71, 73]
[73, 145]
[73, 97]
[43, 73]
[61, 73]
[18, 73]
[31, 73]
[73, 131]
[73, 154]
[38, 73]
[73, 89]
[73, 141]
[73, 79]
[68, 73]
[13, 73]
[73, 133]
[73, 127]
[46, 73]
[73, 95]
[73, 119]
[34, 73]
[73, 106]
[73, 139]
[39, 73]
[4, 73]
[32, 73]
[33, 73]
[10, 73]
[12, 73]
[73, 123]
[73, 81]
[41, 73]
[49, 73]
[73, 88]
[35, 73]
[36, 73]
[8, 73]
[73, 82]
[73, 78]
[73, 120]
[63, 73]
[73, 91]
[107, 152]
[37, 152]
[22, 152]
[7, 152]
[16, 152]
[50, 152]
[3, 152]
[72, 152]
[67, 152]
[11, 152]
[145, 152]
[53, 152]
[101, 152]
[47, 152]
[114, 152]
[25, 152]
[151, 152]
[144, 152]
[110, 152]
[48, 152]
[88, 93]
[22, 88]
[13, 113]
[49, 100]
[49, 93]
[49, 53]
[13, 49]
[25, 49]
[30, 49]
[49, 151]
[49, 110]
[9, 57]
[5, 145]
[5, 98]
[5, 107]
[51, 145]
[5, 38]
[57, 133]
[5, 51]
[2, 57]
[51, 65]
[13, 65]
[17, 125]
[25, 125]
[61, 125]
[42, 125]
[31, 125]
[98, 125]
[5, 65]
[65, 152]
[65, 108]
[65, 134]
[65, 69]
[35, 65]
[65, 113]
[65, 99]
[65, 122]
[49, 65]
[65, 153]
[62, 65]
[10, 65]
[12, 65]
[0, 65]
[65, 78]
[65, 92]
[65, 109]
[65, 86]
[65, 100]
[65, 83]
[22, 83]
[37, 83]
[67, 83]
[11, 83]
[53, 83]
[83, 101]
[83, 93]
[30, 83]
[83, 144]
[83, 110]
[71, 83]
[43, 83]
[61, 83]
[42, 83]
[83, 98]
[83, 107]
[38, 83]
[83, 97]
[14, 83]
[28, 83]
[48, 83]
[83, 95]
[83, 121]
[17, 83]
[83, 108]
[69, 83]
[83, 90]
[57, 83]
[83, 148]
[83, 146]
[83, 154]
[51, 83]
[13, 83]
[83, 150]
[33, 83]
[83, 153]
[62, 83]
[20, 83]
[12, 83]
[0, 83]
[83, 119]
[83, 99]
[83, 113]
[83, 141]
[44, 83]
[83, 136]
[10, 83]
[59, 83]
[45, 83]
[83, 86]
[7, 86]
[22, 86]
[72, 86]
[67, 86]
[86, 101]
[86, 93]
[86, 114]
[25, 86]
[30, 86]
[86, 144]
[66, 86]
[42, 86]
[31, 86]
[86, 98]
[6, 86]
[86, 145]
[86, 97]
[86, 142]
[86, 131]
[48, 86]
[86, 95]
[2, 86]
[86, 125]
[26, 86]
[24, 86]
[86, 152]
[86, 134]
[35, 86]
[86, 90]
[57, 86]
[86, 148]
[36, 86]
[86, 143]
[86, 128]
[86, 150]
[86, 140]
[86, 122]
[86, 153]
[62, 86]
[20, 86]
[34, 86]
[12, 86]
[78, 86]
[86, 119]
[86, 106]
[86, 141]
[86, 136]
[86, 92]
[1, 92]
[50, 92]
[22, 92]
[29, 92]
[11, 92]
[53, 92]
[55, 92]
[47, 92]
[25, 92]
[66, 92]
[31, 92]
[92, 145]
[52, 92]
[92, 151]
[14, 92]
[28, 92]
[15, 92]
[26, 92]
[92, 152]
[35, 92]
[89, 92]
[5, 92]
[13, 92]
[92, 148]
[44, 92]
[45, 92]
[92, 106]
[62, 92]
[70, 92]
[92, 120]
[92, 112]
[85, 92]
[92, 147]
[64, 92]
[92, 127]
[33, 92]
[79, 92]
[88, 92]
[92, 146]
[92, 109]
[92, 140]
[92, 135]
[92, 123]
[92, 100]
[92, 138]
[75, 92]
[92, 126]
[92, 139]
[34, 92]
[92, 136]
[76, 92]
[40, 92]
[92, 102]
[68, 92]
[92, 149]
[50, 149]
[22, 149]
[37, 149]
[11, 149]
[55, 149]
[101, 149]
[110, 149]
[9, 149]
[10, 149]
[94, 149]
[43, 149]
[30, 149]
[108, 149]
[36, 149]
[121, 149]
[137, 149]
[133, 149]
[131, 149]
[69, 149]
[49, 149]
[57, 149]
[125, 149]
[24, 149]
[124, 149]
[25, 149]
[78, 149]
[46, 149]
[103, 149]
[130, 149]
[97, 149]
[15, 149]
[26, 149]
[65, 149]
[122, 149]
[145, 149]
[87, 149]
[148, 149]
[106, 149]
[81, 149]
[135, 149]
[79, 149]
[149, 152]
[127, 149]
[149, 151]
[149, 153]
[112, 149]
[33, 149]
[138, 149]
[126, 149]
[129, 149]
[73, 149]
[116, 149]
[86, 149]
[91, 149]
[27, 149]
[54, 149]
[105, 149]
[132, 149]
[75, 149]
[40, 149]
[68, 149]
[70, 149]
[147, 149]
[102, 149]
[1, 102]
[50, 102]
[3, 102]
[11, 102]
[101, 102]
[102, 114]
[102, 110]
[71, 102]
[61, 102]
[42, 102]
[17, 102]
[102, 150]
[99, 102]
[10, 102]
[102, 144]
[66, 102]
[84, 102]
[94, 102]
[93, 102]
[36, 102]
[14, 102]
[102, 137]
[102, 113]
[102, 133]
[102, 131]
[98, 102]
[90, 102]
[95, 102]
[49, 102]
[102, 125]
[102, 107]
[24, 102]
[102, 130]
[31, 102]
[97, 102]
[102, 154]
[26, 102]
[65, 102]
[13, 102]
[5, 102]
[8, 102]
[44, 102]
[102, 119]
[100, 102]
[102, 146]
[102, 140]
[102, 124]
[58, 102]
[102, 152]
[102, 151]
[0, 102]
[59, 102]
[83, 102]
[102, 111]
[32, 102]
[41, 102]
[45, 102]
[102, 112]
[33, 102]
[85, 102]
[102, 138]
[102, 126]
[81, 102]
[102, 129]
[73, 102]
[86, 102]
[27, 102]
[54, 102]
[82, 102]
[75, 102]
[40, 102]
[70, 102]
[102, 147]
[1, 147]
[16, 147]
[7, 147]
[50, 147]
[56, 147]
[67, 147]
[37, 147]
[29, 147]
[11, 147]
[53, 147]
[55, 147]
[101, 147]
[47, 147]
[114, 147]
[110, 147]
[42, 147]
[142, 147]
[17, 147]
[144, 147]
[84, 147]
[94, 147]
[2, 147]
[108, 147]
[72, 147]
[51, 147]
[143, 147]
[133, 147]
[69, 147]
[125, 147]
[24, 147]
[78, 147]
[46, 147]
[4, 147]
[130, 147]
[28, 147]
[35, 147]
[147, 154]
[20, 147]
[65, 147]
[122, 147]
[13, 147]
[89, 147]
[64, 147]
[44, 147]
[106, 147]
[62, 147]
[109, 147]
[79, 147]
[124, 147]
[58, 147]
[139, 147]
[127, 147]
[147, 151]
[90, 147]
[83, 147]
[123, 147]
[63, 147]
[136, 147]
[59, 147]
[76, 147]
[138, 147]
[68, 147]
[81, 147]
[45, 147]
[54, 147]
[88, 147]
[82, 147]
[40, 147]
[132, 147]
[129, 147]
[126, 147]
[27, 147]
[91, 147]
[75, 147]
[70, 147]
[42, 70]
[70, 117]
[17, 70]
[70, 99]
[10, 70]
[66, 70]
[70, 94]
[43, 70]
[52, 70]
[51, 70]
[70, 121]
[70, 113]
[70, 131]
[57, 70]
[70, 125]
[24, 70]
[70, 128]
[46, 70]
[70, 103]
[31, 70]
[28, 70]
[70, 154]
[15, 70]
[26, 70]
[70, 141]
[70, 87]
[13, 70]
[5, 70]
[64, 70]
[8, 70]
[70, 148]
[70, 106]
[70, 100]
[70, 79]
[70, 127]
[70, 151]
[70, 90]
[70, 83]
[60, 70]
[70, 136]
[39, 70]
[59, 70]
[70, 73]
[70, 81]
[45, 70]
[54, 70]
[70, 88]
[44, 70]
[70, 135]
[70, 109]
[70, 85]
[70, 86]
[70, 138]
[70, 132]
[40, 70]
[70, 129]
[70, 96]
[70, 75]
[50, 75]
[22, 75]
[29, 75]
[37, 75]
[53, 75]
[75, 101]
[75, 110]
[57, 95]
[20, 36]
[15, 69]
[9, 69]
[14, 143]
[57, 116]
[68, 81]
[68, 144]
[11, 68]
[56, 68]
[1, 68]
[22, 68]
[43, 68]
[48, 68]
[47, 68]
[67, 68]
[68, 97]
[9, 68]
[68, 110]
[17, 68]
[25, 68]
[68, 93]
[30, 68]
[6, 68]
[29, 68]
[61, 68]
[31, 68]
[68, 131]
[68, 95]
[68, 151]
[68, 106]
[68, 143]
[68, 148]
[42, 68]
[68, 108]
[51, 68]
[57, 68]
[10, 68]
[44, 68]
[68, 78]
[68, 90]
[62, 68]
[68, 69]
[20, 68]
[68, 134]
[68, 137]
[68, 113]
[68, 109]
[68, 120]
[68, 125]
[68, 112]
[39, 68]
[68, 139]
[4, 68]
[68, 119]
[68, 129]
[68, 91]
[68, 138]
[68, 88]
[60, 68]
[68, 126]
[34, 68]
[22, 59]
[55, 59]
[11, 59]
[7, 59]
[59, 101]
[59, 103]
[59, 80]
[58, 59]
[43, 59]
[59, 142]
[50, 59]
[2, 59]
[48, 59]
[47, 59]
[59, 67]
[59, 97]
[59, 107]
[9, 59]
[28, 59]
[25, 59]
[59, 93]
[59, 98]
[29, 59]
[59, 131]
[15, 59]
[59, 95]
[26, 59]
[59, 116]
[59, 148]
[51, 59]
[57, 59]
[44, 59]
[59, 146]
[59, 78]
[59, 94]
[59, 69]
[20, 59]
[59, 154]
[59, 153]
[45, 59]
[59, 152]
[59, 134]
[59, 137]
[59, 122]
[59, 130]
[59, 109]
[59, 100]
[59, 140]
[59, 85]
[59, 120]
[59, 125]
[59, 112]
[39, 59]
[40, 59]
[59, 105]
[59, 139]
[4, 59]
[59, 119]
[49, 59]
[59, 138]
[59, 88]
[59, 126]
[27, 59]
[32, 59]
[59, 91]
[59, 135]
[5, 95]
[107, 116]
[116, 124]
[5, 116]
[53, 143]
[107, 143]
[13, 143]
[106, 143]
[143, 151]
[28, 79]
[29, 143]
[9, 143]
[30, 143]
[98, 143]
[57, 108]
[51, 84]
[51, 95]
[51, 143]
[42, 143]
[5, 143]
[5, 79]
[72, 79]
[16, 79]
[1, 79]
[55, 79]
[11, 79]
[58, 79]
[43, 79]
[50, 79]
[79, 144]
[48, 79]
[47, 79]
[37, 79]
[67, 79]
[79, 115]
[79, 110]
[71, 79]
[79, 114]
[79, 145]
[25, 79]
[30, 79]
[6, 79]
[61, 79]
[31, 79]
[79, 106]
[79, 107]
[79, 154]
[66, 79]
[79, 116]
[79, 143]
[79, 108]
[57, 79]
[44, 79]
[36, 79]
[78, 79]
[76, 79]
[79, 150]
[62, 79]
[6, 143]
[124, 143]
[13, 44]
[44, 58]
[9, 44]
[143, 154]
[13, 136]
[29, 108]
[30, 108]
[37, 108]
[72, 108]
[67, 108]
[97, 108]
[98, 108]
[61, 108]
[31, 108]
[108, 131]
[15, 108]
[26, 108]
[38, 108]
[108, 151]
[51, 108]
[108, 143]
[10, 121]
[10, 106]
[10, 26]
[78, 107]
[13, 78]
[14, 78]
[10, 48]
[10, 107]
[10, 38]
[9, 10]
[10, 98]
[6, 10]
[10, 84]
[10, 51]
[15, 44]
[44, 142]
[2, 44]
[44, 97]
[63, 83]
[44, 61]
[44, 131]
[44, 95]
[44, 63]
[38, 44]
[61, 69]
[25, 69]
[3, 69]
[44, 154]
[44, 84]
[44, 51]
[26, 36]
[42, 90]
[17, 90]
[16, 90]
[1, 90]
[55, 90]
[22, 90]
[43, 90]
[47, 90]
[72, 90]
[53, 90]
[52, 90]
[90, 93]
[90, 151]
[90, 121]
[48, 90]
[6, 90]
[67, 90]
[90, 131]
[15, 90]
[5, 90]
[90, 143]
[9, 90]
[90, 108]
[38, 90]
[90, 154]
[36, 90]
[90, 146]
[35, 90]
[90, 150]
[30, 36]
[22, 36]
[36, 55]
[36, 43]
[14, 36]
[36, 47]
[36, 48]
[36, 66]
[36, 98]
[36, 106]
[6, 36]
[36, 97]
[36, 131]
[15, 36]
[5, 36]
[36, 57]
[36, 143]
[36, 108]
[36, 51]
[14, 146]
[22, 146]
[11, 146]
[16, 146]
[1, 146]
[101, 146]
[3, 146]
[43, 146]
[50, 146]
[72, 146]
[53, 146]
[28, 146]
[145, 146]
[30, 146]
[146, 151]
[48, 146]
[42, 146]
[66, 146]
[110, 146]
[26, 146]
[106, 146]
[6, 146]
[67, 146]
[97, 146]
[13, 146]
[107, 146]
[61, 146]
[131, 146]
[95, 146]
[9, 146]
[38, 146]
[22, 35]
[35, 55]
[16, 35]
[3, 35]
[14, 35]
[35, 50]
[35, 47]
[35, 53]
[35, 145]
[31, 35]
[35, 121]
[35, 48]
[6, 35]
[35, 37]
[13, 35]
[35, 131]
[15, 35]
[5, 35]
[35, 57]
[35, 95]
[35, 143]
[9, 35]
[35, 108]
[35, 38]
[35, 36]
[35, 146]
[11, 78]
[27, 143]
[14, 27]
[16, 78]
[1, 78]
[55, 78]
[50, 78]
[47, 78]
[72, 78]
[53, 78]
[17, 78]
[78, 93]
[30, 78]
[29, 78]
[31, 78]
[78, 151]
[22, 69]
[55, 69]
[1, 69]
[69, 101]
[50, 69]
[47, 69]
[53, 69]
[69, 145]
[69, 93]
[30, 69]
[29, 69]
[31, 69]
[69, 110]
[69, 98]
[6, 69]
[67, 69]
[69, 97]
[69, 151]
[14, 69]
[42, 69]
[26, 69]
[69, 131]
[57, 69]
[69, 108]
[38, 69]
[51, 69]
[69, 79]
[69, 143]
[35, 69]
[69, 78]
[69, 76]
[69, 99]
[62, 69]
[106, 150]
[2, 150]
[25, 150]
[146, 150]
[143, 150]
[89, 143]
[94, 143]
[38, 89]
[89, 144]
[3, 89]
[7, 89]
[55, 89]
[10, 36]
[10, 146]
[36, 89]
[1, 89]
[53, 89]
[28, 89]
[17, 89]
[48, 89]
[89, 107]
[66, 89]
[27, 66]
[27, 133]
[39, 133]
[39, 101]
[39, 55]
[11, 39]
[7, 39]
[3, 39]
[39, 80]
[39, 43]
[39, 47]
[39, 71]
[39, 52]
[39, 86]
[39, 48]
[39, 66]
[39, 85]
[67, 89]
[27, 144]
[58, 89]
[89, 142]
[27, 107]
[27, 114]
[114, 128]
[55, 128]
[64, 66]
[64, 144]
[3, 64]
[43, 64]
[28, 64]
[20, 64]
[64, 67]
[64, 142]
[37, 64]
[64, 145]
[30, 64]
[29, 64]
[5, 64]
[64, 95]
[15, 64]
[36, 64]
[64, 110]
[64, 146]
[64, 90]
[38, 64]
[10, 64]
[9, 64]
[64, 99]
[44, 64]
[62, 64]
[64, 113]
[0, 64]
[64, 109]
[64, 140]
[54, 64]
[39, 64]
[34, 64]
[64, 119]
[64, 139]
[64, 105]
[11, 128]
[7, 128]
[50, 128]
[47, 128]
[72, 128]
[53, 128]
[48, 128]
[97, 128]
[93, 128]
[106, 128]
[128, 131]
[128, 144]
[20, 128]
[66, 128]
[67, 128]
[37, 128]
[128, 145]
[95, 128]
[15, 128]
[36, 128]
[110, 128]
[108, 128]
[51, 128]
[89, 128]
[5, 128]
[128, 154]
[10, 128]
[35, 128]
[76, 128]
[128, 152]
[128, 137]
[122, 128]
[85, 128]
[120, 128]
[46, 128]
[99, 128]
[44, 128]
[62, 128]
[54, 128]
[61, 89]
[31, 89]
[17, 152]
[148, 152]
[89, 98]
[77, 96]
[13, 89]
[27, 31]
[27, 55]
[1, 27]
[27, 41]
[27, 53]
[27, 52]
[27, 86]
[27, 148]
[27, 48]
[27, 97]
[6, 27]
[18, 27]
[27, 136]
[27, 131]
[27, 67]
[27, 142]
[27, 145]
[27, 95]
[67, 76]
[24, 76]
[11, 76]
[55, 76]
[56, 76]
[26, 76]
[22, 76]
[27, 90]
[2, 27]
[27, 124]
[27, 39]
[27, 57]
[27, 108]
[5, 27]
[27, 44]
[27, 36]
[27, 51]
[27, 89]
[27, 154]
[10, 27]
[27, 78]
[27, 150]
[27, 94]
[27, 152]
[27, 137]
[27, 130]
[27, 141]
[27, 120]
[42, 76]
[76, 118]
[7, 76]
[76, 101]
[76, 82]
[50, 76]
[47, 76]
[76, 98]
[76, 106]
[61, 76]
[76, 151]
[43, 76]
[76, 86]
[76, 97]
[9, 76]
[35, 76]
[12, 42]
[12, 17]
[12, 55]
[12, 47]
[12, 29]
[12, 121]
[12, 93]
[12, 48]
[27, 99]
[12, 13]
[42, 100]
[13, 100]
[50, 100]
[56, 100]
[55, 100]
[11, 100]
[7, 100]
[100, 101]
[73, 100]
[72, 100]
[17, 100]
[93, 100]
[98, 100]
[26, 100]
[25, 100]
[43, 100]
[37, 100]
[15, 100]
[100, 110]
[53, 100]
[100, 114]
[48, 100]
[66, 100]
[97, 100]
[35, 100]
[100, 153]
[100, 134]
[12, 38]
[12, 26]
[12, 61]
[31, 76]
[12, 31]
[0, 27]
[27, 109]
[27, 140]
[27, 54]
[27, 129]
[27, 75]
[27, 34]
[4, 27]
[27, 49]
[27, 138]
[27, 119]
[27, 135]
[27, 123]
[27, 116]
[27, 64]
[8, 27]
[27, 60]
[27, 88]
[27, 126]
[31, 122]
[12, 151]
[18, 76]
[12, 84]
[12, 69]
[12, 97]
[18, 45]
[18, 112]
[9, 12]
[39, 42]
[39, 58]
[27, 127]
[27, 91]
[39, 151]
[42, 85]
[85, 121]
[39, 97]
[37, 39]
[29, 39]
[39, 110]
[39, 98]
[39, 106]
[15, 39]
[39, 146]
[39, 63]
[12, 39]
[39, 134]
[39, 122]
[39, 62]
[39, 79]
[39, 125]
[39, 76]
[39, 145]
[39, 113]
[39, 136]
[2, 39]
[39, 108]
[5, 39]
[39, 95]
[36, 39]
[39, 51]
[39, 105]
[10, 39]
[39, 94]
[39, 152]
[39, 137]
[39, 130]
[38, 153]
[121, 153]
[21, 153]
[1, 153]
[9, 153]
[13, 153]
[11, 153]
[55, 153]
[56, 153]
[7, 153]
[80, 153]
[82, 153]
[50, 153]
[71, 153]
[17, 153]
[93, 153]
[26, 153]
[57, 100]
[33, 106]
[100, 124]
[14, 100]
[114, 153]
[148, 153]
[33, 57]
[6, 153]
[142, 153]
[67, 153]
[35, 153]
[27, 111]
[153, 154]
[66, 153]
[66, 99]
[66, 109]
[66, 85]
[66, 152]
[66, 137]
[34, 66]
[66, 135]
[66, 88]
[66, 75]
[40, 66]
[45, 66]
[66, 81]
[66, 141]
[66, 120]
[10, 57]
[150, 151]
[131, 150]
[38, 150]
[44, 136]
[44, 69]
[36, 44]
[44, 90]
[13, 99]
[26, 99]
[99, 101]
[56, 99]
[7, 99]
[50, 99]
[72, 99]
[90, 99]
[99, 144]
[53, 99]
[99, 114]
[43, 99]
[48, 99]
[101, 113]
[11, 113]
[3, 99]
[6, 99]
[39, 119]
[95, 99]
[99, 145]
[39, 138]
[98, 99]
[99, 110]
[99, 150]
[99, 151]
[99, 143]
[85, 143]
[85, 151]
[25, 99]
[9, 99]
[47, 81]
[22, 81]
[56, 81]
[1, 81]
[39, 81]
[81, 116]
[0, 150]
[0, 97]
[0, 26]
[0, 17]
[22, 85]
[16, 85]
[1, 85]
[55, 85]
[7, 85]
[24, 85]
[72, 85]
[85, 93]
[28, 85]
[85, 114]
[43, 85]
[65, 85]
[85, 133]
[48, 85]
[37, 85]
[29, 85]
[20, 85]
[61, 85]
[85, 142]
[84, 85]
[85, 110]
[85, 106]
[63, 85]
[9, 85]
[85, 154]
[85, 131]
[38, 85]
[2, 85]
[85, 108]
[85, 107]
[57, 85]
[10, 85]
[85, 90]
[85, 99]
[35, 85]
[85, 146]
[85, 153]
[78, 85]
[85, 109]
[85, 134]
[85, 137]
[85, 100]
[85, 141]
[85, 120]
[46, 85]
[85, 139]
[85, 140]
[85, 122]
[62, 85]
[79, 85]
[36, 85]
[85, 94]
[44, 85]
[85, 138]
[12, 67]
[12, 142]
[12, 145]
[12, 136]
[2, 12]
[16, 113]
[7, 113]
[50, 113]
[17, 113]
[53, 113]
[113, 148]
[3, 113]
[97, 113]
[98, 113]
[28, 113]
[43, 113]
[29, 113]
[69, 113]
[113, 145]
[5, 113]
[51, 113]
[9, 113]
[107, 113]
[36, 113]
[113, 146]
[113, 143]
[113, 131]
[35, 113]
[57, 113]
[49, 113]
[99, 113]
[78, 113]
[113, 137]
[113, 152]
[100, 113]
[113, 141]
[113, 140]
[105, 113]
[34, 113]
[4, 113]
[111, 113]
[8, 113]
[8, 55]
[8, 56]
[8, 11]
[8, 101]
[8, 47]
[8, 17]
[8, 30]
[8, 53]
[8, 26]
[8, 52]
[8, 15]
[8, 42]
[8, 65]
[8, 28]
[8, 133]
[8, 48]
[8, 37]
[8, 29]
[8, 110]
[8, 66]
[8, 106]
[8, 14]
[8, 13]
[8, 128]
[8, 67]
[8, 95]
[8, 31]
[8, 145]
[8, 51]
[8, 9]
[2, 8]
[8, 36]
[8, 146]
[8, 143]
[8, 131]
[8, 134]
[8, 108]
[8, 10]
[8, 116]
[8, 78]
[8, 109]
[8, 45]
[8, 89]
[8, 141]
[8, 140]
[8, 62]
[8, 79]
[8, 94]
[8, 34]
[8, 75]
[8, 125]
[4, 8]
[8, 54]
[8, 88]
[8, 81]
[8, 32]
[1, 32]
[32, 55]
[32, 101]
[32, 50]
[32, 47]
[32, 71]
[17, 32]
[30, 32]
[32, 86]
[3, 32]
[15, 32]
[32, 42]
[32, 65]
[28, 32]
[32, 114]
[32, 133]
[29, 32]
[20, 32]
[32, 61]
[32, 66]
[32, 106]
[32, 69]
[14, 32]
[32, 128]
[32, 144]
[6, 32]
[32, 151]
[31, 32]
[32, 38]
[5, 32]
[32, 51]
[9, 32]
[32, 150]
[32, 85]
[32, 131]
[32, 35]
[32, 134]
[32, 108]
[32, 112]
[32, 57]
[32, 116]
[32, 49]
[32, 109]
[32, 137]
[32, 100]
[32, 45]
[32, 89]
[32, 141]
[32, 105]
[32, 94]
[32, 129]
[32, 75]
[32, 125]
[32, 88]
[16, 88]
[11, 88]
[88, 101]
[17, 88]
[53, 88]
[88, 148]
[26, 88]
[58, 88]
[88, 97]
[82, 88]
[15, 88]
[88, 98]
[65, 88]
[88, 133]
[48, 88]
[37, 88]
[29, 88]
[88, 110]
[69, 88]
[84, 88]
[88, 128]
[88, 144]
[88, 151]
[67, 88]
[88, 95]
[88, 145]
[38, 88]
[2, 88]
[88, 107]
[88, 90]
[36, 88]
[88, 143]
[35, 88]
[76, 88]
[88, 112]
[57, 88]
[88, 116]
[49, 88]
[88, 137]
[88, 89]
[88, 140]
[62, 88]
[79, 88]
[88, 125]
[40, 88]
[88, 111]
[87, 88]
[12, 88]
[33, 88]
[46, 88]
[88, 139]
[88, 135]
[88, 123]
[88, 126]
[54, 88]
[54, 55]
[11, 54]
[54, 71]
[30, 54]
[52, 54]
[54, 86]
[42, 54]
[54, 114]
[43, 54]
[54, 61]
[54, 66]
[14, 54]
[18, 54]
[54, 73]
[54, 106]
[54, 142]
[31, 54]
[54, 58]
[54, 97]
[15, 54]
[9, 54]
[54, 133]
[54, 110]
[54, 84]
[54, 144]
[54, 154]
[54, 134]
[5, 54]
[54, 78]
[54, 94]
[54, 75]
[4, 54]
[54, 69]
[54, 152]
[45, 54]
[2, 54]
[54, 107]
[54, 95]
[54, 57]
[54, 137]
[54, 140]
[54, 62]
[54, 105]
[34, 54]
[54, 112]
[54, 79]
[0, 54]
[54, 130]
[54, 125]
[54, 129]
[40, 54]
[54, 119]
[54, 127]
[46, 54]
[16, 46]
[11, 46]
[22, 46]
[46, 101]
[46, 50]
[46, 115]
[30, 46]
[46, 86]
[3, 46]
[25, 46]
[42, 46]
[28, 46]
[46, 61]
[46, 66]
[46, 106]
[46, 142]
[31, 46]
[13, 46]
[46, 53]
[46, 97]
[15, 46]
[9, 46]
[46, 133]
[29, 46]
[46, 110]
[46, 150]
[46, 144]
[46, 154]
[46, 108]
[46, 136]
[5, 46]
[46, 109]
[46, 100]
[46, 113]
[46, 131]
[35, 46]
[46, 89]
[46, 90]
[44, 46]
[46, 69]
[12, 46]
[46, 76]
[46, 152]
[46, 57]
[46, 137]
[46, 130]
[46, 125]
[46, 140]
[46, 135]
[46, 60]
[46, 91]
[46, 119]
[46, 81]
[46, 49]
[46, 123]
[16, 123]
[56, 123]
[72, 123]
[71, 123]
[42, 123]
[28, 123]
[121, 123]
[43, 123]
[14, 123]
[18, 123]
[6, 123]
[123, 142]
[31, 123]
[17, 123]
[53, 123]
[51, 123]
[9, 123]
[123, 133]
[29, 123]
[110, 123]
[123, 146]
[84, 123]
[123, 144]
[123, 154]
[123, 134]
[108, 123]
[123, 136]
[123, 141]
[94, 123]
[123, 151]
[113, 123]
[36, 123]
[123, 143]
[83, 123]
[123, 138]
[123, 150]
[78, 123]
[33, 123]
[107, 123]
[123, 153]
[44, 123]
[112, 123]
[12, 123]
[123, 127]
[57, 123]
[111, 123]
[0, 123]
[123, 130]
[123, 125]
[40, 123]
[2, 123]
[20, 123]
[5, 123]
[38, 123]
[123, 128]
[34, 123]
[45, 123]
[32, 123]
[91, 123]
[123, 152]
[119, 123]
[105, 123]
[49, 123]
[120, 123]
[123, 126]
[1, 126]
[104, 126]
[55, 126]
[11, 126]
[7, 126]
[101, 126]
[24, 126]
[47, 126]
[72, 126]
[52, 126]
[86, 126]
[25, 126]
[42, 126]
[28, 126]
[43, 126]
[61, 126]
[66, 126]
[14, 126]
[18, 126]
[31, 126]
[53, 126]
[126, 148]
[15, 126]
[51, 126]
[9, 126]
[126, 133]
[37, 126]
[110, 126]
[64, 126]
[126, 144]
[126, 134]
[108, 126]
[126, 136]
[99, 126]
[126, 141]
[36, 126]
[89, 126]
[126, 150]
[33, 126]
[4, 126]
[116, 126]
[126, 153]
[44, 126]
[79, 126]
[12, 126]
[57, 126]
[126, 137]
[0, 126]
[125, 126]
[106, 126]
[13, 126]
[65, 126]
[109, 126]
[126, 145]
[90, 126]
[85, 126]
[126, 140]
[76, 126]
[95, 126]
[126, 135]
[8, 126]
[112, 126]
[54, 126]
[20, 126]
[81, 126]
[73, 126]
[91, 126]
[49, 126]
[120, 126]
[16, 120]
[56, 120]
[11, 120]
[22, 120]
[50, 120]
[47, 120]
[72, 120]
[71, 120]
[86, 120]
[42, 120]
[28, 120]
[114, 120]
[120, 121]
[43, 120]
[14, 120]
[120, 142]
[31, 120]
[17, 120]
[53, 120]
[26, 120]
[51, 120]
[120, 133]
[48, 120]
[37, 120]
[29, 120]
[110, 120]
[120, 146]
[120, 144]
[108, 120]
[120, 136]
[120, 151]
[67, 120]
[113, 120]
[78, 120]
[33, 120]
[62, 120]
[120, 137]
[0, 120]
[120, 130]
[13, 120]
[65, 120]
[120, 124]
[88, 120]
[75, 120]
[120, 140]
[76, 120]
[95, 120]
[120, 122]
[2, 120]
[120, 135]
[8, 120]
[111, 120]
[54, 120]
[120, 152]
[40, 120]
[120, 129]
[80, 129]
[106, 129]
[63, 129]
[13, 129]
[82, 129]
[65, 129]
[129, 131]
[124, 129]
[129, 145]
[90, 129]
[69, 129]
[20, 129]
[5, 129]
[38, 129]
[76, 129]
[95, 129]
[45, 129]
[122, 129]
[49, 129]
[85, 129]
[91, 129]
[73, 129]
[105, 129]
[128, 129]
[129, 152]
[34, 129]
[81, 129]
[60, 129]
[39, 129]
[39, 111]
[39, 49]
[39, 75]
[8, 39]
[39, 54]
[39, 91]
[39, 60]
[1, 60]
[16, 60]
[55, 60]
[22, 60]
[60, 101]
[60, 71]
[30, 60]
[52, 60]
[60, 93]
[28, 60]
[60, 114]
[60, 121]
[43, 60]
[60, 61]
[6, 60]
[31, 60]
[60, 148]
[26, 60]
[60, 97]
[60, 98]
[60, 133]
[60, 146]
[60, 154]
[60, 134]
[60, 151]
[60, 67]
[60, 143]
[60, 78]
[60, 116]
[33, 60]
[60, 153]
[44, 60]
[0, 60]
[60, 63]
[13, 60]
[60, 65]
[60, 131]
[60, 145]
[20, 60]
[5, 60]
[38, 60]
[60, 125]
[60, 79]
[51, 60]
[60, 73]
[10, 60]
[60, 85]
[60, 141]
[60, 140]
[45, 60]
[60, 88]
[49, 60]
[60, 94]
[60, 137]
[4, 60]
[60, 130]
[60, 135]
[32, 60]
[60, 87]
[60, 122]
[60, 91]
[56, 91]
[7, 91]
[50, 91]
[47, 91]
[91, 115]
[3, 91]
[91, 93]
[42, 91]
[91, 121]
[43, 91]
[14, 91]
[17, 91]
[91, 148]
[26, 91]
[58, 91]
[15, 91]
[91, 98]
[91, 133]
[91, 146]
[91, 154]
[91, 134]
[91, 136]
[91, 99]
[91, 151]
[67, 91]
[36, 91]
[91, 143]
[35, 91]
[83, 91]
[91, 150]
[91, 107]
[57, 91]
[91, 116]
[91, 109]
[91, 153]
[44, 91]
[80, 91]
[91, 106]
[63, 91]
[65, 91]
[91, 131]
[91, 124]
[90, 91]
[38, 91]
[91, 128]
[91, 125]
[91, 139]
[51, 91]
[35, 134]
[25, 134]
[55, 134]
[11, 134]
[52, 134]
[101, 134]
[47, 134]
[13, 134]
[9, 134]
[30, 134]
[3, 134]
[93, 134]
[134, 148]
[121, 134]
[134, 154]
[98, 134]
[108, 134]
[99, 108]
[51, 99]
[38, 99]
[99, 131]
[35, 99]
[10, 35]
[53, 141]
[47, 141]
[22, 141]
[11, 141]
[50, 141]
[52, 141]
[101, 140]
[22, 140]
[56, 140]
[11, 140]
[7, 140]
[50, 140]
[115, 140]
[71, 140]
[52, 140]
[114, 140]
[121, 140]
[14, 140]
[18, 140]
[140, 142]
[31, 140]
[53, 140]
[140, 148]
[98, 140]
[37, 140]
[84, 140]
[140, 144]
[61, 140]
[48, 140]
[67, 140]
[107, 140]
[25, 140]
[140, 143]
[2, 140]
[106, 140]
[140, 154]
[131, 140]
[38, 140]
[140, 150]
[35, 140]
[10, 140]
[140, 141]
[89, 140]
[51, 141]
[13, 141]
[17, 141]
[3, 141]
[31, 141]
[141, 148]
[37, 141]
[61, 141]
[97, 141]
[110, 141]
[67, 141]
[36, 141]
[5, 141]
[25, 141]
[141, 143]
[141, 151]
[90, 141]
[106, 141]
[141, 154]
[57, 141]
[131, 141]
[35, 141]
[25, 89]
[15, 89]
[84, 89]
[89, 110]
[5, 89]
[9, 89]
[89, 106]
[89, 154]
[89, 108]
[89, 146]
[79, 128]
[89, 99]
[35, 89]
[10, 89]
[78, 121]
[37, 78]
[78, 97]
[78, 124]
[78, 95]
[78, 143]
[2, 78]
[78, 131]
[78, 84]
[27, 87]
[79, 140]
[89, 141]
[26, 134]
[134, 145]
[57, 134]
[48, 134]
[61, 134]
[110, 134]
[107, 134]
[134, 151]
[36, 134]
[134, 141]
[51, 94]
[72, 94]
[16, 94]
[1, 94]
[55, 94]
[47, 94]
[20, 49]
[3, 94]
[14, 94]
[53, 94]
[28, 94]
[15, 94]
[94, 146]
[30, 94]
[31, 94]
[90, 94]
[94, 121]
[25, 94]
[94, 98]
[26, 94]
[67, 94]
[42, 152]
[5, 152]
[146, 152]
[2, 152]
[9, 152]
[90, 152]
[16, 109]
[22, 109]
[24, 109]
[50, 109]
[72, 109]
[43, 109]
[79, 109]
[109, 148]
[53, 109]
[79, 138]
[58, 109]
[79, 100]
[6, 109]
[49, 79]
[3, 109]
[109, 144]
[28, 109]
[15, 109]
[29, 109]
[97, 109]
[30, 109]
[73, 109]
[98, 109]
[106, 109]
[109, 131]
[2, 109]
[84, 109]
[63, 109]
[109, 110]
[67, 109]
[109, 145]
[9, 109]
[38, 109]
[69, 109]
[99, 109]
[90, 109]
[109, 150]
[24, 138]
[55, 138]
[1, 138]
[56, 138]
[25, 138]
[50, 138]
[47, 138]
[72, 138]
[52, 138]
[43, 49]
[28, 49]
[86, 138]
[18, 138]
[53, 138]
[76, 124]
[3, 138]
[58, 138]
[133, 138]
[82, 138]
[6, 138]
[138, 144]
[28, 138]
[124, 138]
[98, 138]
[61, 138]
[106, 138]
[131, 138]
[17, 138]
[138, 148]
[42, 138]
[63, 138]
[138, 143]
[67, 138]
[138, 145]
[9, 138]
[38, 138]
[10, 138]
[99, 138]
[138, 150]
[138, 141]
[100, 142]
[52, 153]
[58, 153]
[3, 153]
[15, 153]
[98, 153]
[37, 153]
[42, 153]
[136, 153]
[62, 105]
[52, 105]
[71, 105]
[12, 99]
[31, 100]
[146, 153]
[62, 137]
[99, 137]
[137, 151]
[98, 137]
[25, 137]
[121, 137]
[28, 137]
[72, 137]
[22, 137]
[93, 137]
[26, 137]
[137, 148]
[9, 137]
[29, 137]
[37, 137]
[137, 146]
[67, 137]
[6, 137]
[137, 143]
[42, 137]
[51, 137]
[137, 140]
[137, 142]
[35, 137]
[97, 137]
[48, 137]
[10, 137]
[137, 141]
[81, 137]
[89, 137]
[4, 137]
[135, 137]
[75, 137]
[125, 137]
[112, 137]
[119, 137]
[76, 137]
[122, 137]
[137, 138]
[91, 137]
[109, 137]
[44, 137]
[40, 137]
[132, 137]
[61, 94]
[94, 106]
[94, 107]
[94, 145]
[35, 94]
[94, 140]
[94, 95]
[30, 62]
[55, 62]
[22, 62]
[13, 62]
[47, 62]
[62, 84]
[7, 62]
[62, 93]
[26, 62]
[17, 62]
[62, 98]
[62, 66]
[48, 62]
[14, 62]
[62, 144]
[6, 62]
[61, 62]
[62, 142]
[26, 49]
[17, 49]
[49, 98]
[42, 49]
[49, 97]
[49, 108]
[15, 49]
[49, 99]
[49, 69]
[49, 90]
[2, 49]
[49, 95]
[49, 57]
[49, 106]
[49, 140]
[5, 100]
[10, 100]
[36, 100]
[100, 141]
[100, 108]
[2, 100]
[95, 100]
[121, 125]
[9, 125]
[69, 125]
[125, 133]
[125, 151]
[9, 34]
[34, 148]
[34, 114]
[34, 93]
[16, 34]
[1, 34]
[34, 47]
[34, 55]
[34, 56]
[34, 101]
[34, 38]
[20, 34]
[28, 34]
[29, 34]
[34, 37]
[34, 52]
[34, 128]
[17, 34]
[34, 67]
[13, 34]
[34, 124]
[34, 48]
[34, 43]
[34, 131]
[34, 146]
[122, 154]
[25, 122]
[11, 122]
[1, 122]
[50, 122]
[93, 122]
[114, 122]
[122, 148]
[38, 122]
[28, 122]
[29, 122]
[106, 122]
[9, 122]
[17, 122]
[122, 144]
[107, 122]
[43, 122]
[122, 131]
[69, 122]
[26, 122]
[110, 122]
[51, 122]
[54, 122]
[122, 136]
[8, 122]
[88, 122]
[35, 122]
[2, 122]
[49, 122]
[10, 122]
[113, 122]
[36, 122]
[99, 122]
[108, 122]
[57, 122]
[34, 122]
[78, 122]
[87, 122]
[75, 122]
[12, 122]
[81, 122]
[119, 122]
[38, 152]
[35, 152]
[150, 152]
[49, 152]
[36, 152]
[108, 152]
[34, 152]
[4, 152]
[87, 152]
[112, 152]
[76, 152]
[141, 152]
[138, 152]
[109, 152]
[10, 152]
[78, 152]
[81, 152]
[134, 152]
[12, 152]
[139, 152]
[132, 152]
[25, 105]
[51, 62]
[62, 67]
[4, 93]
[4, 117]
[4, 74]
[4, 71]
[4, 114]
[4, 25]
[4, 20]
[4, 28]
[4, 61]
[4, 14]
[4, 15]
[4, 148]
[4, 84]
[4, 131]
[4, 66]
[4, 17]
[4, 143]
[4, 86]
[4, 52]
[4, 133]
[4, 154]
[4, 42]
[4, 38]
[4, 57]
[4, 31]
[4, 85]
[4, 99]
[4, 110]
[4, 35]
[4, 150]
[4, 49]
[4, 100]
[76, 154]
[51, 76]
[76, 99]
[122, 134]
[76, 107]
[76, 150]
[25, 33]
[30, 33]
[33, 55]
[1, 33]
[33, 47]
[33, 93]
[28, 33]
[33, 37]
[33, 142]
[33, 43]
[33, 121]
[15, 33]
[33, 148]
[33, 84]
[17, 33]
[33, 69]
[33, 38]
[33, 146]
[33, 110]
[33, 61]
[9, 33]
[32, 33]
[33, 151]
[28, 45]
[45, 114]
[30, 45]
[75, 79]
[4, 145]
[43, 130]
[93, 130]
[101, 130]
[12, 79]
[79, 135]
[4, 89]
[55, 130]
[1, 130]
[47, 130]
[50, 130]
[25, 130]
[20, 130]
[28, 130]
[3, 130]
[130, 148]
[84, 130]
[17, 130]
[38, 130]
[48, 130]
[26, 130]
[42, 130]
[130, 144]
[98, 130]
[130, 143]
[37, 130]
[66, 130]
[130, 146]
[69, 130]
[113, 130]
[106, 130]
[14, 130]
[130, 131]
[90, 130]
[130, 136]
[31, 130]
[35, 130]
[99, 130]
[5, 130]
[124, 130]
[100, 130]
[49, 130]
[10, 130]
[57, 130]
[89, 130]
[4, 141]
[130, 141]
[130, 134]
[4, 140]
[10, 76]
[76, 89]
[76, 145]
[76, 141]
[76, 130]
[22, 112]
[55, 112]
[56, 112]
[112, 142]
[11, 112]
[101, 112]
[72, 112]
[73, 112]
[50, 112]
[71, 112]
[93, 112]
[20, 112]
[29, 112]
[52, 112]
[9, 112]
[112, 144]
[98, 112]
[86, 112]
[112, 133]
[110, 112]
[69, 112]
[13, 112]
[106, 112]
[112, 140]
[112, 128]
[14, 112]
[6, 112]
[90, 112]
[36, 112]
[112, 116]
[35, 112]
[5, 112]
[112, 124]
[100, 112]
[107, 112]
[112, 150]
[95, 112]
[57, 112]
[112, 134]
[76, 112]
[89, 122]
[122, 130]
[45, 63]
[17, 45]
[7, 45]
[45, 56]
[45, 55]
[15, 45]
[9, 45]
[45, 103]
[45, 47]
[45, 93]
[20, 45]
[3, 45]
[45, 148]
[45, 84]
[38, 45]
[45, 48]
[26, 45]
[45, 144]
[37, 45]
[45, 97]
[13, 45]
[45, 106]
[36, 94]
[45, 151]
[6, 45]
[45, 131]
[45, 90]
[38, 119]
[98, 119]
[119, 146]
[94, 100]
[57, 94]
[89, 94]
[94, 134]
[94, 130]
[49, 94]
[0, 53]
[0, 55]
[0, 1]
[0, 21]
[0, 56]
[0, 103]
[0, 117]
[12, 94]
[0, 94]
[0, 74]
[0, 71]
[12, 131]
[0, 30]
[0, 114]
[0, 82]
[0, 80]
[0, 25]
[0, 28]
[0, 58]
[0, 3]
[0, 142]
[0, 148]
[94, 141]
[12, 141]
[109, 112]
[100, 109]
[109, 134]
[49, 109]
[0, 109]
[44, 109]
[78, 109]
[62, 109]
[105, 109]
[81, 109]
[109, 119]
[109, 153]
[34, 109]
[44, 141]
[78, 141]
[0, 10]
[0, 84]
[0, 52]
[0, 61]
[0, 143]
[0, 67]
[0, 15]
[0, 13]
[0, 90]
[0, 5]
[0, 108]
[0, 43]
[0, 154]
[0, 37]
[0, 69]
[0, 151]
[0, 6]
[0, 136]
[0, 35]
[0, 98]
[0, 146]
[0, 51]
[0, 32]
[0, 2]
[0, 107]
[0, 57]
[0, 4]
[0, 100]
[0, 152]
[0, 89]
[0, 134]
[0, 49]
[0, 130]
[14, 33]
[33, 131]
[31, 33]
[94, 122]
[0, 122]
[33, 154]
[24, 75]
[12, 49]
[12, 154]
[73, 75]
[48, 75]
[26, 75]
[75, 133]
[38, 75]
[62, 106]
[31, 62]
[62, 110]
[98, 105]
[55, 105]
[1, 105]
[56, 105]
[22, 105]
[30, 105]
[41, 105]
[65, 105]
[94, 105]
[2, 105]
[6, 33]
[93, 105]
[10, 33]
[4, 33]
[33, 95]
[105, 121]
[22, 87]
[16, 87]
[47, 87]
[87, 93]
[10, 87]
[87, 144]
[10, 105]
[10, 40]
[5, 40]
[18, 105]
[42, 105]
[86, 105]
[105, 154]
[82, 105]
[97, 105]
[119, 128]
[61, 105]
[105, 143]
[105, 128]
[105, 124]
[73, 105]
[105, 133]
[95, 105]
[69, 105]
[84, 105]
[31, 105]
[105, 110]
[105, 106]
[67, 105]
[99, 105]
[105, 145]
[105, 141]
[105, 146]
[90, 105]
[83, 105]
[89, 105]
[105, 151]
[105, 140]
[100, 105]
[4, 12]
[12, 35]
[12, 76]
[113, 119]
[6, 119]
[95, 119]
[119, 124]
[51, 119]
[69, 119]
[107, 119]
[119, 152]
[8, 119]
[119, 136]
[110, 153]
[48, 153]
[36, 153]
[2, 153]
[11, 127]
[16, 127]
[1, 127]
[113, 127]
[22, 127]
[56, 127]
[65, 127]
[50, 127]
[114, 127]
[30, 127]
[53, 127]
[121, 127]
[83, 127]
[127, 148]
[127, 143]
[90, 127]
[127, 131]
[107, 127]
[29, 127]
[58, 127]
[3, 127]
[52, 127]
[43, 127]
[15, 127]
[42, 127]
[127, 133]
[31, 127]
[127, 142]
[99, 127]
[127, 140]
[98, 127]
[51, 127]
[116, 127]
[67, 127]
[94, 127]
[38, 127]
[48, 127]
[100, 127]
[127, 134]
[89, 127]
[4, 127]
[105, 127]
[76, 127]
[127, 141]
[127, 130]
[36, 127]
[17, 75]
[25, 75]
[28, 75]
[18, 75]
[75, 84]
[75, 142]
[75, 148]
[75, 90]
[75, 131]
[78, 154]
[34, 154]
[15, 75]
[75, 108]
[75, 99]
[75, 145]
[49, 75]
[75, 107]
[5, 75]
[75, 140]
[75, 151]
[75, 112]
[75, 100]
[75, 150]
[75, 134]
[75, 76]
[36, 75]
[62, 99]
[49, 62]
[62, 140]
[62, 151]
[51, 111]
[111, 148]
[18, 111]
[22, 111]
[11, 111]
[1, 111]
[17, 111]
[101, 111]
[47, 111]
[111, 115]
[65, 111]
[50, 111]
[20, 111]
[111, 114]
[30, 111]
[53, 111]
[69, 111]
[3, 111]
[43, 111]
[42, 111]
[86, 111]
[127, 136]
[127, 154]
[62, 100]
[62, 134]
[36, 62]
[0, 62]
[35, 62]
[10, 62]
[9, 78]
[67, 78]
[36, 78]
[35, 78]
[10, 78]
[78, 99]
[78, 105]
[78, 100]
[78, 134]
[62, 78]
[44, 146]
[44, 113]
[44, 89]
[44, 78]
[44, 94]
[35, 44]
[78, 130]
[127, 151]
[127, 146]
[62, 127]
[127, 152]
[112, 127]
[112, 125]
[81, 112]
[112, 139]
[34, 112]
[112, 138]
[45, 112]
[44, 112]
[0, 127]
[72, 81]
[34, 79]
[81, 84]
[81, 128]
[71, 81]
[81, 93]
[20, 81]
[81, 114]
[30, 81]
[14, 81]
[15, 81]
[81, 121]
[29, 81]
[81, 90]
[81, 95]
[18, 81]
[5, 81]
[57, 81]
[81, 107]
[69, 81]
[54, 81]
[81, 120]
[81, 83]
[81, 140]
[58, 81]
[75, 146]
[10, 75]
[35, 75]
[49, 119]
[119, 151]
[75, 130]
[125, 154]
[108, 125]
[97, 125]
[85, 125]
[125, 143]
[8, 44]
[52, 81]
[28, 81]
[6, 81]
[61, 81]
[9, 81]
[38, 81]
[81, 89]
[81, 94]
[81, 133]
[81, 145]
[81, 134]
[81, 141]
[81, 150]
[81, 100]
[32, 119]
[75, 78]
[36, 125]
[57, 125]
[90, 125]
[48, 139]
[110, 139]
[11, 139]
[16, 139]
[1, 139]
[22, 139]
[101, 139]
[65, 139]
[7, 139]
[66, 139]
[139, 142]
[50, 139]
[86, 139]
[25, 139]
[17, 139]
[131, 139]
[67, 139]
[2, 139]
[71, 139]
[32, 139]
[47, 139]
[13, 139]
[5, 139]
[99, 139]
[15, 139]
[83, 139]
[51, 139]
[114, 139]
[28, 139]
[52, 139]
[3, 139]
[76, 139]
[56, 139]
[58, 139]
[139, 146]
[98, 139]
[31, 139]
[42, 139]
[79, 139]
[18, 139]
[16, 40]
[1, 40]
[3, 40]
[40, 55]
[40, 65]
[40, 43]
[40, 73]
[40, 110]
[40, 82]
[40, 86]
[40, 144]
[25, 40]
[40, 106]
[40, 131]
[40, 67]
[2, 40]
[14, 40]
[13, 40]
[29, 40]
[40, 99]
[15, 40]
[40, 83]
[40, 107]
[40, 84]
[40, 52]
[40, 58]
[40, 124]
[40, 109]
[40, 97]
[40, 42]
[40, 143]
[40, 57]
[40, 76]
[40, 134]
[40, 89]
[40, 141]
[40, 151]
[40, 116]
[6, 40]
[40, 61]
[9, 40]
[40, 133]
[40, 105]
[40, 49]
[40, 62]
[40, 150]
[4, 40]
[36, 40]
[40, 79]
[40, 75]
[40, 78]
[40, 130]
[40, 119]
[40, 44]
[40, 138]
[40, 91]
[40, 125]
[40, 87]
[0, 40]
[40, 139]
[33, 140]
[33, 100]
[111, 154]
[33, 90]
[33, 136]
[33, 35]
[33, 89]
[53, 135]
[11, 135]
[7, 135]
[114, 135]
[135, 144]
[135, 148]
[95, 135]
[15, 135]
[13, 135]
[51, 135]
[47, 135]
[28, 135]
[45, 51]
[45, 107]
[52, 135]
[67, 135]
[131, 135]
[17, 135]
[5, 135]
[14, 135]
[54, 135]
[30, 135]
[135, 154]
[26, 135]
[108, 135]
[49, 135]
[110, 135]
[69, 135]
[134, 135]
[106, 135]
[83, 135]
[135, 141]
[135, 136]
[10, 135]
[76, 135]
[34, 98]
[34, 85]
[34, 97]
[34, 120]
[34, 143]
[34, 134]
[34, 94]
[6, 135]
[135, 150]
[34, 140]
[34, 35]
[34, 100]
[34, 105]
[34, 95]
[10, 34]
[34, 76]
[12, 62]
[49, 138]
[100, 138]
[89, 138]
[134, 138]
[62, 138]
[122, 138]
[12, 138]
[78, 138]
[130, 138]
[2, 45]
[36, 45]
[31, 45]
[45, 150]
[45, 105]
[45, 141]
[10, 45]
[45, 78]
[40, 45]
[81, 138]
[12, 81]
[78, 81]
[45, 81]
[0, 45]
[4, 34]
[34, 75]
[0, 34]
[34, 138]
[34, 78]
[34, 45]
[34, 81]
[75, 135]
[62, 135]
[0, 135]
[81, 135]
[119, 145]
[125, 140]
[125, 134]
[110, 111]
[25, 111]
[111, 142]
[100, 125]
[95, 125]
[116, 125]
[29, 111]
[37, 111]
[83, 111]
[61, 111]
[26, 111]
[48, 111]
[106, 111]
[84, 111]
[111, 145]
[38, 111]
[111, 150]
[35, 111]
[57, 111]
[95, 111]
[111, 133]
[6, 111]
[4, 111]
[109, 111]
[89, 125]
[108, 111]
[111, 130]
[36, 111]
[34, 111]
[111, 151]
[111, 116]
[0, 125]
[12, 111]
[12, 125]
[78, 111]
[78, 125]
[45, 111]
[45, 125]
[119, 141]
[105, 111]
[49, 111]
[62, 111]
[79, 125]
[105, 125]
[49, 125]
[62, 125]
[34, 119]
[37, 87]
[48, 87]
[87, 148]
[58, 87]
[10, 125]
[10, 111]
[4, 153]
[79, 153]
[105, 153]
[151, 153]
[130, 153]
[12, 153]
[125, 153]
[78, 153]
[10, 153]
[138, 153]
[141, 153]
[111, 153]
[33, 76]
[122, 153]
[33, 150]
[0, 33]
[33, 81]
[33, 34]
[33, 105]
[33, 36]
[119, 153]
[45, 153]
[40, 153]
[111, 119]
[119, 135]
[135, 153]
[44, 100]
[44, 99]
[44, 75]
[4, 44]
[44, 134]
[87, 134]
[53, 87]
[67, 87]
[87, 121]
[87, 154]
[20, 87]
[38, 87]
[87, 150]
[18, 87]
[87, 133]
[17, 87]
[87, 143]
[15, 87]
[31, 87]
[87, 90]
[87, 110]
[87, 140]
[61, 87]
[87, 98]
[87, 145]
[30, 139]
[9, 139]
[94, 139]
[136, 139]
[125, 139]
[121, 139]
[0, 139]
[139, 150]
[138, 139]
[34, 139]
[139, 154]
[134, 139]
[135, 139]
[133, 139]
[90, 139]
[139, 140]
[61, 139]
[139, 145]
[128, 139]
[36, 139]
[8, 139]
[35, 139]
[139, 143]
[12, 139]
[33, 130]
[33, 139]
[78, 139]
[44, 153]
[44, 111]
[0, 44]
[122, 127]
[125, 127]
[127, 138]
[81, 127]
[40, 127]
[35, 127]
[33, 127]
[69, 87]
[33, 135]
[54, 87]
[6, 87]
[32, 87]
[87, 99]
[87, 89]
[87, 116]
[87, 105]
[62, 87]
[87, 128]
[87, 112]
[75, 87]
[45, 87]
[78, 87]
[87, 119]
[36, 87]
[44, 135]
[33, 44]
[12, 33]
[12, 44]
[88, 91]
[8, 91]
[91, 140]
[91, 141]
[34, 91]
[81, 91]
[54, 91]
[32, 91]
[10, 91]
[91, 119]
[75, 91]
[12, 91]
[87, 127]
[87, 139]
[35, 87]
[44, 87]
[12, 87]
[87, 91]
[113, 132]
[66, 132]
[132, 144]
[22, 132]
[16, 132]
[1, 132]
[118, 132]
[103, 132]
[74, 132]
[24, 132]
[93, 132]
[101, 132]
[96, 132]
[72, 132]
[86, 132]
[68, 132]
[64, 132]
[132, 148]
[37, 132]
[20, 132]
[67, 132]
[84, 132]
[3, 132]
[42, 132]
[85, 132]
[18, 132]
[132, 133]
[129, 132]
[121, 132]
[126, 132]
[123, 132]
[9, 132]
[15, 132]
[31, 132]
[95, 132]
[109, 132]
[27, 132]
[94, 132]
[132, 143]
[98, 132]
[61, 132]
[132, 145]
[99, 132]
[14, 132]
[30, 132]
[57, 132]
[76, 132]
[132, 136]
[132, 150]
[79, 132]
[111, 132]
[4, 132]
[110, 132]
[0, 132]
[116, 132]
[132, 138]
[130, 132]
[62, 132]
[26, 132]
[132, 154]
[33, 132]
[63, 132]
[106, 132]
[60, 132]
[38, 132]
[131, 132]
[90, 132]
[125, 132]
[124, 132]
[122, 132]
[73, 132]
[36, 132]
[34, 132]
[132, 139]
[54, 132]
[32, 132]
[75, 132]
[88, 132]
[119, 132]
[87, 132]
