[9, 10]
[2, 10]
[2, 28]
[1, 28]
[8, 28]
[3, 28]
[4, 28]
[11, 28]
[12, 28]
[13, 28]
[17, 28]
[18, 28]
[22, 28]
[25, 28]
[26, 28]
[27, 28]
[6, 8]
[4, 8]
[4, 9]
[5, 9]
[6, 9]
[3, 8]
[5, 8]
[1, 4]
[2, 3]
[3, 5]
[1, 5]
[4, 5]
[5, 6]
[2, 7]
[1, 7]
[3, 11]
[4, 11]
[8, 11]
[6, 11]
[3, 7]
[9, 11]
[10, 11]
[4, 7]
[4, 10]
[1, 10]
[2, 22]
[1, 22]
[4, 22]
[21, 22]
[14, 22]
[22, 54]
[22, 57]
[22, 52]
[22, 38]
[22, 47]
[22, 44]
[22, 41]
[22, 37]
[22, 49]
[22, 32]
[7, 22]
[22, 29]
[22, 23]
[4, 40]
[3, 40]
[1, 40]
[20, 40]
[19, 40]
[28, 40]
[21, 40]
[25, 40]
[24, 40]
[40, 57]
[38, 40]
[40, 47]
[40, 44]
[40, 41]
[39, 40]
[13, 18]
[4, 18]
[5, 18]
[1, 18]
[17, 18]
[18, 20]
[16, 18]
[5, 17]
[9, 19]
[10, 38]
[16, 38]
[20, 38]
[3, 38]
[3, 16]
[4, 16]
[4, 20]
[3, 20]
[1, 20]
[17, 20]
[4, 17]
[1, 17]
[16, 19]
[19, 20]
[3, 19]
[13, 20]
[1, 38]
[1, 13]
[4, 38]
[6, 38]
[13, 19]
[9, 13]
[6, 16]
[6, 19]
[3, 21]
[11, 25]
[11, 15]
[9, 15]
[3, 15]
[8, 19]
[8, 16]
[8, 14]
[8, 18]
[8, 57]
[8, 54]
[8, 44]
[8, 39]
[8, 32]
[8, 29]
[8, 23]
[8, 30]
[8, 51]
[8, 46]
[8, 45]
[8, 42]
[8, 36]
[8, 34]
[8, 31]
[8, 59]
[8, 27]
[8, 26]
[8, 12]
[8, 10]
[8, 55]
[8, 56]
[7, 17]
[11, 58]
[11, 38]
[10, 20]
[37, 40]
[40, 53]
[20, 58]
[5, 58]
[3, 58]
[6, 58]
[13, 58]
[17, 58]
[21, 58]
[25, 58]
[7, 58]
[2, 13]
[41, 50]
[40, 50]
[2, 50]
[3, 50]
[1, 50]
[5, 50]
[21, 50]
[25, 50]
[50, 58]
[39, 50]
[50, 52]
[50, 54]
[35, 50]
[48, 50]
[15, 50]
[0, 50]
[31, 50]
[27, 50]
[47, 50]
[44, 50]
[38, 50]
[29, 50]
[3, 57]
[1, 57]
[7, 13]
[7, 24]
[7, 14]
[7, 25]
[4, 14]
[4, 24]
[3, 24]
[1, 24]
[9, 24]
[6, 24]
[19, 24]
[13, 24]
[5, 14]
[3, 14]
[28, 38]
[6, 14]
[14, 24]
[20, 24]
[14, 20]
[20, 57]
[5, 57]
[11, 40]
[11, 22]
[19, 57]
[11, 39]
[11, 49]
[10, 18]
[18, 53]
[14, 17]
[16, 21]
[6, 21]
[1, 21]
[19, 21]
[14, 21]
[16, 52]
[5, 52]
[7, 52]
[19, 52]
[14, 52]
[28, 48]
[3, 48]
[1, 48]
[7, 48]
[9, 48]
[6, 48]
[48, 52]
[16, 27]
[9, 27]
[15, 27]
[7, 15]
[1, 15]
[11, 37]
[11, 35]
[10, 13]
[4, 53]
[28, 53]
[16, 53]
[6, 53]
[20, 37]
[18, 37]
[16, 37]
[28, 37]
[3, 37]
[1, 37]
[4, 37]
[6, 37]
[19, 37]
[14, 37]
[17, 37]
[7, 37]
[13, 37]
[24, 37]
[37, 57]
[37, 54]
[27, 37]
[37, 38]
[37, 41]
[32, 37]
[33, 37]
[10, 24]
[7, 26]
[9, 26]
[11, 23]
[11, 30]
[11, 45]
[11, 34]
[11, 26]
[19, 27]
[21, 38]
[14, 38]
[38, 52]
[38, 48]
[24, 38]
[25, 38]
[38, 57]
[38, 53]
[38, 39]
[15, 38]
[18, 54]
[17, 54]
[19, 54]
[3, 54]
[9, 54]
[4, 54]
[28, 54]
[2, 54]
[21, 24]
[4, 25]
[16, 25]
[3, 25]
[1, 25]
[18, 27]
[10, 57]
[7, 53]
[24, 52]
[17, 34]
[9, 34]
[1, 34]
[16, 34]
[2, 34]
[21, 34]
[13, 34]
[24, 34]
[25, 34]
[34, 57]
[34, 54]
[34, 40]
[34, 49]
[15, 34]
[0, 34]
[31, 34]
[32, 34]
[34, 42]
[33, 34]
[34, 36]
[12, 34]
[34, 37]
[30, 34]
[10, 54]
[10, 58]
[10, 40]
[10, 22]
[7, 39]
[9, 39]
[3, 39]
[17, 39]
[4, 39]
[28, 39]
[21, 39]
[14, 39]
[25, 39]
[39, 48]
[39, 57]
[39, 49]
[5, 25]
[3, 12]
[5, 12]
[7, 12]
[4, 12]
[19, 25]
[9, 12]
[12, 16]
[12, 17]
[17, 25]
[6, 25]
[21, 25]
[13, 25]
[24, 25]
[20, 21]
[24, 48]
[52, 58]
[19, 53]
[16, 26]
[6, 26]
[2, 26]
[14, 53]
[21, 54]
[10, 46]
[25, 54]
[39, 58]
[20, 53]
[53, 58]
[24, 53]
[48, 57]
[13, 57]
[17, 57]
[14, 57]
[5, 30]
[19, 30]
[52, 57]
[4, 30]
[24, 57]
[2, 30]
[54, 57]
[18, 30]
[25, 57]
[9, 29]
[5, 29]
[13, 30]
[10, 29]
[19, 29]
[1, 29]
[29, 38]
[29, 58]
[29, 48]
[29, 54]
[9, 43]
[3, 43]
[1, 43]
[19, 43]
[17, 43]
[11, 43]
[4, 43]
[18, 43]
[37, 43]
[43, 58]
[24, 43]
[20, 43]
[10, 43]
[43, 54]
[43, 53]
[47, 58]
[13, 47]
[17, 47]
[19, 47]
[4, 47]
[47, 52]
[47, 48]
[10, 47]
[47, 54]
[39, 47]
[47, 53]
[43, 47]
[18, 59]
[11, 59]
[17, 59]
[3, 59]
[10, 59]
[4, 59]
[2, 59]
[14, 59]
[37, 59]
[24, 59]
[48, 59]
[22, 59]
[57, 59]
[29, 59]
[47, 59]
[7, 23]
[5, 23]
[16, 23]
[1, 23]
[23, 58]
[19, 23]
[14, 30]
[6, 23]
[17, 23]
[2, 23]
[13, 23]
[14, 23]
[23, 38]
[20, 23]
[23, 54]
[21, 23]
[23, 39]
[23, 29]
[23, 43]
[23, 47]
[17, 49]
[19, 49]
[9, 49]
[13, 49]
[6, 49]
[14, 49]
[49, 58]
[7, 49]
[48, 49]
[49, 54]
[21, 49]
[25, 49]
[49, 53]
[3, 46]
[1, 46]
[16, 46]
[4, 46]
[19, 46]
[17, 46]
[11, 46]
[2, 46]
[34, 46]
[37, 46]
[46, 52]
[7, 46]
[46, 54]
[21, 46]
[25, 46]
[46, 53]
[43, 46]
[9, 32]
[3, 32]
[1, 32]
[29, 32]
[16, 32]
[5, 32]
[17, 32]
[4, 32]
[10, 32]
[18, 32]
[14, 32]
[32, 52]
[7, 32]
[28, 32]
[20, 32]
[32, 48]
[32, 54]
[25, 32]
[32, 43]
[32, 46]
[9, 33]
[5, 33]
[16, 33]
[3, 33]
[19, 33]
[17, 33]
[10, 33]
[6, 33]
[18, 33]
[4, 33]
[2, 33]
[14, 33]
[7, 33]
[24, 33]
[28, 33]
[33, 48]
[33, 54]
[22, 33]
[33, 43]
[33, 46]
[32, 33]
[46, 50]
[45, 46]
[14, 26]
[26, 37]
[26, 52]
[6, 12]
[26, 40]
[2, 12]
[12, 18]
[12, 13]
[12, 14]
[12, 38]
[12, 40]
[12, 24]
[12, 48]
[12, 54]
[12, 22]
[10, 12]
[12, 43]
[12, 51]
[12, 31]
[12, 47]
[12, 49]
[12, 41]
[12, 46]
[12, 50]
[12, 30]
[12, 55]
[26, 54]
[25, 26]
[26, 43]
[26, 59]
[0, 20]
[0, 3]
[0, 19]
[0, 5]
[0, 4]
[0, 2]
[0, 18]
[30, 52]
[0, 13]
[7, 30]
[0, 14]
[30, 40]
[0, 40]
[21, 30]
[0, 24]
[30, 53]
[0, 25]
[29, 30]
[0, 53]
[30, 59]
[0, 57]
[30, 39]
[0, 43]
[30, 32]
[0, 26]
[15, 19]
[5, 15]
[2, 15]
[14, 15]
[15, 40]
[2, 27]
[27, 40]
[24, 27]
[20, 27]
[27, 54]
[21, 27]
[22, 27]
[27, 53]
[27, 57]
[27, 29]
[27, 43]
[27, 39]
[26, 27]
[0, 27]
[27, 31]
[27, 47]
[27, 35]
[27, 46]
[15, 48]
[15, 54]
[15, 21]
[49, 57]
[43, 49]
[49, 59]
[32, 49]
[26, 49]
[45, 49]
[31, 49]
[23, 49]
[15, 25]
[0, 30]
[15, 22]
[15, 53]
[15, 58]
[15, 43]
[0, 15]
[9, 45]
[16, 45]
[19, 45]
[5, 45]
[6, 45]
[2, 45]
[13, 45]
[20, 45]
[37, 45]
[45, 52]
[40, 45]
[28, 45]
[45, 54]
[22, 45]
[23, 32]
[15, 23]
[23, 45]
[23, 31]
[45, 53]
[26, 45]
[6, 51]
[3, 51]
[1, 51]
[18, 51]
[16, 51]
[5, 51]
[17, 51]
[4, 51]
[2, 51]
[40, 51]
[24, 51]
[48, 51]
[21, 51]
[51, 58]
[29, 51]
[26, 33]
[15, 33]
[43, 51]
[51, 59]
[0, 51]
[15, 51]
[25, 31]
[28, 31]
[18, 31]
[9, 31]
[33, 45]
[4, 31]
[5, 31]
[19, 31]
[1, 31]
[16, 31]
[2, 31]
[14, 31]
[31, 52]
[31, 40]
[24, 31]
[31, 54]
[21, 31]
[22, 31]
[31, 57]
[31, 58]
[31, 43]
[31, 32]
[31, 45]
[0, 47]
[47, 51]
[41, 52]
[13, 41]
[19, 41]
[5, 41]
[14, 41]
[10, 41]
[24, 41]
[28, 41]
[20, 41]
[41, 48]
[41, 54]
[25, 41]
[41, 53]
[29, 41]
[41, 43]
[39, 41]
[0, 41]
[15, 41]
[31, 41]
[41, 49]
[13, 35]
[5, 35]
[16, 35]
[1, 35]
[28, 35]
[17, 35]
[6, 35]
[35, 38]
[35, 37]
[7, 35]
[24, 35]
[35, 54]
[21, 35]
[35, 43]
[35, 59]
[35, 39]
[0, 35]
[31, 35]
[35, 47]
[35, 41]
[46, 51]
[46, 47]
[23, 46]
[46, 49]
[35, 46]
[10, 42]
[5, 42]
[6, 42]
[2, 42]
[18, 42]
[40, 42]
[42, 48]
[25, 42]
[29, 42]
[42, 43]
[39, 42]
[42, 45]
[31, 42]
[42, 47]
[42, 49]
[42, 46]
[31, 33]
[23, 33]
[33, 49]
[33, 42]
[10, 44]
[11, 44]
[19, 44]
[6, 44]
[4, 44]
[38, 44]
[37, 44]
[44, 52]
[24, 44]
[28, 44]
[20, 44]
[44, 48]
[44, 53]
[44, 57]
[39, 44]
[26, 44]
[44, 51]
[31, 44]
[44, 47]
[23, 44]
[41, 44]
[33, 44]
[11, 50]
[10, 50]
[33, 50]
[30, 45]
[30, 51]
[23, 30]
[30, 49]
[30, 44]
[11, 55]
[21, 55]
[7, 55]
[18, 55]
[9, 55]
[16, 55]
[1, 55]
[55, 57]
[19, 55]
[17, 55]
[45, 55]
[6, 55]
[4, 55]
[34, 55]
[52, 55]
[40, 55]
[24, 55]
[20, 55]
[54, 55]
[22, 55]
[55, 58]
[55, 59]
[39, 55]
[23, 55]
[49, 55]
[18, 36]
[2, 36]
[16, 36]
[15, 55]
[31, 55]
[27, 55]
[30, 55]
[46, 55]
[33, 55]
[30, 56]
[54, 56]
[1, 56]
[5, 56]
[9, 56]
[17, 56]
[6, 56]
[2, 56]
[18, 56]
[37, 56]
[52, 56]
[7, 56]
[40, 56]
[24, 56]
[20, 56]
[21, 56]
[25, 56]
[53, 56]
[32, 56]
[11, 56]
[26, 56]
[29, 56]
[27, 56]
[46, 56]
[33, 56]
[50, 56]
[0, 56]
[36, 47]
[10, 36]
[7, 36]
[5, 36]
[1, 36]
[19, 36]
[17, 36]
[13, 36]
[36, 38]
[36, 52]
[24, 36]
[36, 54]
[22, 36]
[36, 53]
[36, 43]
[36, 39]
[32, 36]
[36, 42]
[29, 36]
[35, 36]
[12, 36]
[36, 51]
[36, 44]
[36, 55]
[33, 36]
[36, 50]
[30, 36]
