[27, 28]
[6, 28]
[6, 89]
[2, 89]
[26, 89]
[9, 89]
[15, 89]
[18, 89]
[19, 89]
[21, 89]
[24, 89]
[29, 89]
[30, 89]
[31, 89]
[32, 89]
[33, 89]
[34, 89]
[35, 89]
[37, 89]
[41, 89]
[42, 89]
[45, 89]
[47, 89]
[50, 89]
[51, 89]
[54, 89]
[58, 89]
[67, 89]
[68, 89]
[71, 89]
[72, 89]
[73, 89]
[74, 89]
[79, 89]
[80, 89]
[81, 89]
[83, 89]
[84, 89]
[26, 28]
[3, 28]
[27, 88]
[25, 27]
[5, 27]
[4, 27]
[2, 27]
[8, 27]
[14, 27]
[19, 27]
[20, 27]
[22, 27]
[23, 27]
[4, 7]
[2, 7]
[2, 6]
[3, 6]
[87, 89]
[13, 26]
[4, 26]
[4, 6]
[5, 6]
[6, 14]
[1, 14]
[10, 14]
[2, 4]
[1, 4]
[2, 3]
[1, 2]
[1, 7]
[6, 7]
[3, 7]
[1, 28]
[4, 28]
[7, 8]
[7, 25]
[4, 25]
[4, 8]
[6, 9]
[6, 10]
[28, 182]
[28, 186]
[28, 60]
[26, 60]
[26, 50]
[3, 26]
[28, 51]
[51, 88]
[44, 88]
[56, 88]
[56, 87]
[3, 87]
[28, 44]
[1, 88]
[26, 88]
[26, 47]
[1, 26]
[28, 56]
[1, 87]
[28, 73]
[88, 185]
[26, 78]
[26, 102]
[21, 26]
[28, 181]
[21, 181]
[21, 56]
[14, 87]
[28, 139]
[28, 179]
[27, 87]
[27, 36]
[27, 47]
[26, 175]
[26, 134]
[26, 54]
[27, 54]
[27, 49]
[27, 53]
[27, 60]
[27, 75]
[27, 81]
[27, 71]
[27, 143]
[27, 99]
[27, 177]
[27, 137]
[27, 101]
[27, 120]
[27, 187]
[27, 109]
[27, 189]
[27, 166]
[27, 170]
[27, 132]
[27, 118]
[27, 155]
[27, 111]
[27, 38]
[27, 39]
[27, 80]
[27, 41]
[27, 62]
[27, 82]
[27, 77]
[27, 35]
[27, 123]
[27, 121]
[27, 119]
[27, 107]
[27, 106]
[27, 103]
[27, 90]
[27, 183]
[27, 176]
[27, 165]
[27, 145]
[27, 141]
[27, 138]
[27, 133]
[27, 129]
[27, 128]
[27, 135]
[27, 188]
[27, 193]
[27, 150]
[27, 66]
[27, 64]
[27, 84]
[27, 74]
[27, 79]
[27, 61]
[27, 46]
[27, 58]
[27, 191]
[27, 105]
[27, 97]
[27, 178]
[27, 167]
[27, 160]
[27, 142]
[27, 57]
[27, 48]
[27, 43]
[27, 70]
[27, 83]
[27, 37]
[27, 40]
[27, 76]
[27, 65]
[27, 45]
[27, 32]
[27, 125]
[27, 95]
[27, 174]
[27, 163]
[27, 154]
[27, 148]
[27, 131]
[27, 130]
[27, 127]
[27, 115]
[27, 192]
[27, 190]
[27, 151]
[60, 171]
[24, 60]
[24, 29]
[29, 185]
[14, 29]
[14, 41]
[41, 50]
[30, 41]
[85, 189]
[117, 189]
[25, 26]
[22, 26]
[26, 52]
[16, 26]
[26, 98]
[8, 26]
[10, 26]
[26, 68]
[26, 113]
[26, 186]
[26, 172]
[26, 147]
[26, 173]
[26, 153]
[26, 149]
[26, 158]
[26, 144]
[26, 168]
[26, 140]
[26, 63]
[26, 161]
[26, 152]
[26, 157]
[26, 93]
[24, 26]
[26, 67]
[26, 92]
[26, 184]
[26, 146]
[11, 26]
[26, 156]
[26, 29]
[26, 75]
[26, 81]
[26, 71]
[26, 120]
[26, 101]
[26, 187]
[26, 177]
[26, 170]
[26, 166]
[26, 137]
[26, 132]
[26, 111]
[26, 80]
[26, 62]
[26, 106]
[26, 103]
[26, 183]
[26, 176]
[26, 90]
[26, 165]
[26, 145]
[26, 138]
[26, 135]
[26, 133]
[26, 128]
[26, 193]
[26, 64]
[26, 84]
[26, 61]
[26, 46]
[26, 97]
[26, 160]
[26, 57]
[26, 83]
[26, 125]
[26, 163]
[26, 154]
[26, 148]
[26, 131]
[26, 130]
[26, 115]
[26, 190]
[26, 159]
[26, 194]
[7, 26]
[17, 26]
[26, 42]
[9, 26]
[12, 26]
[23, 26]
[26, 122]
[6, 26]
[0, 26]
[18, 26]
[19, 26]
[50, 189]
[1, 189]
[73, 189]
[44, 189]
[116, 189]
[179, 189]
[181, 189]
[185, 189]
[88, 189]
[69, 189]
[169, 189]
[136, 189]
[96, 189]
[180, 189]
[86, 189]
[114, 189]
[126, 189]
[171, 189]
[59, 189]
[30, 189]
[78, 189]
[175, 189]
[102, 189]
[134, 189]
[36, 189]
[50, 87]
[73, 87]
[87, 179]
[87, 181]
[87, 139]
[87, 185]
[87, 88]
[69, 87]
[87, 169]
[87, 136]
[87, 180]
[87, 117]
[55, 87]
[87, 112]
[34, 87]
[87, 104]
[87, 164]
[15, 87]
[78, 87]
[87, 175]
[87, 98]
[87, 134]
[20, 87]
[36, 87]
[51, 96]
[28, 100]
[29, 171]
[28, 96]
[28, 172]
[28, 40]
[35, 40]
[38, 40]
[38, 49]
[49, 155]
[49, 181]
[44, 49]
[49, 73]
[14, 49]
[5, 49]
[49, 51]
[49, 116]
[49, 179]
[49, 72]
[49, 88]
[49, 100]
[49, 136]
[49, 96]
[49, 86]
[49, 126]
[49, 108]
[49, 162]
[33, 49]
[49, 59]
[34, 49]
[49, 104]
[49, 110]
[31, 49]
[49, 78]
[49, 175]
[49, 102]
[49, 134]
[49, 189]
[49, 99]
[39, 49]
[41, 49]
[49, 82]
[49, 77]
[35, 49]
[49, 121]
[49, 119]
[49, 107]
[49, 129]
[49, 188]
[49, 150]
[49, 74]
[49, 79]
[143, 185]
[50, 143]
[1, 143]
[73, 143]
[56, 143]
[51, 143]
[143, 179]
[139, 143]
[72, 143]
[100, 143]
[143, 180]
[86, 143]
[55, 143]
[114, 143]
[112, 143]
[33, 143]
[143, 182]
[143, 171]
[59, 143]
[34, 143]
[30, 143]
[110, 143]
[143, 175]
[98, 143]
[118, 143]
[109, 143]
[88, 96]
[28, 29]
[29, 153]
[29, 31]
[29, 73]
[5, 29]
[44, 85]
[44, 86]
[73, 86]
[73, 185]
[3, 185]
[1, 185]
[14, 185]
[50, 185]
[56, 185]
[116, 185]
[179, 185]
[139, 185]
[50, 181]
[1, 181]
[51, 181]
[179, 181]
[3, 50]
[1, 50]
[29, 50]
[29, 44]
[21, 29]
[21, 28]
[28, 173]
[28, 180]
[88, 116]
[29, 34]
[34, 88]
[14, 34]
[14, 91]
[3, 91]
[29, 91]
[29, 179]
[88, 179]
[29, 169]
[29, 117]
[29, 85]
[29, 126]
[29, 114]
[29, 108]
[29, 59]
[29, 164]
[29, 110]
[29, 104]
[15, 29]
[29, 102]
[29, 134]
[20, 29]
[29, 36]
[29, 99]
[29, 143]
[29, 155]
[29, 39]
[29, 38]
[29, 77]
[29, 129]
[29, 66]
[29, 74]
[29, 191]
[29, 105]
[29, 167]
[29, 142]
[29, 178]
[29, 48]
[29, 43]
[29, 70]
[29, 40]
[29, 95]
[29, 174]
[2, 29]
[13, 29]
[8, 29]
[10, 29]
[29, 113]
[29, 172]
[29, 144]
[29, 60]
[29, 75]
[29, 161]
[29, 152]
[29, 62]
[29, 42]
[9, 29]
[29, 90]
[29, 138]
[29, 54]
[6, 29]
[25, 29]
[29, 194]
[29, 145]
[29, 135]
[29, 173]
[29, 146]
[29, 97]
[29, 154]
[29, 131]
[7, 29]
[17, 29]
[18, 29]
[29, 148]
[29, 67]
[29, 71]
[29, 81]
[29, 187]
[29, 170]
[29, 132]
[29, 103]
[29, 84]
[29, 147]
[29, 140]
[23, 29]
[19, 29]
[29, 106]
[29, 193]
[68, 87]
[87, 149]
[16, 87]
[87, 168]
[21, 87]
[87, 156]
[63, 189]
[11, 189]
[92, 189]
[157, 189]
[149, 189]
[30, 88]
[30, 44]
[14, 86]
[88, 139]
[69, 88]
[5, 34]
[5, 91]
[25, 167]
[25, 87]
[25, 44]
[14, 25]
[5, 25]
[25, 73]
[25, 51]
[25, 139]
[25, 181]
[25, 180]
[25, 124]
[25, 55]
[25, 162]
[25, 112]
[25, 33]
[25, 117]
[25, 116]
[25, 126]
[25, 69]
[25, 88]
[25, 86]
[25, 114]
[25, 171]
[25, 102]
[25, 185]
[25, 179]
[25, 175]
[25, 164]
[15, 25]
[25, 92]
[25, 156]
[25, 41]
[25, 82]
[25, 119]
[25, 76]
[25, 45]
[25, 32]
[25, 28]
[25, 47]
[25, 101]
[25, 111]
[25, 80]
[25, 64]
[25, 61]
[25, 46]
[25, 123]
[25, 150]
[25, 94]
[25, 177]
[25, 166]
[25, 176]
[25, 165]
[25, 133]
[25, 36]
[25, 38]
[25, 77]
[25, 129]
[25, 66]
[25, 142]
[25, 40]
[25, 99]
[25, 178]
[25, 113]
[2, 25]
[25, 115]
[22, 25]
[10, 25]
[25, 144]
[25, 161]
[25, 62]
[25, 42]
[9, 25]
[25, 90]
[25, 138]
[25, 54]
[14, 63]
[3, 63]
[5, 63]
[50, 63]
[63, 73]
[44, 63]
[56, 63]
[63, 139]
[63, 124]
[55, 63]
[63, 108]
[63, 126]
[63, 69]
[63, 88]
[63, 78]
[63, 169]
[34, 63]
[15, 63]
[34, 50]
[34, 73]
[30, 91]
[73, 91]
[51, 91]
[91, 180]
[55, 91]
[33, 91]
[91, 117]
[91, 100]
[69, 91]
[91, 96]
[86, 91]
[91, 171]
[91, 102]
[91, 136]
[91, 169]
[91, 175]
[15, 91]
[52, 91]
[91, 93]
[91, 92]
[91, 184]
[91, 157]
[3, 124]
[1, 124]
[73, 124]
[44, 124]
[51, 124]
[124, 139]
[124, 181]
[14, 73]
[14, 44]
[3, 56]
[28, 189]
[28, 162]
[5, 86]
[30, 86]
[30, 73]
[5, 30]
[30, 139]
[30, 181]
[30, 72]
[30, 180]
[30, 112]
[30, 108]
[30, 116]
[30, 100]
[30, 59]
[33, 85]
[28, 33]
[28, 108]
[68, 117]
[14, 68]
[56, 73]
[28, 59]
[48, 142]
[48, 117]
[5, 48]
[68, 91]
[70, 91]
[70, 104]
[16, 104]
[30, 104]
[14, 104]
[1, 104]
[5, 104]
[50, 104]
[44, 104]
[56, 104]
[55, 104]
[104, 117]
[104, 126]
[78, 104]
[85, 104]
[104, 171]
[102, 104]
[104, 136]
[104, 175]
[104, 164]
[96, 104]
[34, 139]
[34, 86]
[34, 181]
[109, 189]
[143, 158]
[34, 175]
[34, 69]
[1, 56]
[34, 116]
[34, 35]
[35, 88]
[30, 34]
[35, 72]
[91, 104]
[141, 186]
[72, 186]
[139, 186]
[44, 186]
[181, 186]
[112, 186]
[117, 186]
[116, 186]
[30, 186]
[78, 186]
[85, 186]
[114, 186]
[102, 186]
[185, 186]
[169, 186]
[175, 186]
[34, 186]
[164, 186]
[98, 186]
[158, 186]
[68, 186]
[96, 186]
[104, 186]
[82, 186]
[119, 186]
[45, 186]
[180, 186]
[108, 186]
[52, 186]
[179, 186]
[93, 186]
[51, 139]
[14, 139]
[78, 128]
[56, 78]
[14, 78]
[73, 78]
[78, 139]
[78, 181]
[78, 124]
[78, 112]
[78, 117]
[78, 116]
[78, 86]
[3, 51]
[50, 51]
[28, 32]
[32, 34]
[35, 74]
[74, 98]
[31, 74]
[14, 74]
[3, 74]
[5, 74]
[50, 74]
[44, 74]
[56, 74]
[72, 74]
[74, 112]
[74, 117]
[74, 116]
[74, 86]
[74, 114]
[74, 171]
[74, 102]
[74, 136]
[74, 169]
[74, 175]
[68, 74]
[74, 143]
[74, 104]
[74, 109]
[74, 118]
[74, 82]
[74, 119]
[45, 74]
[74, 182]
[74, 100]
[59, 74]
[63, 74]
[74, 92]
[74, 189]
[74, 156]
[74, 93]
[74, 157]
[74, 91]
[74, 168]
[74, 110]
[41, 74]
[53, 74]
[74, 123]
[74, 107]
[36, 74]
[74, 77]
[21, 74]
[58, 74]
[37, 74]
[74, 151]
[74, 128]
[61, 74]
[74, 177]
[74, 166]
[74, 165]
[74, 133]
[37, 126]
[37, 50]
[34, 78]
[34, 85]
[15, 28]
[20, 28]
[33, 35]
[14, 33]
[44, 51]
[4, 44]
[4, 50]
[34, 114]
[28, 91]
[28, 134]
[28, 188]
[11, 28]
[28, 149]
[28, 76]
[28, 65]
[28, 110]
[28, 150]
[28, 66]
[28, 49]
[33, 158]
[3, 33]
[82, 189]
[79, 189]
[129, 189]
[88, 182]
[85, 88]
[109, 184]
[109, 162]
[31, 109]
[14, 109]
[3, 109]
[1, 109]
[50, 109]
[51, 109]
[109, 181]
[109, 116]
[86, 109]
[109, 114]
[109, 171]
[109, 185]
[44, 109]
[88, 109]
[34, 109]
[109, 139]
[104, 109]
[78, 109]
[91, 109]
[68, 109]
[109, 180]
[3, 180]
[73, 180]
[51, 180]
[180, 181]
[86, 180]
[69, 180]
[33, 180]
[85, 180]
[132, 180]
[31, 180]
[149, 180]
[55, 180]
[6, 180]
[39, 180]
[90, 180]
[164, 180]
[10, 180]
[135, 180]
[13, 180]
[104, 180]
[171, 180]
[1, 171]
[50, 171]
[73, 171]
[51, 171]
[30, 171]
[56, 171]
[34, 171]
[86, 171]
[38, 171]
[101, 171]
[88, 171]
[148, 171]
[132, 171]
[55, 171]
[6, 171]
[126, 171]
[164, 171]
[169, 171]
[93, 171]
[1, 93]
[30, 93]
[28, 93]
[93, 143]
[34, 93]
[93, 116]
[92, 93]
[88, 93]
[44, 93]
[93, 185]
[66, 93]
[93, 164]
[93, 169]
[93, 139]
[78, 93]
[63, 93]
[93, 101]
[93, 172]
[6, 93]
[6, 124]
[6, 30]
[6, 34]
[6, 69]
[6, 72]
[6, 186]
[6, 88]
[6, 33]
[6, 31]
[6, 164]
[6, 169]
[6, 63]
[6, 24]
[6, 38]
[6, 148]
[6, 172]
[1, 172]
[50, 172]
[73, 172]
[124, 172]
[51, 172]
[30, 172]
[34, 172]
[49, 172]
[86, 172]
[69, 172]
[172, 186]
[74, 172]
[172, 189]
[85, 172]
[132, 172]
[172, 185]
[66, 172]
[55, 172]
[126, 172]
[164, 172]
[169, 172]
[139, 172]
[63, 172]
[24, 172]
[101, 172]
[148, 172]
[5, 148]
[124, 148]
[51, 148]
[30, 148]
[143, 148]
[56, 148]
[34, 148]
[116, 148]
[86, 148]
[69, 148]
[72, 148]
[148, 189]
[92, 148]
[88, 148]
[33, 148]
[120, 148]
[148, 185]
[66, 148]
[148, 169]
[73, 169]
[124, 169]
[30, 169]
[72, 169]
[88, 169]
[33, 169]
[85, 169]
[44, 169]
[169, 185]
[31, 169]
[66, 169]
[126, 169]
[5, 126]
[50, 126]
[3, 126]
[73, 126]
[51, 126]
[56, 126]
[116, 126]
[69, 126]
[88, 126]
[85, 126]
[120, 126]
[44, 126]
[126, 185]
[31, 126]
[66, 126]
[55, 126]
[1, 55]
[5, 55]
[50, 55]
[3, 55]
[55, 73]
[55, 124]
[55, 181]
[55, 69]
[55, 92]
[55, 88]
[31, 55]
[5, 31]
[31, 51]
[31, 181]
[31, 116]
[31, 86]
[31, 92]
[31, 33]
[31, 120]
[31, 44]
[31, 132]
[31, 185]
[30, 185]
[72, 185]
[33, 185]
[85, 185]
[1, 85]
[5, 85]
[3, 85]
[85, 124]
[51, 85]
[85, 86]
[69, 85]
[72, 85]
[1, 72]
[50, 72]
[72, 73]
[51, 72]
[72, 181]
[72, 116]
[72, 86]
[86, 124]
[51, 86]
[86, 116]
[73, 116]
[116, 124]
[56, 116]
[51, 56]
[56, 69]
[1, 69]
[50, 69]
[3, 69]
[69, 73]
[69, 124]
[69, 181]
[69, 116]
[69, 86]
[49, 186]
[5, 92]
[3, 92]
[30, 92]
[56, 92]
[92, 181]
[69, 92]
[72, 92]
[88, 124]
[33, 88]
[1, 33]
[5, 33]
[33, 50]
[33, 73]
[33, 124]
[33, 51]
[33, 116]
[33, 72]
[3, 120]
[28, 120]
[120, 181]
[86, 120]
[69, 120]
[120, 186]
[120, 189]
[132, 189]
[1, 132]
[3, 132]
[73, 132]
[124, 132]
[30, 132]
[132, 181]
[49, 132]
[116, 132]
[86, 132]
[92, 132]
[88, 132]
[85, 132]
[66, 132]
[1, 66]
[5, 66]
[3, 66]
[66, 124]
[51, 66]
[30, 66]
[34, 66]
[66, 69]
[66, 186]
[66, 92]
[33, 66]
[66, 120]
[66, 185]
[31, 66]
[66, 164]
[1, 164]
[5, 164]
[3, 164]
[73, 164]
[51, 164]
[30, 164]
[164, 181]
[116, 164]
[86, 164]
[69, 164]
[88, 164]
[33, 164]
[85, 164]
[44, 164]
[31, 164]
[126, 164]
[139, 164]
[1, 139]
[73, 139]
[139, 181]
[69, 139]
[85, 139]
[120, 139]
[31, 139]
[39, 139]
[55, 139]
[10, 139]
[12, 139]
[60, 139]
[139, 184]
[130, 139]
[53, 139]
[35, 139]
[70, 139]
[139, 177]
[90, 139]
[94, 139]
[1, 94]
[3, 94]
[27, 94]
[73, 94]
[28, 94]
[56, 94]
[94, 181]
[49, 94]
[87, 94]
[94, 116]
[86, 94]
[69, 94]
[94, 189]
[44, 94]
[14, 94]
[30, 94]
[92, 94]
[94, 180]
[66, 94]
[33, 94]
[94, 169]
[94, 185]
[94, 120]
[94, 101]
[94, 148]
[31, 94]
[38, 94]
[55, 94]
[94, 104]
[89, 94]
[10, 94]
[12, 94]
[41, 94]
[4, 94]
[94, 179]
[94, 194]
[39, 94]
[94, 140]
[70, 94]
[45, 94]
[1, 45]
[5, 45]
[45, 50]
[3, 45]
[45, 73]
[45, 143]
[45, 56]
[45, 87]
[45, 69]
[45, 132]
[45, 92]
[45, 88]
[45, 85]
[33, 45]
[45, 172]
[45, 124]
[45, 101]
[6, 45]
[31, 45]
[45, 171]
[45, 55]
[45, 104]
[10, 45]
[45, 182]
[4, 45]
[45, 60]
[15, 45]
[43, 45]
[45, 128]
[45, 97]
[45, 174]
[45, 117]
[45, 108]
[45, 52]
[45, 119]
[45, 131]
[45, 142]
[45, 77]
[45, 62]
[19, 45]
[45, 141]
[40, 45]
[16, 45]
[45, 64]
[7, 45]
[45, 48]
[45, 102]
[45, 105]
[8, 45]
[45, 161]
[37, 45]
[45, 167]
[45, 83]
[45, 71]
[45, 75]
[45, 170]
[22, 45]
[11, 45]
[2, 45]
[45, 82]
[45, 144]
[45, 127]
[9, 45]
[42, 45]
[45, 111]
[45, 103]
[45, 61]
[45, 115]
[45, 91]
[45, 184]
[45, 194]
[45, 140]
[45, 177]
[1, 177]
[3, 177]
[51, 177]
[28, 177]
[56, 177]
[34, 177]
[49, 177]
[30, 177]
[88, 177]
[85, 177]
[66, 177]
[143, 177]
[116, 177]
[92, 177]
[24, 177]
[124, 177]
[31, 177]
[171, 177]
[38, 177]
[55, 177]
[120, 177]
[41, 177]
[53, 177]
[177, 182]
[15, 177]
[164, 177]
[47, 177]
[59, 177]
[43, 177]
[128, 177]
[149, 177]
[68, 177]
[79, 177]
[97, 177]
[174, 177]
[117, 177]
[52, 177]
[131, 177]
[142, 177]
[77, 177]
[19, 177]
[40, 177]
[80, 177]
[48, 177]
[76, 177]
[102, 177]
[8, 177]
[161, 177]
[37, 177]
[32, 177]
[13, 177]
[96, 177]
[113, 177]
[83, 177]
[71, 177]
[170, 177]
[54, 177]
[129, 177]
[177, 188]
[22, 177]
[11, 177]
[118, 177]
[177, 187]
[82, 177]
[144, 177]
[65, 177]
[127, 177]
[89, 177]
[9, 177]
[42, 177]
[67, 177]
[111, 177]
[115, 177]
[91, 177]
[177, 184]
[140, 177]
[1, 140]
[5, 140]
[50, 140]
[3, 140]
[51, 140]
[86, 140]
[69, 140]
[74, 140]
[25, 140]
[44, 140]
[30, 140]
[140, 186]
[140, 172]
[24, 140]
[109, 140]
[101, 140]
[31, 140]
[140, 171]
[38, 140]
[112, 140]
[53, 140]
[140, 148]
[135, 140]
[10, 140]
[90, 140]
[140, 182]
[4, 140]
[15, 140]
[59, 140]
[140, 149]
[68, 140]
[97, 140]
[117, 140]
[108, 140]
[46, 140]
[131, 140]
[62, 140]
[19, 140]
[40, 140]
[16, 140]
[7, 140]
[140, 145]
[81, 140]
[140, 183]
[102, 140]
[8, 140]
[140, 161]
[37, 140]
[32, 140]
[83, 140]
[140, 170]
[138, 140]
[140, 188]
[22, 140]
[11, 140]
[140, 162]
[118, 140]
[104, 140]
[82, 140]
[127, 140]
[89, 140]
[9, 140]
[140, 156]
[36, 140]
[18, 140]
[58, 140]
[61, 140]
[115, 140]
[91, 140]
[140, 194]
[1, 194]
[5, 194]
[50, 194]
[27, 194]
[73, 194]
[51, 194]
[28, 194]
[86, 194]
[74, 194]
[25, 194]
[44, 194]
[132, 194]
[72, 194]
[180, 194]
[143, 194]
[116, 194]
[33, 194]
[63, 194]
[124, 194]
[101, 194]
[6, 194]
[31, 194]
[171, 194]
[38, 194]
[55, 194]
[120, 194]
[41, 194]
[151, 194]
[39, 194]
[53, 194]
[135, 194]
[179, 194]
[10, 194]
[15, 194]
[164, 194]
[47, 194]
[59, 194]
[149, 194]
[84, 194]
[97, 194]
[168, 194]
[108, 194]
[52, 194]
[46, 194]
[142, 194]
[77, 194]
[152, 194]
[19, 194]
[64, 194]
[48, 194]
[76, 194]
[145, 194]
[81, 194]
[20, 194]
[183, 194]
[102, 194]
[105, 194]
[37, 194]
[13, 194]
[96, 194]
[167, 194]
[83, 194]
[75, 194]
[170, 194]
[138, 194]
[22, 194]
[11, 194]
[162, 194]
[104, 194]
[2, 194]
[187, 194]
[144, 194]
[65, 194]
[89, 194]
[36, 194]
[103, 194]
[58, 194]
[115, 194]
[91, 194]
[23, 194]
[1, 23]
[5, 23]
[3, 23]
[23, 73]
[23, 51]
[23, 28]
[23, 56]
[23, 181]
[23, 49]
[23, 87]
[23, 86]
[23, 69]
[23, 74]
[23, 25]
[23, 189]
[23, 44]
[23, 30]
[23, 88]
[23, 85]
[23, 24]
[23, 109]
[23, 126]
[6, 23]
[23, 169]
[23, 31]
[23, 78]
[23, 38]
[23, 55]
[23, 185]
[12, 23]
[23, 120]
[23, 41]
[23, 70]
[10, 23]
[4, 23]
[23, 60]
[23, 164]
[23, 43]
[23, 57]
[23, 79]
[23, 174]
[23, 117]
[23, 119]
[23, 77]
[23, 80]
[7, 23]
[23, 48]
[23, 81]
[23, 183]
[23, 102]
[23, 105]
[8, 23]
[23, 37]
[13, 23]
[23, 96]
[23, 83]
[23, 170]
[23, 154]
[23, 54]
[23, 188]
[23, 162]
[23, 118]
[23, 187]
[23, 65]
[23, 127]
[9, 23]
[23, 156]
[23, 67]
[23, 36]
[18, 23]
[23, 58]
[23, 61]
[23, 115]
[1, 115]
[5, 115]
[50, 115]
[73, 115]
[28, 115]
[56, 115]
[115, 181]
[34, 115]
[49, 115]
[69, 115]
[74, 115]
[115, 189]
[14, 115]
[72, 115]
[88, 115]
[85, 115]
[66, 115]
[115, 143]
[115, 116]
[92, 115]
[63, 115]
[24, 115]
[109, 115]
[115, 126]
[115, 124]
[101, 115]
[6, 115]
[31, 115]
[78, 115]
[115, 185]
[12, 115]
[41, 115]
[112, 115]
[115, 151]
[39, 115]
[115, 148]
[70, 115]
[115, 139]
[115, 130]
[115, 179]
[10, 115]
[115, 164]
[47, 115]
[57, 115]
[115, 128]
[115, 149]
[79, 115]
[97, 115]
[108, 115]
[52, 115]
[46, 115]
[115, 119]
[115, 131]
[115, 142]
[93, 115]
[77, 115]
[115, 152]
[40, 115]
[80, 115]
[7, 115]
[48, 115]
[76, 115]
[115, 137]
[81, 115]
[115, 161]
[37, 115]
[13, 115]
[96, 115]
[115, 167]
[113, 115]
[83, 115]
[71, 115]
[115, 170]
[115, 154]
[54, 115]
[115, 129]
[115, 188]
[11, 115]
[115, 162]
[2, 115]
[65, 115]
[9, 115]
[67, 115]
[36, 115]
[111, 115]
[58, 115]
[61, 115]
[5, 61]
[28, 61]
[61, 181]
[49, 61]
[61, 87]
[61, 189]
[44, 61]
[14, 61]
[61, 72]
[61, 180]
[61, 88]
[61, 85]
[61, 66]
[61, 116]
[61, 186]
[33, 61]
[61, 172]
[61, 92]
[24, 61]
[61, 126]
[61, 124]
[61, 101]
[61, 169]
[61, 171]
[61, 78]
[55, 61]
[41, 61]
[39, 61]
[53, 61]
[61, 70]
[61, 139]
[61, 179]
[61, 182]
[60, 61]
[61, 164]
[47, 61]
[59, 61]
[43, 61]
[61, 149]
[61, 84]
[61, 79]
[61, 97]
[61, 168]
[61, 117]
[61, 119]
[61, 142]
[61, 93]
[61, 152]
[61, 62]
[61, 141]
[16, 61]
[48, 61]
[61, 137]
[61, 145]
[20, 61]
[61, 183]
[61, 102]
[32, 61]
[61, 96]
[61, 167]
[61, 113]
[61, 83]
[61, 71]
[61, 75]
[61, 170]
[61, 154]
[54, 61]
[61, 138]
[11, 61]
[61, 162]
[2, 61]
[61, 65]
[9, 61]
[42, 61]
[36, 61]
[18, 61]
[61, 103]
[1, 103]
[73, 103]
[56, 103]
[103, 181]
[34, 103]
[49, 103]
[25, 103]
[103, 189]
[44, 103]
[30, 103]
[103, 132]
[72, 103]
[103, 180]
[88, 103]
[103, 143]
[103, 186]
[103, 172]
[92, 103]
[103, 109]
[101, 103]
[6, 103]
[78, 103]
[38, 103]
[55, 103]
[103, 185]
[41, 103]
[103, 112]
[39, 103]
[53, 103]
[103, 139]
[103, 130]
[10, 103]
[103, 182]
[60, 103]
[15, 103]
[59, 103]
[57, 103]
[103, 128]
[103, 149]
[79, 103]
[97, 103]
[103, 168]
[103, 117]
[103, 114]
[46, 103]
[103, 119]
[103, 131]
[77, 103]
[19, 103]
[103, 141]
[40, 103]
[16, 103]
[7, 103]
[48, 103]
[103, 137]
[103, 145]
[81, 103]
[103, 183]
[103, 105]
[8, 103]
[13, 103]
[96, 103]
[83, 103]
[103, 154]
[54, 103]
[103, 138]
[22, 103]
[2, 103]
[103, 187]
[82, 103]
[9, 103]
[103, 156]
[42, 103]
[67, 103]
[36, 103]
[18, 103]
[18, 50]
[3, 18]
[18, 73]
[18, 28]
[18, 87]
[18, 86]
[18, 69]
[18, 44]
[14, 18]
[18, 132]
[18, 72]
[18, 88]
[18, 66]
[18, 143]
[18, 116]
[18, 186]
[18, 33]
[18, 172]
[18, 92]
[18, 63]
[18, 109]
[6, 18]
[18, 169]
[18, 171]
[18, 78]
[18, 38]
[18, 55]
[18, 185]
[12, 18]
[18, 112]
[18, 39]
[18, 53]
[18, 70]
[18, 135]
[18, 139]
[18, 130]
[18, 182]
[4, 18]
[15, 18]
[18, 164]
[18, 59]
[18, 57]
[18, 128]
[18, 149]
[18, 84]
[18, 68]
[18, 79]
[18, 168]
[18, 174]
[18, 52]
[18, 119]
[18, 131]
[18, 152]
[18, 62]
[18, 19]
[18, 141]
[18, 40]
[18, 80]
[18, 64]
[18, 48]
[8, 18]
[18, 161]
[13, 18]
[18, 96]
[18, 167]
[18, 113]
[18, 75]
[18, 54]
[18, 129]
[18, 22]
[18, 104]
[2, 18]
[18, 82]
[18, 144]
[18, 65]
[1, 65]
[5, 65]
[3, 65]
[51, 65]
[56, 65]
[34, 65]
[65, 87]
[65, 86]
[65, 69]
[44, 65]
[14, 65]
[65, 132]
[65, 180]
[65, 88]
[65, 85]
[33, 65]
[65, 172]
[6, 65]
[31, 65]
[65, 171]
[65, 78]
[38, 65]
[65, 143]
[65, 186]
[55, 65]
[12, 65]
[41, 65]
[65, 151]
[39, 65]
[53, 65]
[65, 135]
[65, 139]
[10, 65]
[15, 65]
[59, 65]
[43, 65]
[57, 65]
[65, 149]
[65, 68]
[52, 65]
[65, 119]
[65, 131]
[65, 93]
[62, 65]
[16, 65]
[65, 76]
[65, 137]
[20, 65]
[65, 102]
[65, 105]
[8, 65]
[65, 161]
[37, 65]
[65, 167]
[65, 113]
[65, 170]
[65, 129]
[65, 188]
[65, 162]
[65, 118]
[2, 65]
[65, 187]
[65, 144]
[28, 144]
[144, 181]
[34, 144]
[87, 144]
[86, 144]
[69, 144]
[74, 144]
[132, 144]
[88, 144]
[85, 144]
[33, 144]
[144, 172]
[24, 144]
[109, 144]
[124, 144]
[6, 144]
[144, 171]
[78, 144]
[38, 144]
[144, 186]
[55, 144]
[41, 144]
[112, 144]
[144, 151]
[39, 144]
[35, 144]
[70, 144]
[135, 144]
[144, 169]
[4, 144]
[47, 144]
[120, 144]
[17, 144]
[144, 149]
[144, 168]
[114, 144]
[52, 144]
[119, 144]
[142, 144]
[93, 144]
[144, 152]
[144, 148]
[141, 144]
[16, 144]
[80, 144]
[64, 144]
[48, 144]
[81, 144]
[20, 144]
[144, 183]
[144, 161]
[32, 144]
[13, 144]
[96, 144]
[144, 167]
[113, 144]
[71, 144]
[75, 144]
[144, 188]
[22, 144]
[144, 162]
[82, 144]
[50, 82]
[3, 82]
[44, 82]
[14, 82]
[82, 132]
[72, 82]
[82, 88]
[82, 85]
[82, 172]
[63, 82]
[82, 124]
[6, 82]
[78, 82]
[38, 82]
[82, 151]
[70, 82]
[82, 139]
[82, 182]
[4, 82]
[15, 82]
[82, 164]
[47, 82]
[82, 128]
[82, 149]
[68, 82]
[82, 174]
[82, 117]
[82, 108]
[46, 82]
[82, 119]
[82, 131]
[82, 152]
[82, 141]
[16, 82]
[82, 102]
[13, 82]
[82, 96]
[71, 82]
[11, 82]
[82, 162]
[82, 127]
[82, 135]
[9, 82]
[82, 156]
[42, 82]
[36, 82]
[10, 82]
[82, 120]
[82, 97]
[77, 82]
[82, 104]
[19, 82]
[80, 82]
[8, 82]
[82, 113]
[82, 91]
[82, 83]
[82, 184]
[82, 138]
[82, 188]
[82, 187]
[3, 187]
[51, 187]
[181, 187]
[86, 187]
[69, 187]
[25, 187]
[187, 189]
[44, 187]
[30, 187]
[72, 187]
[180, 187]
[88, 187]
[63, 187]
[109, 187]
[124, 187]
[49, 187]
[171, 187]
[143, 187]
[116, 187]
[66, 187]
[39, 187]
[92, 187]
[169, 187]
[185, 187]
[43, 187]
[52, 187]
[142, 187]
[93, 187]
[7, 187]
[81, 187]
[32, 187]
[78, 187]
[167, 187]
[12, 187]
[170, 187]
[118, 187]
[53, 187]
[172, 187]
[17, 187]
[21, 187]
[40, 187]
[76, 187]
[145, 187]
[183, 187]
[105, 187]
[161, 187]
[2, 187]
[38, 187]
[151, 187]
[139, 187]
[182, 187]
[15, 187]
[128, 187]
[68, 187]
[174, 187]
[117, 187]
[108, 187]
[131, 187]
[186, 187]
[16, 187]
[96, 187]
[71, 187]
[162, 187]
[135, 187]
[9, 187]
[179, 187]
[10, 187]
[97, 187]
[19, 187]
[80, 187]
[8, 187]
[113, 187]
[91, 187]
[83, 187]
[138, 187]
[1, 138]
[50, 138]
[73, 138]
[56, 138]
[138, 181]
[87, 138]
[86, 138]
[74, 138]
[138, 189]
[44, 138]
[30, 138]
[132, 138]
[72, 138]
[63, 138]
[109, 138]
[124, 138]
[116, 138]
[55, 138]
[66, 138]
[112, 138]
[39, 138]
[35, 138]
[24, 138]
[138, 169]
[101, 138]
[84, 138]
[79, 138]
[52, 138]
[138, 142]
[138, 148]
[137, 138]
[81, 138]
[32, 138]
[78, 138]
[41, 138]
[138, 170]
[54, 138]
[129, 138]
[53, 138]
[21, 138]
[62, 138]
[64, 138]
[76, 138]
[138, 145]
[20, 138]
[138, 183]
[38, 138]
[138, 151]
[70, 138]
[138, 139]
[6, 138]
[138, 182]
[4, 138]
[47, 138]
[128, 138]
[68, 138]
[138, 174]
[117, 138]
[108, 138]
[46, 138]
[119, 138]
[138, 186]
[138, 152]
[138, 141]
[16, 138]
[102, 138]
[13, 138]
[96, 138]
[71, 138]
[11, 138]
[138, 162]
[135, 138]
[67, 138]
[36, 138]
[10, 138]
[97, 138]
[77, 138]
[113, 138]
[83, 138]
[5, 83]
[50, 83]
[51, 83]
[28, 83]
[56, 83]
[83, 181]
[83, 87]
[69, 83]
[74, 83]
[44, 83]
[30, 83]
[72, 83]
[83, 180]
[83, 85]
[63, 83]
[83, 109]
[49, 83]
[31, 83]
[83, 171]
[66, 83]
[35, 83]
[24, 83]
[83, 185]
[83, 84]
[83, 114]
[52, 83]
[83, 93]
[83, 137]
[81, 83]
[78, 83]
[83, 154]
[54, 83]
[83, 129]
[57, 83]
[17, 83]
[62, 83]
[83, 183]
[83, 161]
[37, 83]
[75, 83]
[2, 83]
[83, 151]
[6, 83]
[83, 182]
[4, 83]
[68, 83]
[83, 108]
[83, 119]
[83, 186]
[83, 141]
[16, 83]
[13, 83]
[71, 83]
[83, 162]
[83, 127]
[9, 83]
[42, 83]
[36, 83]
[83, 130]
[83, 179]
[77, 83]
[80, 83]
[8, 83]
[8, 50]
[8, 73]
[8, 51]
[8, 56]
[8, 87]
[8, 86]
[8, 74]
[8, 132]
[8, 72]
[8, 85]
[8, 143]
[8, 116]
[8, 35]
[8, 92]
[8, 169]
[8, 101]
[8, 59]
[8, 84]
[8, 148]
[8, 81]
[8, 32]
[8, 78]
[8, 41]
[8, 170]
[8, 154]
[8, 53]
[8, 172]
[8, 17]
[8, 21]
[8, 40]
[8, 64]
[8, 76]
[8, 145]
[8, 20]
[8, 183]
[8, 37]
[8, 75]
[8, 164]
[8, 47]
[8, 68]
[8, 174]
[8, 108]
[8, 119]
[8, 186]
[8, 13]
[8, 67]
[8, 106]
[8, 98]
[8, 122]
[0, 8]
[8, 157]
[8, 136]
[8, 175]
[8, 58]
[8, 165]
[8, 163]
[8, 131]
[8, 173]
[8, 71]
[8, 127]
[8, 135]
[8, 36]
[8, 130]
[8, 179]
[8, 120]
[8, 97]
[8, 19]
[1, 19]
[3, 19]
[19, 25]
[19, 50]
[19, 51]
[19, 87]
[19, 44]
[19, 30]
[19, 132]
[19, 72]
[19, 88]
[19, 33]
[19, 143]
[19, 112]
[19, 92]
[2, 19]
[19, 126]
[19, 24]
[19, 101]
[19, 60]
[19, 185]
[19, 43]
[19, 52]
[7, 19]
[19, 167]
[19, 56]
[19, 34]
[19, 170]
[19, 74]
[19, 189]
[19, 172]
[19, 85]
[19, 62]
[19, 145]
[19, 20]
[19, 31]
[19, 171]
[19, 66]
[19, 148]
[19, 137]
[19, 32]
[12, 19]
[19, 54]
[19, 129]
[19, 128]
[19, 149]
[19, 141]
[16, 19]
[19, 102]
[19, 162]
[17, 19]
[19, 40]
[19, 64]
[19, 183]
[19, 105]
[19, 161]
[19, 37]
[10, 19]
[19, 22]
[19, 182]
[19, 117]
[19, 77]
[19, 80]
[19, 42]
[19, 164]
[19, 47]
[19, 68]
[19, 174]
[19, 119]
[19, 186]
[9, 19]
[19, 156]
[19, 75]
[4, 19]
[19, 67]
[19, 91]
[19, 106]
[19, 155]
[19, 98]
[19, 122]
[0, 19]
[19, 136]
[19, 175]
[19, 166]
[19, 163]
[19, 133]
[19, 110]
[19, 131]
[19, 190]
[19, 192]
[19, 127]
[19, 135]
[19, 36]
[19, 179]
[19, 120]
[112, 120]
[24, 120]
[60, 120]
[59, 120]
[43, 120]
[120, 142]
[78, 120]
[120, 167]
[120, 170]
[118, 120]
[62, 120]
[35, 120]
[120, 151]
[70, 120]
[120, 168]
[32, 120]
[12, 120]
[41, 120]
[53, 120]
[46, 120]
[120, 152]
[102, 120]
[120, 162]
[57, 120]
[17, 120]
[21, 120]
[40, 120]
[76, 120]
[120, 161]
[37, 120]
[10, 120]
[120, 182]
[15, 120]
[2, 120]
[7, 120]
[120, 154]
[108, 120]
[75, 120]
[48, 120]
[120, 137]
[81, 120]
[54, 120]
[4, 120]
[16, 120]
[120, 183]
[105, 120]
[42, 120]
[13, 120]
[97, 120]
[89, 120]
[58, 120]
[120, 184]
[120, 136]
[120, 166]
[120, 133]
[110, 120]
[120, 190]
[120, 192]
[120, 179]
[14, 179]
[172, 179]
[171, 179]
[51, 179]
[69, 179]
[30, 179]
[33, 179]
[116, 179]
[44, 179]
[86, 179]
[85, 179]
[66, 179]
[60, 179]
[79, 179]
[167, 179]
[35, 179]
[41, 179]
[102, 179]
[80, 179]
[154, 179]
[68, 179]
[104, 179]
[97, 179]
[89, 179]
[165, 179]
[179, 191]
[107, 179]
[99, 179]
[95, 179]
[84, 179]
[151, 179]
[17, 179]
[64, 179]
[101, 179]
[126, 179]
[148, 179]
[112, 179]
[59, 179]
[128, 179]
[141, 179]
[179, 182]
[142, 179]
[118, 179]
[152, 179]
[162, 179]
[117, 179]
[106, 179]
[155, 179]
[54, 179]
[100, 179]
[134, 179]
[4, 179]
[71, 179]
[32, 179]
[147, 179]
[9, 179]
[156, 179]
[127, 179]
[108, 179]
[98, 179]
[175, 179]
[158, 179]
[7, 179]
[20, 179]
[160, 179]
[22, 179]
[113, 179]
[65, 179]
[173, 179]
[179, 192]
[179, 193]
[159, 179]
[161, 179]
[21, 179]
[2, 179]
[125, 179]
[58, 179]
[150, 179]
[179, 190]
[14, 190]
[50, 190]
[87, 190]
[56, 190]
[143, 190]
[5, 190]
[3, 190]
[72, 190]
[189, 190]
[169, 190]
[51, 190]
[30, 190]
[124, 190]
[92, 190]
[63, 190]
[78, 190]
[15, 190]
[190, 194]
[55, 190]
[132, 190]
[39, 190]
[139, 190]
[44, 190]
[164, 190]
[181, 190]
[6, 190]
[49, 190]
[33, 190]
[10, 190]
[69, 190]
[60, 190]
[135, 190]
[174, 190]
[82, 190]
[13, 190]
[46, 190]
[35, 190]
[104, 190]
[48, 190]
[170, 190]
[57, 190]
[168, 190]
[129, 190]
[119, 190]
[37, 190]
[105, 190]
[76, 190]
[11, 190]
[67, 190]
[88, 190]
[137, 190]
[151, 190]
[42, 190]
[40, 190]
[75, 190]
[79, 190]
[102, 190]
[68, 190]
[145, 190]
[126, 190]
[148, 190]
[84, 190]
[186, 190]
[90, 190]
[77, 190]
[17, 190]
[64, 190]
[136, 190]
[157, 190]
[59, 190]
[118, 190]
[117, 190]
[188, 190]
[9, 190]
[89, 190]
[163, 190]
[103, 190]
[133, 190]
[141, 190]
[100, 190]
[98, 190]
[178, 190]
[22, 190]
[113, 190]
[2, 190]
[106, 190]
[134, 190]
[147, 190]
[175, 190]
[160, 190]
[65, 190]
[190, 192]
[159, 190]
[150, 190]
[14, 150]
[87, 150]
[56, 150]
[34, 150]
[3, 150]
[72, 150]
[150, 180]
[30, 150]
[15, 150]
[31, 150]
[55, 150]
[38, 150]
[132, 150]
[70, 150]
[139, 150]
[150, 171]
[86, 150]
[150, 181]
[130, 150]
[150, 172]
[6, 150]
[33, 150]
[12, 150]
[10, 150]
[69, 150]
[47, 150]
[45, 150]
[82, 150]
[114, 150]
[93, 150]
[104, 150]
[48, 150]
[57, 150]
[96, 150]
[119, 150]
[105, 150]
[76, 150]
[36, 150]
[88, 150]
[41, 150]
[75, 150]
[102, 150]
[150, 154]
[68, 150]
[31, 38]
[15, 38]
[15, 30]
[15, 34]
[15, 109]
[15, 56]
[5, 15]
[3, 15]
[15, 180]
[15, 169]
[15, 185]
[15, 51]
[78, 92]
[90, 92]
[28, 90]
[31, 78]
[30, 32]
[89, 143]
[53, 87]
[28, 53]
[24, 28]
[24, 50]
[24, 56]
[24, 74]
[24, 143]
[3, 24]
[24, 51]
[24, 124]
[24, 31]
[24, 116]
[24, 86]
[24, 181]
[13, 24]
[24, 129]
[24, 145]
[24, 112]
[53, 185]
[14, 53]
[13, 28]
[13, 87]
[13, 56]
[50, 53]
[53, 56]
[5, 53]
[53, 73]
[53, 72]
[67, 109]
[28, 67]
[14, 67]
[56, 67]
[34, 67]
[67, 74]
[5, 67]
[3, 67]
[67, 73]
[67, 189]
[51, 67]
[67, 124]
[67, 185]
[30, 67]
[67, 78]
[31, 67]
[67, 116]
[67, 86]
[67, 181]
[67, 112]
[24, 67]
[59, 67]
[67, 152]
[67, 169]
[67, 84]
[38, 67]
[67, 171]
[67, 162]
[60, 67]
[67, 71]
[67, 156]
[67, 174]
[67, 168]
[11, 67]
[53, 63]
[53, 91]
[78, 169]
[4, 182]
[33, 182]
[39, 182]
[51, 182]
[34, 182]
[14, 182]
[182, 185]
[86, 182]
[181, 182]
[180, 182]
[169, 182]
[164, 182]
[171, 182]
[66, 182]
[53, 182]
[112, 182]
[104, 182]
[6, 182]
[152, 182]
[162, 182]
[64, 182]
[60, 182]
[9, 182]
[174, 182]
[7, 182]
[163, 182]
[11, 182]
[167, 182]
[130, 182]
[93, 182]
[52, 182]
[37, 182]
[54, 182]
[32, 182]
[57, 182]
[96, 182]
[76, 182]
[68, 182]
[101, 182]
[16, 182]
[182, 188]
[42, 182]
[108, 182]
[91, 156]
[34, 156]
[56, 156]
[14, 156]
[143, 156]
[5, 156]
[72, 156]
[31, 156]
[55, 156]
[116, 156]
[44, 156]
[156, 180]
[109, 156]
[63, 156]
[78, 156]
[85, 156]
[24, 156]
[39, 156]
[156, 171]
[148, 156]
[13, 156]
[129, 156]
[132, 156]
[145, 156]
[112, 156]
[6, 156]
[88, 156]
[117, 156]
[49, 156]
[15, 156]
[84, 156]
[70, 156]
[60, 156]
[71, 156]
[9, 156]
[38, 56]
[3, 38]
[89, 185]
[38, 51]
[38, 73]
[22, 28]
[1, 22]
[22, 74]
[5, 22]
[22, 72]
[22, 51]
[22, 180]
[22, 143]
[22, 55]
[22, 44]
[22, 185]
[22, 63]
[22, 78]
[22, 139]
[22, 85]
[22, 38]
[22, 171]
[22, 53]
[22, 129]
[22, 132]
[22, 145]
[22, 88]
[22, 152]
[22, 117]
[22, 151]
[15, 22]
[22, 84]
[22, 70]
[22, 162]
[22, 60]
[30, 38]
[38, 55]
[38, 86]
[38, 181]
[38, 185]
[38, 63]
[38, 78]
[39, 51]
[39, 56]
[1, 39]
[55, 96]
[34, 96]
[14, 96]
[96, 124]
[96, 109]
[86, 96]
[96, 181]
[78, 96]
[85, 96]
[24, 96]
[38, 96]
[39, 96]
[53, 96]
[13, 96]
[31, 96]
[33, 96]
[96, 145]
[6, 96]
[59, 96]
[96, 152]
[96, 117]
[70, 96]
[22, 96]
[96, 174]
[35, 96]
[40, 96]
[96, 167]
[77, 96]
[48, 96]
[57, 96]
[96, 105]
[75, 96]
[96, 154]
[68, 96]
[96, 101]
[96, 126]
[96, 141]
[96, 119]
[36, 96]
[96, 97]
[96, 118]
[96, 148]
[80, 96]
[7, 96]
[81, 96]
[16, 96]
[96, 127]
[96, 121]
[96, 156]
[43, 96]
[96, 135]
[17, 96]
[21, 96]
[52, 93]
[15, 93]
[114, 132]
[78, 164]
[24, 164]
[24, 69]
[24, 170]
[24, 39]
[15, 24]
[24, 84]
[24, 168]
[24, 79]
[24, 66]
[24, 117]
[24, 152]
[24, 108]
[24, 59]
[24, 47]
[24, 128]
[24, 49]
[24, 101]
[24, 186]
[24, 167]
[24, 113]
[24, 68]
[24, 119]
[24, 118]
[38, 169]
[112, 172]
[145, 172]
[13, 172]
[149, 172]
[162, 172]
[22, 172]
[32, 172]
[37, 172]
[12, 172]
[172, 183]
[10, 172]
[48, 172]
[105, 172]
[154, 172]
[84, 172]
[168, 172]
[117, 172]
[59, 172]
[129, 172]
[170, 172]
[71, 72]
[28, 71]
[22, 126]
[22, 92]
[22, 93]
[22, 71]
[38, 69]
[34, 75]
[56, 90]
[32, 90]
[90, 143]
[44, 90]
[85, 90]
[74, 90]
[90, 124]
[3, 90]
[51, 90]
[90, 185]
[90, 164]
[69, 90]
[90, 132]
[63, 90]
[66, 90]
[33, 90]
[13, 90]
[64, 90]
[82, 90]
[90, 187]
[90, 145]
[88, 90]
[59, 90]
[90, 151]
[39, 90]
[90, 156]
[6, 90]
[19, 90]
[84, 90]
[90, 93]
[71, 90]
[70, 90]
[12, 90]
[90, 102]
[90, 183]
[11, 90]
[90, 154]
[36, 90]
[90, 170]
[90, 186]
[90, 167]
[90, 113]
[68, 90]
[90, 119]
[90, 118]
[90, 174]
[77, 90]
[35, 90]
[40, 90]
[90, 148]
[90, 141]
[90, 188]
[90, 137]
[90, 131]
[90, 161]
[4, 90]
[46, 90]
[90, 100]
[90, 175]
[90, 192]
[90, 193]
[90, 159]
[90, 91]
[7, 90]
[90, 135]
[90, 104]
[21, 90]
[15, 128]
[30, 128]
[14, 128]
[1, 128]
[87, 128]
[72, 128]
[128, 180]
[109, 128]
[55, 128]
[128, 181]
[116, 128]
[128, 143]
[44, 128]
[3, 128]
[51, 128]
[128, 185]
[128, 164]
[69, 128]
[128, 132]
[33, 128]
[128, 182]
[13, 128]
[64, 128]
[9, 128]
[126, 128]
[128, 156]
[128, 172]
[6, 128]
[22, 128]
[54, 128]
[10, 128]
[48, 128]
[128, 168]
[47, 128]
[67, 128]
[107, 128]
[81, 128]
[92, 128]
[84, 128]
[93, 128]
[71, 128]
[32, 128]
[11, 128]
[20, 128]
[128, 170]
[36, 169]
[36, 72]
[1, 36]
[34, 36]
[36, 139]
[36, 180]
[36, 109]
[30, 36]
[36, 73]
[36, 86]
[36, 181]
[36, 78]
[36, 112]
[36, 53]
[36, 44]
[36, 124]
[3, 36]
[36, 185]
[36, 164]
[33, 36]
[36, 182]
[13, 36]
[15, 36]
[36, 145]
[36, 88]
[36, 152]
[36, 149]
[9, 36]
[36, 39]
[36, 156]
[22, 36]
[36, 114]
[36, 52]
[36, 54]
[10, 36]
[36, 41]
[36, 168]
[36, 57]
[0, 36]
[36, 81]
[36, 92]
[36, 84]
[36, 93]
[36, 71]
[36, 70]
[12, 36]
[36, 142]
[36, 183]
[36, 154]
[43, 66]
[30, 43]
[34, 43]
[5, 43]
[43, 50]
[1, 43]
[43, 87]
[43, 171]
[43, 139]
[43, 109]
[31, 43]
[43, 86]
[43, 181]
[43, 169]
[43, 143]
[43, 44]
[43, 85]
[43, 124]
[3, 43]
[43, 51]
[33, 43]
[13, 43]
[43, 129]
[43, 117]
[43, 60]
[43, 59]
[43, 49]
[43, 149]
[43, 126]
[39, 43]
[6, 43]
[43, 114]
[43, 52]
[43, 54]
[43, 48]
[43, 105]
[43, 168]
[43, 47]
[43, 67]
[43, 57]
[43, 184]
[43, 81]
[22, 97]
[15, 97]
[24, 97]
[30, 97]
[25, 97]
[1, 97]
[87, 97]
[5, 97]
[97, 189]
[34, 97]
[97, 171]
[97, 139]
[55, 97]
[31, 97]
[97, 116]
[97, 169]
[78, 97]
[38, 97]
[97, 112]
[85, 97]
[3, 97]
[97, 185]
[97, 164]
[63, 97]
[66, 97]
[33, 97]
[97, 182]
[13, 97]
[64, 97]
[97, 117]
[60, 97]
[97, 149]
[9, 97]
[97, 156]
[52, 97]
[76, 97]
[75, 97]
[57, 97]
[72, 112]
[5, 112]
[1, 112]
[14, 112]
[16, 21]
[16, 24]
[14, 16]
[16, 86]
[1, 16]
[16, 171]
[16, 180]
[16, 109]
[16, 124]
[3, 16]
[16, 31]
[16, 38]
[16, 69]
[16, 132]
[16, 63]
[13, 16]
[15, 16]
[16, 129]
[16, 88]
[16, 117]
[16, 152]
[16, 59]
[16, 49]
[9, 16]
[6, 16]
[16, 52]
[16, 37]
[10, 16]
[16, 41]
[16, 48]
[16, 105]
[16, 168]
[16, 79]
[16, 47]
[16, 57]
[16, 97]
[0, 16]
[16, 81]
[16, 43]
[16, 93]
[16, 71]
[16, 70]
[16, 32]
[12, 16]
[16, 36]
[16, 170]
[16, 101]
[16, 167]
[16, 118]
[16, 35]
[16, 148]
[16, 141]
[16, 137]
[149, 185]
[30, 149]
[112, 180]
[53, 116]
[53, 69]
[55, 151]
[33, 78]
[33, 53]
[13, 34]
[13, 88]
[53, 169]
[53, 186]
[53, 148]
[13, 73]
[13, 86]
[13, 181]
[13, 74]
[13, 124]
[13, 116]
[13, 63]
[13, 185]
[13, 78]
[13, 126]
[13, 132]
[13, 53]
[31, 64]
[14, 64]
[1, 64]
[50, 64]
[5, 64]
[64, 189]
[48, 71]
[10, 68]
[10, 38]
[10, 50]
[3, 10]
[10, 73]
[10, 86]
[10, 181]
[10, 56]
[10, 171]
[10, 63]
[10, 185]
[10, 126]
[10, 132]
[10, 53]
[10, 186]
[10, 13]
[10, 64]
[10, 129]
[10, 117]
[10, 92]
[10, 162]
[10, 164]
[10, 66]
[10, 15]
[64, 124]
[24, 178]
[44, 64]
[64, 143]
[51, 64]
[64, 139]
[34, 64]
[62, 90]
[64, 73]
[68, 128]
[64, 86]
[64, 85]
[128, 141]
[128, 137]
[64, 116]
[89, 92]
[89, 90]
[90, 155]
[33, 184]
[33, 75]
[11, 33]
[33, 54]
[33, 102]
[33, 67]
[33, 112]
[33, 162]
[9, 33]
[33, 70]
[33, 183]
[2, 33]
[33, 154]
[15, 33]
[33, 131]
[33, 39]
[21, 33]
[17, 33]
[33, 81]
[33, 52]
[33, 77]
[33, 68]
[33, 80]
[33, 48]
[20, 33]
[33, 134]
[33, 178]
[33, 113]
[33, 166]
[33, 193]
[33, 133]
[33, 165]
[33, 125]
[33, 147]
[33, 95]
[33, 111]
[33, 163]
[33, 127]
[33, 153]
[33, 110]
[33, 107]
[33, 157]
[33, 121]
[13, 164]
[22, 186]
[38, 132]
[38, 126]
[35, 91]
[32, 91]
[43, 91]
[13, 91]
[10, 91]
[91, 103]
[75, 91]
[91, 168]
[71, 91]
[47, 91]
[79, 91]
[64, 91]
[91, 97]
[60, 91]
[91, 119]
[91, 149]
[41, 91]
[91, 188]
[91, 130]
[91, 141]
[42, 91]
[76, 91]
[40, 91]
[62, 91]
[58, 91]
[91, 151]
[57, 91]
[12, 91]
[89, 91]
[91, 135]
[65, 91]
[91, 118]
[91, 152]
[91, 174]
[91, 183]
[91, 144]
[91, 155]
[91, 176]
[2, 91]
[43, 92]
[43, 137]
[24, 161]
[7, 24]
[86, 108]
[5, 108]
[132, 137]
[72, 137]
[69, 137]
[1, 137]
[51, 137]
[34, 137]
[137, 180]
[124, 137]
[109, 137]
[49, 137]
[31, 137]
[88, 137]
[137, 185]
[87, 137]
[14, 137]
[56, 137]
[86, 137]
[137, 181]
[137, 139]
[137, 171]
[137, 169]
[92, 137]
[36, 137]
[137, 170]
[69, 108]
[1, 108]
[51, 108]
[108, 180]
[88, 108]
[14, 108]
[108, 181]
[85, 108]
[44, 108]
[108, 139]
[13, 137]
[31, 184]
[5, 184]
[1, 184]
[18, 184]
[72, 184]
[34, 184]
[124, 184]
[49, 184]
[184, 185]
[14, 184]
[56, 184]
[181, 184]
[30, 184]
[171, 184]
[115, 184]
[83, 184]
[132, 184]
[169, 184]
[92, 184]
[164, 184]
[170, 184]
[137, 184]
[37, 184]
[145, 184]
[161, 184]
[7, 184]
[24, 184]
[148, 184]
[63, 184]
[162, 184]
[11, 184]
[154, 184]
[99, 184]
[59, 184]
[159, 184]
[54, 184]
[184, 192]
[158, 184]
[0, 184]
[53, 184]
[117, 184]
[69, 84]
[5, 84]
[108, 169]
[92, 108]
[108, 164]
[36, 108]
[22, 108]
[31, 170]
[28, 170]
[3, 170]
[73, 170]
[69, 170]
[108, 156]
[156, 170]
[137, 156]
[37, 156]
[31, 114]
[3, 114]
[1, 114]
[4, 34]
[5, 114]
[50, 114]
[114, 180]
[114, 124]
[88, 114]
[14, 114]
[56, 114]
[72, 141]
[114, 181]
[4, 180]
[4, 74]
[93, 156]
[86, 114]
[44, 114]
[114, 126]
[114, 139]
[92, 114]
[114, 171]
[22, 114]
[76, 164]
[76, 185]
[67, 69]
[67, 88]
[67, 132]
[114, 137]
[66, 137]
[70, 189]
[5, 70]
[3, 70]
[28, 70]
[70, 73]
[50, 70]
[70, 74]
[70, 171]
[70, 185]
[30, 70]
[44, 70]
[70, 126]
[70, 114]
[66, 70]
[6, 70]
[70, 93]
[70, 181]
[70, 169]
[37, 70]
[70, 145]
[70, 161]
[70, 142]
[1, 142]
[5, 142]
[28, 142]
[73, 142]
[72, 142]
[50, 142]
[34, 142]
[74, 142]
[124, 142]
[142, 189]
[31, 142]
[142, 143]
[87, 142]
[85, 142]
[139, 142]
[92, 142]
[55, 142]
[142, 185]
[30, 142]
[126, 142]
[22, 142]
[142, 164]
[116, 142]
[114, 142]
[93, 142]
[142, 169]
[88, 142]
[63, 142]
[37, 142]
[142, 161]
[3, 161]
[5, 161]
[73, 161]
[51, 161]
[50, 161]
[49, 161]
[87, 161]
[56, 161]
[161, 182]
[92, 161]
[78, 161]
[30, 161]
[44, 161]
[126, 161]
[161, 186]
[22, 161]
[161, 164]
[114, 161]
[128, 161]
[6, 161]
[86, 161]
[161, 181]
[69, 161]
[132, 161]
[137, 172]
[108, 114]
[63, 66]
[37, 63]
[5, 37]
[28, 37]
[37, 51]
[37, 72]
[34, 37]
[37, 55]
[37, 78]
[30, 37]
[37, 44]
[37, 186]
[37, 124]
[37, 49]
[31, 37]
[37, 87]
[37, 171]
[37, 86]
[37, 69]
[6, 37]
[37, 145]
[1, 145]
[3, 145]
[28, 145]
[51, 145]
[72, 145]
[34, 145]
[74, 145]
[44, 145]
[145, 186]
[109, 145]
[87, 145]
[56, 145]
[116, 145]
[145, 181]
[86, 145]
[145, 169]
[14, 145]
[88, 145]
[69, 145]
[6, 145]
[132, 145]
[137, 145]
[63, 145]
[7, 145]
[145, 154]
[145, 170]
[114, 145]
[38, 145]
[39, 145]
[84, 145]
[145, 192]
[53, 145]
[15, 145]
[145, 148]
[71, 145]
[145, 149]
[145, 151]
[145, 152]
[145, 174]
[110, 145]
[145, 160]
[0, 145]
[42, 145]
[145, 176]
[94, 145]
[119, 145]
[141, 145]
[57, 145]
[135, 145]
[118, 145]
[52, 145]
[58, 145]
[130, 145]
[62, 145]
[145, 183]
[2, 145]
[136, 145]
[145, 146]
[54, 145]
[48, 145]
[35, 145]
[80, 145]
[106, 145]
[76, 145]
[17, 145]
[105, 145]
[122, 145]
[145, 173]
[102, 145]
[127, 145]
[32, 145]
[145, 175]
[81, 145]
[145, 166]
[3, 166]
[28, 166]
[73, 166]
[50, 166]
[34, 166]
[166, 189]
[166, 187]
[85, 166]
[96, 166]
[115, 166]
[83, 166]
[90, 166]
[55, 166]
[78, 166]
[30, 166]
[44, 166]
[126, 166]
[164, 166]
[166, 180]
[49, 166]
[31, 166]
[139, 166]
[166, 171]
[166, 185]
[109, 166]
[87, 166]
[116, 166]
[22, 166]
[128, 166]
[86, 166]
[166, 169]
[14, 166]
[88, 166]
[93, 166]
[132, 166]
[63, 166]
[70, 166]
[7, 166]
[154, 166]
[112, 166]
[166, 184]
[91, 166]
[64, 166]
[13, 166]
[60, 166]
[97, 166]
[89, 166]
[153, 166]
[165, 166]
[10, 166]
[12, 166]
[77, 166]
[108, 166]
[46, 166]
[75, 166]
[41, 166]
[113, 166]
[111, 166]
[37, 166]
[163, 166]
[147, 166]
[134, 166]
[157, 166]
[38, 166]
[39, 166]
[53, 166]
[47, 166]
[166, 168]
[133, 166]
[101, 166]
[166, 178]
[137, 166]
[98, 166]
[15, 166]
[71, 166]
[151, 166]
[166, 174]
[160, 166]
[0, 166]
[119, 166]
[141, 166]
[135, 166]
[130, 166]
[62, 166]
[166, 183]
[2, 166]
[136, 166]
[54, 166]
[35, 166]
[80, 166]
[106, 166]
[76, 166]
[17, 166]
[142, 166]
[105, 166]
[166, 192]
[103, 166]
[122, 166]
[166, 173]
[102, 166]
[127, 166]
[166, 167]
[21, 166]
[20, 166]
[166, 188]
[1, 188]
[3, 188]
[120, 188]
[72, 188]
[188, 189]
[143, 188]
[138, 188]
[85, 188]
[8, 188]
[78, 188]
[44, 188]
[126, 188]
[164, 188]
[124, 188]
[31, 188]
[139, 188]
[171, 188]
[92, 188]
[185, 188]
[36, 188]
[109, 188]
[87, 188]
[56, 188]
[186, 188]
[22, 188]
[128, 188]
[172, 188]
[86, 188]
[169, 188]
[14, 188]
[6, 188]
[63, 188]
[7, 188]
[131, 188]
[11, 188]
[117, 188]
[60, 188]
[97, 188]
[153, 188]
[67, 188]
[165, 188]
[68, 188]
[10, 188]
[108, 188]
[41, 188]
[113, 188]
[37, 188]
[134, 188]
[38, 188]
[53, 188]
[47, 188]
[101, 188]
[178, 188]
[147, 188]
[155, 188]
[137, 188]
[151, 188]
[152, 188]
[174, 188]
[119, 188]
[135, 188]
[118, 188]
[170, 188]
[58, 188]
[62, 188]
[183, 188]
[136, 188]
[54, 188]
[48, 188]
[80, 188]
[76, 188]
[17, 188]
[105, 188]
[4, 188]
[188, 191]
[150, 188]
[188, 192]
[81, 188]
[21, 188]
[20, 188]
[42, 188]
[176, 188]
[0, 188]
[127, 188]
[156, 188]
[107, 188]
[98, 188]
[130, 188]
[146, 188]
[106, 188]
[100, 188]
[45, 100]
[100, 177]
[50, 100]
[100, 187]
[23, 100]
[83, 100]
[16, 100]
[24, 100]
[33, 100]
[100, 180]
[66, 100]
[88, 100]
[69, 100]
[93, 100]
[100, 132]
[100, 129]
[100, 112]
[100, 162]
[13, 100]
[89, 100]
[77, 100]
[46, 100]
[100, 193]
[9, 100]
[95, 100]
[100, 111]
[39, 100]
[100, 168]
[100, 125]
[100, 157]
[100, 148]
[57, 100]
[52, 100]
[2, 100]
[35, 100]
[100, 142]
[100, 121]
[100, 175]
[100, 110]
[72, 100]
[85, 100]
[8, 100]
[78, 100]
[100, 126]
[100, 124]
[100, 139]
[100, 185]
[56, 100]
[22, 100]
[100, 128]
[100, 172]
[86, 100]
[100, 169]
[14, 100]
[100, 160]
[6, 100]
[10, 100]
[100, 108]
[36, 100]
[100, 144]
[7, 100]
[100, 131]
[100, 122]
[100, 165]
[100, 113]
[37, 100]
[65, 100]
[100, 134]
[100, 155]
[100, 170]
[76, 100]
[4, 100]
[100, 191]
[100, 192]
[21, 100]
[100, 176]
[100, 156]
[98, 100]
[100, 106]
[100, 159]
[100, 119]
[100, 135]
[58, 100]
[62, 100]
[100, 183]
[54, 100]
[100, 105]
[81, 100]
[0, 100]
[100, 127]
[100, 107]
[1, 107]
[28, 107]
[82, 107]
[107, 177]
[73, 107]
[107, 140]
[107, 182]
[107, 187]
[107, 115]
[83, 107]
[24, 107]
[55, 107]
[30, 107]
[66, 107]
[107, 112]
[59, 107]
[107, 114]
[15, 107]
[107, 161]
[107, 145]
[94, 107]
[107, 189]
[31, 107]
[92, 107]
[68, 107]
[107, 154]
[95, 107]
[107, 129]
[67, 107]
[38, 107]
[107, 178]
[107, 136]
[48, 107]
[20, 107]
[107, 193]
[107, 148]
[43, 107]
[75, 107]
[107, 163]
[103, 107]
[97, 107]
[13, 107]
[89, 107]
[77, 107]
[107, 133]
[79, 107]
[71, 107]
[41, 107]
[107, 151]
[107, 152]
[107, 174]
[107, 118]
[107, 168]
[107, 125]
[17, 107]
[107, 130]
[107, 146]
[107, 111]
[107, 142]
[78, 107]
[107, 126]
[22, 107]
[107, 172]
[86, 107]
[14, 107]
[6, 107]
[36, 107]
[107, 143]
[7, 107]
[37, 107]
[10, 107]
[107, 144]
[107, 134]
[76, 107]
[4, 107]
[107, 191]
[107, 192]
[107, 156]
[107, 122]
[107, 135]
[62, 107]
[107, 183]
[105, 107]
[81, 107]
[0, 107]
[99, 107]
[1, 99]
[18, 99]
[28, 99]
[45, 99]
[99, 177]
[51, 99]
[34, 99]
[99, 187]
[96, 99]
[61, 99]
[23, 99]
[99, 115]
[16, 99]
[55, 99]
[30, 99]
[99, 116]
[66, 99]
[69, 99]
[70, 99]
[59, 99]
[99, 114]
[84, 99]
[99, 145]
[99, 173]
[99, 138]
[99, 164]
[99, 171]
[92, 99]
[87, 99]
[99, 186]
[99, 117]
[68, 99]
[67, 99]
[53, 99]
[99, 178]
[99, 137]
[99, 158]
[99, 136]
[48, 99]
[20, 99]
[99, 193]
[64, 99]
[75, 99]
[99, 103]
[60, 99]
[89, 99]
[9, 99]
[99, 104]
[41, 99]
[46, 99]
[99, 151]
[99, 152]
[47, 99]
[17, 99]
[99, 101]
[72, 99]
[99, 163]
[99, 142]
[99, 174]
[99, 118]
[99, 147]
[99, 130]
[78, 99]
[99, 139]
[56, 99]
[22, 99]
[99, 169]
[99, 165]
[57, 99]
[99, 110]
[36, 99]
[99, 143]
[65, 99]
[58, 99]
[7, 99]
[99, 160]
[99, 123]
[99, 155]
[21, 99]
[99, 144]
[99, 159]
[4, 99]
[99, 191]
[99, 192]
[99, 156]
[99, 122]
[62, 99]
[99, 105]
[99, 113]
[98, 99]
[98, 194]
[18, 98]
[82, 98]
[45, 98]
[73, 98]
[51, 98]
[34, 98]
[98, 182]
[98, 187]
[96, 98]
[61, 98]
[98, 115]
[83, 98]
[16, 98]
[30, 98]
[33, 98]
[98, 180]
[98, 116]
[98, 181]
[88, 98]
[93, 98]
[98, 132]
[70, 98]
[98, 112]
[98, 162]
[84, 98]
[98, 167]
[94, 98]
[3, 98]
[98, 171]
[92, 98]
[98, 117]
[67, 98]
[38, 98]
[53, 98]
[98, 158]
[20, 98]
[98, 193]
[98, 148]
[52, 98]
[98, 149]
[98, 103]
[97, 98]
[12, 98]
[98, 157]
[89, 98]
[9, 98]
[46, 98]
[98, 151]
[98, 152]
[42, 98]
[72, 98]
[98, 163]
[98, 118]
[98, 125]
[98, 147]
[80, 98]
[98, 130]
[98, 126]
[98, 124]
[98, 185]
[22, 98]
[98, 169]
[98, 108]
[98, 154]
[98, 178]
[79, 98]
[98, 161]
[86, 98]
[14, 98]
[98, 110]
[65, 98]
[98, 128]
[98, 174]
[2, 98]
[98, 144]
[98, 170]
[98, 160]
[98, 155]
[98, 192]
[98, 134]
[98, 176]
[98, 131]
[54, 98]
[98, 135]
[35, 98]
[98, 111]
[7, 98]
[98, 122]
[98, 183]
[98, 105]
[81, 98]
[0, 98]
[98, 123]
[98, 107]
[107, 113]
[107, 176]
[176, 194]
[28, 176]
[45, 176]
[73, 176]
[50, 176]
[51, 176]
[140, 176]
[176, 187]
[96, 176]
[90, 176]
[176, 180]
[49, 176]
[116, 176]
[66, 176]
[176, 181]
[69, 176]
[132, 176]
[70, 176]
[112, 176]
[176, 184]
[59, 176]
[114, 176]
[173, 176]
[138, 176]
[44, 176]
[176, 186]
[63, 176]
[11, 176]
[39, 176]
[43, 176]
[64, 176]
[60, 176]
[168, 176]
[85, 176]
[78, 176]
[139, 176]
[75, 176]
[40, 176]
[150, 176]
[21, 176]
[171, 176]
[92, 176]
[67, 176]
[20, 176]
[148, 176]
[149, 176]
[87, 176]
[133, 176]
[129, 176]
[17, 176]
[127, 176]
[142, 176]
[57, 176]
[89, 176]
[9, 176]
[119, 176]
[58, 176]
[151, 176]
[158, 176]
[72, 176]
[163, 176]
[118, 176]
[125, 176]
[12, 176]
[157, 176]
[159, 176]
[94, 176]
[42, 176]
[6, 176]
[36, 176]
[10, 176]
[4, 176]
[37, 176]
[176, 191]
[126, 176]
[124, 176]
[176, 185]
[167, 176]
[108, 176]
[84, 176]
[130, 176]
[161, 176]
[80, 176]
[170, 176]
[155, 176]
[79, 176]
[131, 176]
[54, 176]
[35, 176]
[14, 176]
[144, 176]
[134, 176]
[128, 176]
[122, 176]
[105, 176]
[81, 176]
[1, 81]
[25, 81]
[28, 81]
[74, 81]
[55, 81]
[49, 81]
[66, 81]
[69, 81]
[81, 132]
[70, 81]
[81, 112]
[81, 162]
[59, 81]
[81, 114]
[81, 102]
[81, 173]
[81, 189]
[81, 164]
[31, 81]
[39, 81]
[60, 81]
[81, 168]
[78, 81]
[81, 139]
[75, 81]
[77, 81]
[81, 172]
[21, 81]
[81, 106]
[67, 81]
[38, 81]
[52, 81]
[81, 97]
[81, 87]
[47, 81]
[81, 127]
[57, 81]
[9, 81]
[81, 152]
[81, 94]
[10, 81]
[4, 81]
[81, 156]
[76, 81]
[62, 81]
[81, 124]
[22, 81]
[81, 167]
[80, 81]
[2, 81]
[81, 170]
[35, 81]
[81, 86]
[40, 81]
[20, 81]
[32, 81]
[71, 81]
[81, 119]
[81, 143]
[81, 125]
[81, 126]
[58, 81]
[81, 92]
[81, 183]
[81, 178]
[81, 193]
[81, 134]
[81, 131]
[0, 81]
[81, 147]
[81, 123]
[81, 155]
[81, 150]
[81, 159]
[81, 122]
[81, 111]
[1, 111]
[111, 190]
[28, 111]
[82, 111]
[73, 111]
[34, 111]
[111, 187]
[83, 111]
[111, 180]
[49, 111]
[111, 181]
[88, 111]
[111, 162]
[111, 114]
[111, 120]
[44, 111]
[109, 111]
[63, 111]
[64, 111]
[53, 111]
[111, 129]
[111, 151]
[111, 185]
[84, 111]
[54, 111]
[14, 111]
[11, 111]
[111, 116]
[111, 184]
[111, 186]
[111, 136]
[111, 165]
[105, 111]
[111, 192]
[111, 118]
[42, 111]
[111, 153]
[111, 191]
[104, 111]
[111, 175]
[91, 111]
[111, 161]
[111, 133]
[111, 164]
[111, 135]
[78, 111]
[111, 139]
[77, 111]
[111, 172]
[67, 111]
[36, 111]
[43, 111]
[21, 111]
[102, 111]
[97, 111]
[87, 111]
[57, 111]
[111, 152]
[10, 111]
[4, 111]
[76, 111]
[62, 111]
[111, 167]
[111, 170]
[86, 111]
[40, 111]
[71, 111]
[111, 143]
[111, 126]
[80, 111]
[111, 128]
[9, 111]
[111, 127]
[92, 111]
[111, 156]
[111, 178]
[111, 144]
[111, 134]
[94, 111]
[0, 111]
[111, 155]
[111, 150]
[111, 159]
[27, 159]
[25, 159]
[5, 159]
[28, 159]
[82, 159]
[73, 159]
[51, 159]
[50, 159]
[34, 159]
[74, 159]
[140, 159]
[159, 182]
[61, 159]
[115, 159]
[83, 159]
[24, 159]
[66, 159]
[88, 159]
[44, 159]
[63, 159]
[48, 159]
[64, 159]
[85, 159]
[145, 159]
[117, 159]
[53, 159]
[129, 159]
[142, 159]
[12, 159]
[6, 159]
[159, 185]
[54, 159]
[14, 159]
[93, 159]
[137, 159]
[159, 186]
[148, 159]
[158, 159]
[7, 159]
[105, 159]
[46, 159]
[104, 159]
[159, 164]
[39, 159]
[78, 159]
[136, 159]
[159, 165]
[118, 159]
[159, 191]
[133, 159]
[130, 159]
[159, 163]
[159, 160]
[110, 159]
[103, 159]
[75, 159]
[77, 159]
[4, 159]
[22, 159]
[43, 159]
[86, 159]
[8, 159]
[95, 159]
[146, 159]
[143, 159]
[102, 159]
[128, 159]
[57, 159]
[152, 159]
[89, 159]
[62, 159]
[35, 159]
[40, 159]
[20, 159]
[92, 159]
[156, 159]
[80, 159]
[58, 159]
[131, 159]
[0, 159]
[2, 159]
[144, 159]
[134, 159]
[159, 193]
[123, 159]
[155, 159]
[106, 159]
[25, 106]
[18, 106]
[82, 106]
[51, 106]
[74, 106]
[106, 182]
[96, 106]
[106, 115]
[83, 106]
[30, 106]
[106, 180]
[66, 106]
[106, 181]
[106, 132]
[106, 112]
[106, 162]
[59, 106]
[106, 114]
[106, 109]
[106, 171]
[106, 117]
[37, 106]
[84, 106]
[90, 106]
[106, 116]
[106, 154]
[101, 106]
[106, 161]
[67, 106]
[17, 106]
[106, 151]
[65, 106]
[68, 106]
[106, 175]
[106, 113]
[53, 106]
[106, 142]
[87, 106]
[106, 135]
[106, 168]
[106, 124]
[106, 167]
[106, 170]
[106, 126]
[52, 106]
[47, 106]
[10, 106]
[76, 106]
[32, 106]
[71, 106]
[6, 106]
[106, 185]
[9, 106]
[94, 106]
[106, 183]
[106, 173]
[106, 178]
[12, 106]
[64, 106]
[14, 106]
[93, 106]
[106, 137]
[106, 158]
[105, 106]
[46, 106]
[106, 164]
[106, 184]
[106, 136]
[106, 118]
[106, 133]
[106, 130]
[106, 163]
[106, 160]
[106, 110]
[77, 106]
[95, 106]
[106, 146]
[102, 106]
[106, 128]
[89, 106]
[62, 106]
[35, 106]
[20, 106]
[92, 106]
[106, 156]
[80, 106]
[58, 106]
[106, 131]
[106, 144]
[106, 134]
[106, 123]
[106, 155]
[1, 155]
[155, 194]
[28, 155]
[82, 155]
[45, 155]
[51, 155]
[34, 155]
[140, 155]
[96, 155]
[61, 155]
[23, 155]
[16, 155]
[24, 155]
[66, 155]
[155, 181]
[132, 155]
[155, 162]
[44, 155]
[109, 155]
[63, 155]
[56, 155]
[155, 171]
[117, 155]
[108, 155]
[84, 155]
[11, 155]
[155, 192]
[101, 155]
[31, 155]
[155, 172]
[67, 155]
[149, 155]
[41, 155]
[17, 155]
[151, 155]
[79, 155]
[68, 155]
[42, 155]
[70, 155]
[129, 155]
[142, 155]
[87, 155]
[135, 155]
[155, 168]
[155, 170]
[126, 155]
[76, 155]
[71, 155]
[155, 185]
[54, 155]
[155, 183]
[14, 155]
[7, 155]
[105, 155]
[46, 155]
[155, 164]
[155, 184]
[118, 155]
[130, 155]
[103, 155]
[75, 155]
[43, 155]
[86, 155]
[94, 155]
[57, 155]
[152, 155]
[9, 155]
[0, 155]
[48, 155]
[121, 155]
[128, 155]
[89, 155]
[136, 155]
[133, 155]
[155, 156]
[155, 163]
[110, 155]
[131, 155]
[144, 155]
[150, 155]
[2, 155]
[146, 155]
[122, 155]
[123, 155]
[1, 123]
[28, 123]
[45, 123]
[123, 177]
[73, 123]
[50, 123]
[123, 182]
[19, 123]
[96, 123]
[23, 123]
[83, 123]
[55, 123]
[123, 180]
[123, 181]
[88, 123]
[123, 132]
[123, 162]
[114, 123]
[120, 123]
[109, 123]
[63, 123]
[117, 123]
[72, 123]
[108, 123]
[84, 123]
[116, 123]
[123, 138]
[36, 123]
[123, 174]
[53, 123]
[60, 123]
[10, 123]
[119, 123]
[6, 123]
[16, 123]
[15, 123]
[123, 145]
[123, 192]
[101, 123]
[123, 161]
[31, 123]
[123, 172]
[123, 149]
[41, 123]
[65, 123]
[123, 141]
[123, 175]
[4, 123]
[22, 123]
[123, 173]
[93, 123]
[8, 123]
[40, 123]
[123, 127]
[79, 123]
[42, 123]
[123, 125]
[62, 123]
[35, 123]
[123, 165]
[102, 123]
[123, 147]
[123, 134]
[123, 193]
[70, 123]
[123, 142]
[123, 168]
[123, 170]
[123, 126]
[17, 123]
[71, 123]
[123, 183]
[14, 123]
[7, 123]
[118, 123]
[103, 123]
[86, 123]
[123, 135]
[9, 123]
[0, 123]
[121, 123]
[89, 123]
[123, 136]
[123, 133]
[123, 156]
[123, 163]
[123, 131]
[123, 144]
[123, 150]
[2, 123]
[123, 146]
[122, 123]
[27, 122]
[122, 194]
[18, 122]
[28, 122]
[82, 122]
[73, 122]
[51, 122]
[74, 122]
[122, 140]
[122, 182]
[61, 122]
[23, 122]
[24, 122]
[55, 122]
[30, 122]
[49, 122]
[122, 181]
[69, 122]
[122, 132]
[112, 122]
[122, 162]
[114, 122]
[44, 122]
[109, 122]
[56, 122]
[122, 171]
[11, 122]
[116, 122]
[122, 169]
[122, 189]
[122, 138]
[36, 122]
[122, 174]
[53, 122]
[60, 122]
[97, 122]
[6, 122]
[16, 122]
[37, 122]
[122, 192]
[101, 122]
[122, 161]
[64, 122]
[65, 122]
[122, 141]
[122, 175]
[122, 143]
[122, 173]
[12, 122]
[93, 122]
[122, 158]
[104, 122]
[122, 153]
[122, 157]
[92, 122]
[58, 122]
[77, 122]
[40, 122]
[42, 122]
[35, 122]
[122, 165]
[95, 122]
[122, 134]
[122, 142]
[87, 122]
[122, 168]
[71, 122]
[122, 185]
[14, 122]
[46, 122]
[68, 122]
[118, 122]
[103, 122]
[86, 122]
[9, 122]
[0, 122]
[48, 122]
[121, 122]
[122, 128]
[89, 122]
[122, 136]
[122, 133]
[122, 131]
[122, 144]
[122, 150]
[122, 146]
[5, 146]
[146, 194]
[82, 146]
[50, 146]
[51, 146]
[74, 146]
[140, 146]
[146, 182]
[146, 187]
[23, 146]
[115, 146]
[24, 146]
[33, 146]
[49, 146]
[88, 146]
[69, 146]
[132, 146]
[112, 146]
[120, 146]
[109, 146]
[85, 146]
[3, 146]
[146, 171]
[84, 146]
[116, 146]
[146, 169]
[146, 154]
[146, 189]
[138, 146]
[13, 146]
[146, 174]
[53, 146]
[60, 146]
[124, 146]
[97, 146]
[32, 146]
[119, 146]
[16, 146]
[15, 146]
[37, 146]
[146, 192]
[101, 146]
[31, 146]
[67, 146]
[137, 146]
[146, 149]
[41, 146]
[65, 146]
[141, 146]
[78, 146]
[4, 146]
[22, 146]
[143, 146]
[146, 173]
[39, 146]
[8, 146]
[113, 146]
[21, 146]
[146, 151]
[146, 178]
[62, 146]
[146, 191]
[102, 146]
[146, 147]
[20, 146]
[129, 146]
[146, 170]
[91, 146]
[17, 146]
[146, 153]
[146, 183]
[7, 146]
[35, 146]
[146, 165]
[146, 164]
[146, 184]
[43, 146]
[57, 146]
[146, 152]
[146, 163]
[110, 146]
[87, 146]
[146, 158]
[71, 146]
[146, 185]
[14, 146]
[9, 146]
[121, 146]
[128, 146]
[89, 146]
[133, 146]
[131, 146]
[144, 146]
[146, 150]
[150, 182]
[19, 150]
[23, 150]
[115, 150]
[83, 150]
[84, 87]
[87, 174]
[87, 167]
[79, 87]
[87, 178]
[87, 129]
[87, 170]
[77, 87]
[40, 87]
[87, 183]
[7, 87]
[35, 87]
[71, 87]
[87, 121]
[87, 119]
[57, 87]
[87, 165]
[2, 87]
[0, 87]
[47, 87]
[76, 87]
[87, 105]
[87, 113]
[87, 160]
[17, 87]
[87, 154]
[75, 87]
[87, 192]
[58, 87]
[70, 108]
[25, 84]
[112, 116]
[86, 112]
[56, 112]
[112, 169]
[112, 171]
[10, 184]
[10, 70]
[43, 70]
[10, 93]
[112, 114]
[37, 112]
[112, 181]
[43, 93]
[37, 53]
[86, 162]
[69, 162]
[38, 66]
[44, 162]
[50, 162]
[5, 162]
[1, 162]
[51, 162]
[162, 180]
[38, 112]
[88, 162]
[132, 162]
[124, 162]
[38, 114]
[162, 185]
[126, 162]
[72, 162]
[4, 85]
[55, 162]
[162, 164]
[78, 162]
[116, 162]
[14, 162]
[162, 169]
[66, 162]
[112, 162]
[92, 162]
[53, 164]
[53, 66]
[114, 148]
[112, 148]
[148, 162]
[94, 96]
[108, 112]
[108, 162]
[108, 148]
[24, 104]
[104, 172]
[104, 128]
[6, 104]
[63, 104]
[104, 162]
[38, 104]
[104, 148]
[22, 167]
[28, 167]
[5, 167]
[73, 167]
[50, 167]
[167, 180]
[30, 167]
[89, 116]
[124, 167]
[3, 167]
[31, 167]
[10, 32]
[156, 167]
[139, 167]
[55, 167]
[74, 167]
[44, 167]
[164, 167]
[78, 167]
[86, 167]
[167, 171]
[14, 167]
[167, 169]
[167, 172]
[112, 167]
[92, 167]
[108, 167]
[38, 167]
[104, 167]
[103, 184]
[142, 156]
[112, 137]
[137, 162]
[37, 148]
[137, 148]
[93, 104]
[70, 167]
[37, 167]
[137, 167]
[112, 142]
[108, 142]
[25, 154]
[5, 154]
[142, 162]
[156, 161]
[112, 161]
[38, 161]
[161, 162]
[148, 161]
[142, 148]
[14, 59]
[44, 59]
[50, 59]
[5, 59]
[51, 59]
[59, 180]
[59, 109]
[59, 124]
[3, 59]
[59, 72]
[56, 59]
[59, 86]
[59, 171]
[59, 116]
[59, 169]
[59, 181]
[6, 59]
[59, 126]
[59, 114]
[59, 92]
[59, 137]
[37, 59]
[59, 112]
[59, 93]
[59, 148]
[59, 70]
[59, 104]
[59, 167]
[59, 142]
[59, 149]
[59, 168]
[59, 130]
[59, 60]
[39, 59]
[35, 59]
[53, 59]
[7, 59]
[59, 152]
[59, 118]
[59, 117]
[59, 129]
[59, 64]
[59, 133]
[59, 160]
[59, 191]
[59, 80]
[59, 192]
[59, 125]
[59, 163]
[59, 121]
[59, 131]
[59, 141]
[59, 119]
[59, 154]
[59, 174]
[11, 59]
[59, 110]
[12, 59]
[59, 183]
[59, 75]
[41, 59]
[52, 59]
[59, 79]
[59, 62]
[59, 76]
[59, 158]
[59, 175]
[42, 59]
[58, 59]
[59, 68]
[59, 95]
[40, 59]
[20, 59]
[4, 124]
[4, 66]
[4, 31]
[4, 189]
[4, 55]
[30, 39]
[4, 49]
[4, 56]
[62, 124]
[62, 139]
[62, 73]
[51, 62]
[34, 62]
[62, 109]
[62, 143]
[62, 185]
[3, 62]
[28, 62]
[62, 86]
[62, 87]
[62, 96]
[24, 62]
[62, 186]
[6, 62]
[62, 114]
[62, 92]
[62, 184]
[62, 88]
[62, 112]
[62, 162]
[49, 62]
[62, 171]
[62, 181]
[22, 62]
[36, 62]
[15, 62]
[62, 108]
[62, 151]
[62, 153]
[9, 62]
[62, 94]
[13, 62]
[54, 62]
[62, 127]
[62, 105]
[62, 193]
[62, 135]
[46, 62]
[62, 71]
[62, 136]
[62, 170]
[2, 62]
[21, 62]
[62, 150]
[62, 178]
[62, 101]
[62, 165]
[53, 62]
[62, 152]
[62, 70]
[62, 131]
[62, 141]
[62, 154]
[62, 174]
[35, 62]
[12, 62]
[62, 183]
[62, 75]
[62, 79]
[62, 76]
[40, 62]
[62, 133]
[62, 80]
[62, 104]
[62, 67]
[62, 130]
[62, 175]
[39, 86]
[39, 185]
[39, 44]
[39, 164]
[39, 78]
[39, 116]
[6, 39]
[39, 114]
[39, 112]
[39, 162]
[39, 55]
[39, 169]
[39, 181]
[37, 39]
[39, 108]
[39, 148]
[39, 167]
[39, 168]
[13, 39]
[32, 39]
[15, 39]
[39, 127]
[39, 193]
[21, 39]
[39, 64]
[39, 192]
[11, 39]
[0, 39]
[39, 118]
[39, 77]
[17, 39]
[39, 161]
[39, 84]
[39, 54]
[39, 57]
[39, 46]
[2, 39]
[39, 121]
[39, 110]
[39, 129]
[39, 117]
[39, 170]
[39, 141]
[39, 160]
[39, 125]
[39, 134]
[39, 76]
[39, 80]
[39, 104]
[39, 137]
[39, 113]
[30, 52]
[22, 52]
[14, 52]
[34, 52]
[50, 52]
[5, 52]
[52, 139]
[49, 52]
[52, 171]
[44, 52]
[52, 164]
[52, 116]
[6, 52]
[52, 88]
[52, 132]
[52, 142]
[52, 184]
[52, 114]
[52, 181]
[52, 148]
[52, 168]
[52, 151]
[52, 136]
[13, 52]
[32, 52]
[52, 102]
[9, 52]
[52, 94]
[52, 127]
[52, 67]
[0, 52]
[52, 84]
[7, 52]
[52, 53]
[52, 70]
[52, 170]
[52, 175]
[52, 68]
[52, 157]
[52, 158]
[52, 193]
[21, 52]
[52, 161]
[52, 105]
[20, 52]
[52, 101]
[52, 173]
[52, 165]
[52, 118]
[52, 71]
[52, 119]
[17, 52]
[52, 135]
[52, 183]
[52, 76]
[52, 113]
[52, 75]
[42, 52]
[52, 163]
[2, 52]
[52, 80]
[52, 133]
[52, 125]
[52, 191]
[52, 130]
[50, 121]
[1, 121]
[121, 180]
[3, 121]
[121, 177]
[121, 194]
[16, 121]
[121, 187]
[120, 121]
[121, 138]
[121, 172]
[121, 128]
[92, 121]
[85, 121]
[31, 121]
[121, 171]
[38, 121]
[8, 121]
[115, 121]
[66, 121]
[121, 164]
[116, 121]
[6, 121]
[88, 121]
[121, 162]
[55, 121]
[121, 169]
[121, 167]
[48, 121]
[121, 129]
[37, 121]
[121, 148]
[54, 121]
[117, 121]
[121, 184]
[121, 186]
[4, 121]
[93, 121]
[102, 121]
[121, 131]
[60, 121]
[103, 121]
[89, 121]
[41, 121]
[10, 121]
[79, 121]
[121, 152]
[48, 156]
[54, 156]
[102, 156]
[156, 157]
[32, 156]
[21, 156]
[40, 156]
[144, 156]
[46, 156]
[4, 156]
[41, 156]
[134, 156]
[35, 156]
[127, 156]
[105, 156]
[156, 158]
[20, 156]
[113, 156]
[75, 156]
[17, 156]
[80, 156]
[76, 156]
[65, 156]
[178, 184]
[88, 178]
[23, 178]
[16, 178]
[5, 178]
[1, 178]
[34, 178]
[109, 178]
[178, 194]
[82, 178]
[45, 178]
[120, 178]
[19, 178]
[14, 178]
[31, 178]
[178, 189]
[171, 178]
[96, 178]
[61, 178]
[86, 178]
[126, 178]
[69, 178]
[44, 178]
[116, 178]
[55, 178]
[22, 178]
[178, 181]
[36, 178]
[63, 178]
[49, 178]
[169, 178]
[114, 178]
[64, 178]
[43, 178]
[162, 178]
[11, 178]
[136, 178]
[47, 178]
[154, 178]
[89, 178]
[152, 178]
[79, 178]
[39, 178]
[5, 192]
[51, 192]
[109, 192]
[3, 192]
[72, 192]
[28, 192]
[192, 194]
[18, 192]
[138, 192]
[14, 192]
[24, 192]
[85, 192]
[31, 192]
[171, 192]
[61, 192]
[185, 192]
[30, 192]
[126, 192]
[44, 192]
[116, 192]
[88, 192]
[6, 192]
[78, 192]
[169, 192]
[114, 192]
[186, 192]
[103, 192]
[11, 192]
[15, 192]
[53, 192]
[101, 192]
[173, 192]
[117, 192]
[136, 192]
[47, 192]
[89, 192]
[57, 192]
[152, 192]
[11, 70]
[11, 72]
[5, 11]
[1, 11]
[11, 38]
[11, 50]
[11, 73]
[11, 30]
[11, 109]
[11, 139]
[11, 124]
[11, 126]
[78, 154]
[73, 154]
[50, 154]
[34, 154]
[154, 180]
[109, 154]
[143, 154]
[3, 154]
[28, 154]
[139, 154]
[31, 154]
[154, 189]
[74, 154]
[154, 171]
[154, 185]
[69, 154]
[44, 154]
[116, 154]
[55, 154]
[63, 154]
[6, 154]
[154, 164]
[132, 154]
[148, 154]
[112, 154]
[11, 154]
[11, 69]
[11, 88]
[11, 181]
[11, 92]
[11, 78]
[13, 162]
[11, 164]
[11, 162]
[11, 169]
[11, 148]
[34, 149]
[72, 149]
[139, 149]
[85, 149]
[124, 149]
[149, 171]
[86, 149]
[126, 149]
[69, 149]
[116, 149]
[63, 149]
[6, 149]
[78, 149]
[148, 149]
[38, 149]
[149, 162]
[149, 154]
[64, 149]
[10, 104]
[64, 70]
[76, 175]
[76, 192]
[64, 92]
[64, 162]
[119, 162]
[119, 180]
[38, 64]
[38, 131]
[131, 180]
[49, 64]
[49, 131]
[25, 131]
[5, 131]
[131, 189]
[51, 131]
[64, 78]
[131, 143]
[64, 132]
[3, 131]
[64, 169]
[64, 186]
[64, 112]
[64, 154]
[11, 112]
[48, 135]
[3, 32]
[36, 65]
[65, 104]
[1, 84]
[14, 84]
[51, 84]
[84, 109]
[28, 84]
[84, 139]
[84, 124]
[31, 84]
[84, 171]
[84, 185]
[56, 84]
[44, 84]
[55, 84]
[49, 84]
[84, 164]
[84, 132]
[84, 169]
[66, 84]
[84, 148]
[84, 162]
[84, 104]
[10, 84]
[64, 84]
[84, 154]
[84, 92]
[84, 131]
[84, 129]
[70, 84]
[84, 94]
[7, 84]
[53, 84]
[84, 117]
[84, 152]
[60, 84]
[84, 151]
[13, 84]
[84, 97]
[84, 142]
[84, 105]
[84, 102]
[32, 84]
[84, 174]
[84, 183]
[2, 84]
[84, 167]
[84, 110]
[84, 141]
[84, 160]
[84, 135]
[37, 84]
[84, 93]
[80, 84]
[79, 84]
[68, 84]
[58, 84]
[84, 153]
[84, 191]
[84, 163]
[84, 133]
[42, 84]
[35, 84]
[41, 84]
[76, 84]
[21, 80]
[15, 21]
[21, 24]
[21, 30]
[21, 34]
[5, 21]
[21, 180]
[21, 72]
[21, 182]
[21, 85]
[21, 22]
[21, 128]
[21, 109]
[21, 31]
[21, 44]
[21, 55]
[21, 172]
[6, 21]
[21, 49]
[21, 88]
[21, 126]
[21, 116]
[21, 186]
[21, 132]
[11, 21]
[21, 162]
[21, 169]
[0, 21]
[21, 64]
[21, 154]
[10, 21]
[21, 47]
[21, 57]
[4, 21]
[21, 77]
[21, 121]
[21, 150]
[21, 193]
[21, 161]
[21, 48]
[21, 134]
[21, 136]
[168, 185]
[34, 168]
[5, 168]
[1, 168]
[50, 168]
[168, 180]
[3, 168]
[28, 168]
[168, 189]
[30, 168]
[86, 168]
[22, 168]
[63, 168]
[168, 181]
[114, 168]
[38, 168]
[112, 168]
[51, 168]
[109, 168]
[14, 168]
[31, 168]
[55, 168]
[164, 168]
[126, 168]
[116, 168]
[69, 168]
[132, 168]
[11, 168]
[168, 184]
[148, 168]
[10, 168]
[57, 168]
[54, 168]
[4, 168]
[9, 168]
[77, 168]
[168, 170]
[17, 168]
[127, 168]
[104, 168]
[137, 168]
[46, 168]
[71, 168]
[53, 168]
[167, 168]
[37, 168]
[75, 168]
[35, 168]
[41, 168]
[76, 168]
[130, 168]
[102, 168]
[32, 168]
[168, 174]
[119, 168]
[93, 168]
[58, 168]
[131, 168]
[125, 168]
[80, 168]
[153, 168]
[168, 191]
[15, 85]
[15, 44]
[70, 154]
[11, 43]
[43, 154]
[0, 27]
[0, 1]
[0, 23]
[0, 5]
[0, 73]
[0, 18]
[0, 180]
[0, 28]
[0, 143]
[0, 82]
[0, 194]
[0, 140]
[0, 138]
[0, 85]
[0, 189]
[0, 30]
[0, 78]
[0, 139]
[0, 14]
[0, 171]
[0, 185]
[0, 55]
[0, 172]
[0, 6]
[0, 169]
[0, 132]
[0, 61]
[0, 83]
[0, 115]
[0, 69]
[0, 181]
[0, 112]
[0, 114]
[0, 92]
[0, 64]
[0, 11]
[54, 56]
[30, 54]
[34, 54]
[5, 54]
[54, 143]
[54, 86]
[38, 54]
[54, 78]
[54, 124]
[31, 54]
[54, 112]
[54, 185]
[44, 54]
[54, 116]
[54, 88]
[54, 66]
[54, 162]
[54, 149]
[48, 180]
[48, 73]
[48, 50]
[23, 173]
[173, 189]
[3, 173]
[3, 12]
[12, 50]
[34, 48]
[38, 48]
[3, 48]
[48, 85]
[48, 139]
[48, 74]
[48, 86]
[48, 63]
[48, 78]
[48, 109]
[44, 48]
[6, 48]
[48, 164]
[48, 126]
[48, 169]
[48, 132]
[48, 69]
[48, 66]
[48, 184]
[48, 149]
[48, 192]
[11, 48]
[48, 70]
[0, 48]
[44, 129]
[50, 129]
[1, 129]
[129, 180]
[129, 143]
[3, 129]
[85, 129]
[86, 129]
[78, 129]
[51, 129]
[129, 139]
[124, 129]
[31, 129]
[129, 171]
[129, 185]
[56, 129]
[6, 129]
[116, 129]
[129, 169]
[88, 129]
[129, 132]
[92, 129]
[54, 129]
[7, 31]
[7, 63]
[63, 80]
[80, 85]
[7, 85]
[7, 50]
[89, 126]
[89, 169]
[89, 186]
[89, 184]
[68, 78]
[6, 68]
[4, 169]
[4, 181]
[4, 38]
[4, 22]
[4, 36]
[4, 171]
[4, 64]
[4, 54]
[4, 11]
[7, 92]
[43, 161]
[12, 162]
[12, 189]
[5, 12]
[12, 28]
[12, 72]
[12, 143]
[12, 74]
[12, 51]
[12, 56]
[12, 181]
[6, 12]
[12, 171]
[12, 169]
[12, 66]
[12, 186]
[12, 93]
[12, 38]
[12, 64]
[12, 39]
[4, 12]
[12, 117]
[12, 152]
[12, 60]
[12, 97]
[12, 21]
[12, 108]
[12, 183]
[12, 35]
[2, 12]
[12, 151]
[12, 15]
[12, 141]
[12, 32]
[12, 53]
[12, 131]
[12, 119]
[12, 148]
[12, 163]
[12, 79]
[12, 127]
[12, 17]
[12, 54]
[12, 46]
[12, 71]
[12, 174]
[12, 170]
[12, 105]
[12, 161]
[12, 102]
[12, 133]
[12, 175]
[12, 67]
[12, 121]
[12, 104]
[12, 130]
[0, 12]
[0, 13]
[0, 75]
[0, 37]
[0, 142]
[0, 101]
[0, 42]
[0, 89]
[0, 193]
[0, 32]
[0, 167]
[0, 94]
[0, 76]
[0, 117]
[0, 80]
[0, 170]
[0, 102]
[0, 9]
[0, 2]
[0, 136]
[0, 20]
[0, 67]
[0, 121]
[0, 110]
[0, 125]
[0, 137]
[0, 173]
[0, 119]
[0, 178]
[0, 58]
[0, 68]
[0, 165]
[0, 104]
[0, 113]
[0, 191]
[0, 157]
[5, 157]
[157, 194]
[82, 157]
[45, 157]
[14, 157]
[69, 157]
[34, 157]
[85, 157]
[86, 157]
[78, 157]
[109, 157]
[124, 157]
[157, 185]
[49, 157]
[157, 164]
[114, 157]
[157, 184]
[143, 157]
[3, 157]
[112, 157]
[92, 157]
[61, 157]
[96, 157]
[43, 157]
[28, 157]
[157, 181]
[6, 157]
[157, 171]
[154, 157]
[36, 157]
[38, 157]
[157, 182]
[16, 157]
[157, 192]
[54, 157]
[116, 157]
[70, 157]
[144, 157]
[157, 162]
[115, 157]
[138, 157]
[15, 157]
[148, 157]
[108, 157]
[46, 157]
[150, 157]
[127, 157]
[149, 157]
[39, 157]
[7, 157]
[93, 157]
[53, 157]
[105, 157]
[10, 157]
[157, 168]
[47, 157]
[103, 157]
[77, 157]
[157, 193]
[94, 157]
[157, 170]
[64, 157]
[152, 157]
[157, 183]
[151, 157]
[41, 157]
[97, 157]
[141, 157]
[135, 157]
[134, 157]
[157, 167]
[117, 157]
[40, 157]
[102, 157]
[79, 157]
[21, 157]
[157, 163]
[67, 157]
[121, 157]
[137, 157]
[157, 178]
[9, 157]
[130, 157]
[89, 157]
[80, 157]
[157, 191]
[1, 191]
[5, 191]
[82, 191]
[191, 194]
[45, 191]
[187, 191]
[18, 191]
[140, 191]
[139, 191]
[30, 191]
[86, 191]
[78, 191]
[87, 191]
[31, 191]
[124, 191]
[55, 191]
[132, 191]
[126, 191]
[63, 191]
[184, 191]
[3, 191]
[96, 191]
[28, 191]
[189, 191]
[22, 191]
[171, 191]
[90, 191]
[186, 191]
[44, 191]
[36, 191]
[83, 191]
[182, 191]
[16, 191]
[191, 192]
[23, 191]
[48, 191]
[161, 191]
[91, 191]
[144, 191]
[101, 191]
[15, 191]
[148, 191]
[150, 191]
[60, 191]
[142, 191]
[174, 191]
[93, 191]
[20, 191]
[173, 191]
[53, 191]
[13, 191]
[10, 191]
[47, 191]
[94, 191]
[170, 191]
[64, 191]
[76, 191]
[110, 191]
[183, 191]
[41, 191]
[119, 191]
[97, 191]
[135, 191]
[134, 191]
[167, 191]
[117, 191]
[102, 191]
[178, 191]
[89, 191]
[89, 148]
[32, 69]
[69, 71]
[71, 73]
[4, 129]
[70, 129]
[114, 131]
[114, 117]
[69, 117]
[69, 75]
[14, 75]
[28, 75]
[10, 11]
[11, 129]
[85, 131]
[31, 117]
[14, 131]
[109, 165]
[61, 165]
[69, 165]
[14, 165]
[45, 165]
[82, 165]
[1, 165]
[165, 177]
[140, 165]
[139, 165]
[6, 165]
[83, 165]
[165, 182]
[115, 165]
[138, 165]
[165, 180]
[86, 165]
[124, 165]
[55, 165]
[165, 172]
[63, 165]
[96, 165]
[72, 165]
[165, 189]
[51, 165]
[56, 165]
[162, 165]
[36, 165]
[38, 165]
[149, 165]
[90, 165]
[164, 165]
[114, 165]
[112, 165]
[66, 165]
[39, 165]
[165, 186]
[129, 165]
[142, 165]
[13, 165]
[152, 165]
[165, 183]
[119, 165]
[141, 165]
[154, 165]
[48, 165]
[53, 165]
[76, 165]
[97, 165]
[135, 165]
[65, 165]
[148, 165]
[37, 165]
[10, 165]
[41, 165]
[68, 165]
[165, 169]
[70, 165]
[101, 165]
[108, 165]
[105, 165]
[102, 165]
[54, 165]
[57, 165]
[118, 165]
[71, 165]
[150, 165]
[35, 165]
[9, 165]
[2, 165]
[79, 165]
[104, 165]
[89, 165]
[67, 165]
[136, 165]
[130, 165]
[95, 165]
[165, 175]
[133, 165]
[6, 131]
[80, 128]
[15, 66]
[66, 131]
[30, 131]
[67, 130]
[21, 67]
[67, 183]
[67, 167]
[67, 76]
[67, 77]
[67, 148]
[42, 67]
[17, 67]
[58, 67]
[67, 75]
[40, 67]
[20, 67]
[67, 170]
[67, 113]
[67, 173]
[67, 178]
[10, 67]
[41, 67]
[67, 68]
[67, 101]
[67, 108]
[2, 67]
[67, 79]
[67, 104]
[131, 172]
[72, 131]
[88, 131]
[4, 131]
[74, 131]
[56, 131]
[44, 131]
[5, 32]
[131, 171]
[131, 164]
[128, 131]
[1, 32]
[129, 142]
[7, 109]
[7, 124]
[7, 16]
[7, 185]
[7, 49]
[7, 143]
[7, 66]
[7, 172]
[7, 72]
[7, 56]
[7, 51]
[7, 44]
[7, 171]
[7, 131]
[131, 154]
[142, 154]
[7, 154]
[149, 161]
[64, 161]
[30, 173]
[73, 173]
[1, 173]
[25, 173]
[82, 173]
[173, 177]
[45, 173]
[139, 173]
[115, 173]
[138, 173]
[55, 173]
[83, 173]
[78, 173]
[36, 173]
[173, 186]
[6, 173]
[63, 173]
[66, 173]
[59, 173]
[24, 173]
[72, 173]
[172, 173]
[129, 173]
[51, 173]
[44, 173]
[64, 173]
[116, 173]
[103, 173]
[142, 173]
[161, 173]
[126, 173]
[112, 173]
[88, 173]
[131, 173]
[154, 173]
[39, 173]
[144, 173]
[43, 173]
[15, 173]
[13, 173]
[141, 173]
[53, 173]
[97, 173]
[46, 173]
[32, 173]
[110, 173]
[121, 173]
[57, 173]
[150, 173]
[35, 173]
[152, 173]
[173, 174]
[71, 173]
[89, 173]
[163, 173]
[160, 173]
[60, 173]
[167, 173]
[76, 173]
[42, 173]
[75, 173]
[40, 173]
[170, 173]
[50, 58]
[34, 58]
[58, 73]
[5, 58]
[18, 58]
[28, 58]
[22, 58]
[58, 143]
[58, 109]
[58, 138]
[58, 171]
[58, 139]
[55, 58]
[58, 78]
[36, 58]
[58, 186]
[58, 189]
[58, 86]
[58, 181]
[58, 132]
[58, 92]
[58, 66]
[7, 58]
[58, 117]
[58, 172]
[58, 148]
[58, 129]
[58, 151]
[58, 193]
[58, 88]
[58, 131]
[58, 154]
[39, 58]
[43, 58]
[58, 142]
[58, 93]
[58, 137]
[37, 58]
[58, 119]
[58, 141]
[58, 192]
[58, 127]
[47, 58]
[32, 58]
[58, 125]
[58, 80]
[58, 102]
[58, 150]
[58, 174]
[58, 134]
[58, 133]
[58, 183]
[58, 167]
[42, 58]
[17, 58]
[58, 75]
[40, 58]
[20, 58]
[58, 113]
[21, 58]
[41, 58]
[58, 108]
[58, 79]
[58, 136]
[58, 130]
[58, 158]
[58, 147]
[46, 151]
[46, 63]
[28, 46]
[5, 46]
[1, 46]
[34, 46]
[46, 180]
[46, 50]
[46, 164]
[46, 128]
[46, 109]
[46, 49]
[3, 46]
[46, 85]
[46, 56]
[30, 46]
[46, 181]
[46, 132]
[46, 66]
[24, 46]
[46, 72]
[7, 46]
[46, 117]
[46, 172]
[46, 148]
[46, 51]
[46, 92]
[46, 48]
[46, 88]
[46, 94]
[43, 46]
[15, 46]
[46, 53]
[46, 93]
[46, 193]
[46, 126]
[37, 46]
[13, 46]
[46, 119]
[46, 135]
[7, 181]
[7, 132]
[7, 88]
[11, 32]
[11, 117]
[86, 131]
[131, 181]
[7, 116]
[116, 131]
[46, 192]
[7, 112]
[7, 126]
[7, 54]
[39, 131]
[131, 169]
[126, 131]
[112, 131]
[56, 117]
[117, 180]
[1, 117]
[50, 117]
[117, 124]
[38, 117]
[55, 117]
[6, 117]
[117, 164]
[64, 117]
[66, 117]
[44, 117]
[51, 117]
[14, 117]
[117, 132]
[4, 117]
[88, 117]
[117, 169]
[117, 126]
[116, 117]
[92, 117]
[70, 117]
[117, 131]
[23, 94]
[6, 15]
[15, 171]
[32, 78]
[32, 139]
[15, 114]
[10, 54]
[43, 131]
[4, 148]
[4, 104]
[54, 104]
[104, 129]
[89, 104]
[54, 148]
[129, 148]
[14, 57]
[22, 57]
[5, 57]
[1, 57]
[57, 189]
[57, 139]
[57, 185]
[57, 149]
[57, 184]
[57, 114]
[57, 186]
[57, 143]
[3, 57]
[57, 74]
[57, 72]
[57, 69]
[38, 57]
[56, 57]
[57, 85]
[51, 57]
[6, 57]
[57, 66]
[44, 57]
[57, 132]
[57, 126]
[57, 92]
[57, 64]
[4, 57]
[57, 154]
[57, 112]
[54, 57]
[57, 129]
[57, 131]
[57, 104]
[10, 57]
[57, 148]
[56, 119]
[36, 119]
[73, 119]
[1, 119]
[85, 119]
[119, 185]
[119, 139]
[38, 119]
[30, 119]
[119, 143]
[72, 119]
[86, 119]
[69, 119]
[119, 124]
[55, 119]
[88, 119]
[22, 119]
[6, 119]
[116, 119]
[44, 119]
[119, 132]
[119, 126]
[119, 149]
[39, 119]
[92, 119]
[54, 119]
[119, 129]
[70, 119]
[43, 119]
[119, 131]
[97, 184]
[34, 135]
[28, 135]
[73, 135]
[24, 135]
[16, 135]
[49, 135]
[135, 189]
[135, 181]
[135, 172]
[50, 135]
[135, 171]
[66, 135]
[135, 169]
[135, 143]
[72, 135]
[124, 135]
[38, 135]
[56, 135]
[88, 135]
[22, 135]
[6, 135]
[44, 135]
[126, 135]
[112, 135]
[135, 184]
[135, 142]
[135, 186]
[135, 192]
[129, 135]
[135, 149]
[4, 135]
[43, 135]
[57, 135]
[70, 135]
[119, 135]
[22, 32]
[65, 67]
[0, 65]
[28, 151]
[5, 151]
[14, 151]
[15, 132]
[15, 112]
[4, 15]
[15, 142]
[15, 129]
[15, 104]
[22, 94]
[61, 94]
[8, 94]
[94, 115]
[64, 94]
[83, 94]
[94, 144]
[54, 94]
[54, 136]
[54, 130]
[32, 54]
[54, 151]
[54, 93]
[9, 54]
[54, 183]
[54, 60]
[54, 153]
[54, 163]
[54, 178]
[41, 54]
[28, 41]
[41, 162]
[41, 185]
[41, 143]
[41, 171]
[41, 66]
[41, 85]
[41, 55]
[41, 64]
[41, 186]
[6, 41]
[41, 149]
[41, 70]
[15, 41]
[41, 42]
[35, 41]
[41, 131]
[41, 57]
[41, 167]
[37, 41]
[2, 41]
[32, 41]
[41, 151]
[41, 173]
[41, 163]
[4, 41]
[11, 41]
[41, 47]
[41, 174]
[5, 174]
[24, 174]
[74, 174]
[128, 174]
[172, 174]
[164, 174]
[30, 174]
[69, 174]
[36, 174]
[132, 174]
[39, 174]
[56, 174]
[88, 174]
[169, 174]
[154, 174]
[112, 174]
[174, 192]
[43, 174]
[50, 174]
[174, 184]
[93, 174]
[60, 174]
[136, 174]
[75, 174]
[21, 174]
[101, 174]
[134, 174]
[174, 183]
[94, 174]
[130, 174]
[9, 174]
[129, 174]
[104, 174]
[28, 174]
[174, 185]
[66, 174]
[85, 174]
[64, 174]
[125, 174]
[6, 174]
[149, 174]
[131, 174]
[35, 174]
[151, 174]
[54, 174]
[11, 174]
[46, 174]
[79, 174]
[7, 174]
[13, 174]
[152, 174]
[118, 174]
[71, 174]
[170, 174]
[40, 174]
[20, 174]
[133, 174]
[158, 174]
[1, 158]
[73, 158]
[158, 194]
[158, 187]
[120, 158]
[140, 158]
[109, 158]
[82, 158]
[158, 177]
[45, 158]
[3, 158]
[51, 158]
[139, 158]
[30, 158]
[72, 158]
[124, 158]
[36, 158]
[90, 158]
[114, 158]
[158, 181]
[39, 158]
[86, 158]
[96, 158]
[56, 158]
[88, 158]
[158, 169]
[89, 158]
[22, 158]
[126, 158]
[112, 158]
[103, 158]
[4, 32]
[32, 42]
[24, 42]
[16, 42]
[93, 154]
[4, 37]
[37, 154]
[28, 101]
[15, 167]
[108, 192]
[137, 192]
[15, 37]
[149, 167]
[108, 149]
[37, 149]
[64, 167]
[64, 137]
[31, 101]
[101, 189]
[78, 101]
[73, 101]
[34, 101]
[22, 101]
[3, 101]
[101, 128]
[101, 164]
[30, 101]
[72, 101]
[69, 101]
[101, 132]
[101, 114]
[101, 181]
[86, 101]
[56, 101]
[50, 101]
[101, 162]
[94, 129]
[94, 137]
[31, 60]
[34, 60]
[60, 73]
[1, 60]
[60, 189]
[3, 60]
[60, 164]
[14, 60]
[51, 60]
[30, 60]
[60, 72]
[60, 180]
[60, 69]
[56, 60]
[50, 60]
[60, 185]
[38, 60]
[60, 169]
[60, 92]
[60, 148]
[60, 184]
[60, 104]
[119, 137]
[31, 42]
[42, 63]
[21, 104]
[34, 42]
[27, 42]
[1, 42]
[5, 42]
[42, 73]
[42, 109]
[42, 49]
[42, 78]
[3, 42]
[42, 74]
[14, 42]
[42, 124]
[42, 132]
[42, 181]
[42, 86]
[42, 56]
[42, 88]
[42, 44]
[42, 126]
[42, 162]
[42, 143]
[28, 42]
[42, 66]
[42, 185]
[42, 85]
[6, 42]
[38, 42]
[42, 169]
[42, 55]
[42, 92]
[42, 148]
[42, 104]
[42, 144]
[42, 108]
[48, 108]
[119, 161]
[37, 119]
[161, 192]
[30, 170]
[170, 189]
[109, 170]
[49, 170]
[78, 170]
[74, 170]
[124, 170]
[66, 170]
[170, 185]
[92, 170]
[162, 170]
[148, 170]
[142, 170]
[36, 170]
[119, 170]
[70, 170]
[37, 170]
[17, 25]
[17, 73]
[0, 133]
[0, 175]
[20, 22]
[14, 20]
[5, 20]
[1, 20]
[20, 182]
[20, 34]
[20, 139]
[20, 180]
[20, 85]
[20, 164]
[20, 132]
[20, 181]
[20, 86]
[3, 20]
[20, 72]
[20, 44]
[20, 171]
[20, 186]
[20, 126]
[20, 108]
[20, 78]
[20, 149]
[20, 30]
[20, 185]
[20, 114]
[20, 92]
[20, 162]
[20, 148]
[6, 20]
[20, 112]
[20, 142]
[20, 93]
[10, 20]
[20, 154]
[20, 161]
[20, 184]
[20, 37]
[20, 43]
[20, 77]
[20, 127]
[20, 40]
[20, 113]
[20, 117]
[20, 46]
[11, 20]
[20, 102]
[13, 20]
[20, 68]
[20, 101]
[20, 41]
[20, 79]
[20, 32]
[20, 35]
[10, 108]
[108, 135]
[79, 114]
[37, 135]
[10, 137]
[21, 119]
[20, 21]
[20, 125]
[20, 94]
[20, 134]
[20, 150]
[137, 154]
[4, 137]
[108, 131]
[54, 137]
[57, 137]
[101, 143]
[154, 167]
[131, 167]
[37, 131]
[57, 167]
[93, 131]
[4, 93]
[57, 93]
[37, 57]
[101, 169]
[101, 186]
[66, 101]
[64, 101]
[101, 129]
[10, 101]
[43, 101]
[101, 131]
[15, 101]
[101, 137]
[101, 104]
[57, 101]
[57, 170]
[54, 170]
[101, 170]
[10, 170]
[10, 127]
[5, 127]
[73, 127]
[16, 127]
[14, 127]
[31, 127]
[49, 127]
[109, 127]
[78, 127]
[3, 127]
[85, 127]
[127, 185]
[127, 184]
[38, 127]
[127, 144]
[127, 192]
[55, 127]
[124, 127]
[88, 127]
[6, 127]
[108, 127]
[50, 127]
[127, 142]
[22, 127]
[127, 149]
[127, 167]
[37, 127]
[86, 127]
[69, 127]
[127, 143]
[127, 132]
[64, 127]
[4, 127]
[54, 127]
[101, 127]
[15, 127]
[57, 127]
[46, 127]
[46, 108]
[46, 167]
[7, 148]
[7, 93]
[7, 15]
[7, 41]
[11, 137]
[11, 93]
[53, 93]
[38, 53]
[53, 162]
[53, 64]
[53, 112]
[53, 70]
[53, 154]
[4, 53]
[53, 129]
[53, 142]
[7, 53]
[15, 53]
[53, 141]
[53, 161]
[48, 53]
[53, 119]
[53, 76]
[42, 53]
[53, 77]
[53, 60]
[53, 110]
[53, 153]
[53, 105]
[53, 101]
[53, 79]
[53, 104]
[53, 170]
[53, 71]
[53, 75]
[35, 53]
[40, 53]
[53, 130]
[53, 118]
[53, 102]
[21, 53]
[53, 175]
[53, 113]
[73, 113]
[16, 113]
[113, 139]
[31, 113]
[109, 113]
[74, 113]
[78, 113]
[113, 172]
[34, 113]
[3, 113]
[113, 180]
[55, 113]
[113, 124]
[6, 113]
[113, 128]
[50, 113]
[113, 181]
[30, 113]
[28, 113]
[51, 113]
[113, 132]
[113, 186]
[36, 113]
[113, 116]
[113, 169]
[72, 113]
[113, 149]
[43, 113]
[113, 131]
[64, 113]
[91, 113]
[113, 168]
[54, 113]
[113, 137]
[112, 113]
[41, 113]
[113, 154]
[46, 113]
[4, 113]
[113, 167]
[113, 129]
[57, 113]
[47, 113]
[113, 117]
[113, 152]
[7, 113]
[15, 113]
[17, 113]
[94, 113]
[80, 113]
[113, 133]
[108, 113]
[70, 113]
[10, 113]
[113, 178]
[113, 141]
[68, 113]
[95, 113]
[48, 113]
[77, 113]
[113, 192]
[9, 113]
[35, 113]
[42, 113]
[113, 118]
[102, 113]
[21, 113]
[113, 175]
[113, 134]
[113, 160]
[104, 113]
[113, 163]
[113, 150]
[113, 130]
[1, 130]
[29, 130]
[5, 130]
[73, 130]
[31, 130]
[49, 130]
[74, 130]
[63, 130]
[130, 185]
[6, 130]
[128, 130]
[130, 181]
[28, 130]
[130, 143]
[88, 130]
[126, 130]
[92, 130]
[130, 164]
[114, 130]
[22, 130]
[69, 130]
[130, 169]
[130, 149]
[130, 131]
[66, 130]
[11, 130]
[64, 130]
[89, 130]
[130, 137]
[112, 130]
[36, 130]
[130, 135]
[130, 144]
[20, 130]
[130, 142]
[13, 130]
[37, 130]
[130, 161]
[119, 130]
[76, 130]
[60, 130]
[2, 130]
[101, 130]
[71, 130]
[40, 130]
[130, 173]
[130, 193]
[130, 154]
[125, 130]
[4, 130]
[129, 130]
[57, 130]
[47, 130]
[117, 130]
[15, 130]
[130, 133]
[70, 130]
[10, 130]
[68, 130]
[48, 130]
[9, 130]
[42, 130]
[21, 130]
[130, 134]
[95, 130]
[65, 130]
[104, 130]
[32, 104]
[79, 104]
[104, 105]
[13, 104]
[104, 183]
[35, 104]
[97, 104]
[104, 141]
[40, 104]
[46, 104]
[77, 104]
[48, 104]
[104, 163]
[71, 104]
[2, 104]
[104, 110]
[104, 153]
[80, 104]
[1, 80]
[73, 80]
[14, 80]
[31, 80]
[80, 189]
[78, 80]
[28, 80]
[80, 182]
[80, 180]
[80, 143]
[80, 164]
[80, 169]
[66, 80]
[80, 184]
[80, 142]
[80, 139]
[30, 80]
[80, 91]
[80, 186]
[44, 80]
[80, 132]
[80, 126]
[80, 92]
[80, 108]
[80, 94]
[80, 170]
[80, 148]
[38, 80]
[80, 119]
[6, 80]
[80, 172]
[80, 154]
[70, 80]
[80, 149]
[80, 151]
[75, 80]
[7, 80]
[76, 80]
[80, 152]
[80, 161]
[80, 178]
[9, 80]
[47, 80]
[68, 80]
[80, 117]
[80, 134]
[80, 102]
[80, 136]
[80, 167]
[57, 80]
[10, 80]
[32, 80]
[60, 80]
[13, 80]
[80, 97]
[4, 80]
[80, 121]
[80, 163]
[71, 80]
[80, 150]
[42, 80]
[42, 43]
[42, 64]
[42, 183]
[42, 77]
[37, 42]
[42, 118]
[42, 125]
[42, 105]
[2, 42]
[42, 193]
[42, 101]
[94, 127]
[11, 94]
[11, 127]
[31, 183]
[28, 183]
[30, 183]
[34, 183]
[49, 183]
[73, 183]
[1, 183]
[112, 183]
[109, 183]
[50, 183]
[51, 183]
[114, 183]
[22, 183]
[129, 183]
[183, 185]
[164, 183]
[183, 186]
[14, 183]
[181, 183]
[88, 183]
[162, 183]
[85, 183]
[93, 183]
[63, 183]
[38, 183]
[92, 183]
[6, 183]
[119, 183]
[127, 183]
[64, 183]
[11, 183]
[24, 77]
[50, 77]
[77, 109]
[34, 77]
[77, 112]
[77, 189]
[30, 77]
[77, 172]
[77, 164]
[77, 186]
[77, 142]
[77, 181]
[77, 86]
[77, 124]
[77, 88]
[28, 77]
[77, 85]
[77, 137]
[63, 77]
[77, 91]
[38, 77]
[77, 92]
[6, 77]
[77, 169]
[77, 148]
[64, 77]
[77, 94]
[77, 119]
[11, 77]
[77, 183]
[93, 135]
[11, 135]
[135, 183]
[77, 135]
[54, 77]
[131, 135]
[135, 167]
[101, 119]
[101, 135]
[143, 183]
[132, 183]
[154, 183]
[70, 183]
[108, 183]
[131, 183]
[167, 183]
[24, 141]
[3, 141]
[109, 141]
[1, 141]
[34, 141]
[141, 171]
[51, 141]
[139, 141]
[141, 181]
[86, 141]
[141, 185]
[22, 141]
[55, 141]
[85, 141]
[78, 141]
[69, 141]
[92, 141]
[6, 141]
[141, 148]
[43, 141]
[15, 141]
[119, 141]
[132, 141]
[70, 141]
[108, 141]
[37, 141]
[131, 141]
[24, 125]
[114, 125]
[49, 125]
[73, 125]
[5, 125]
[125, 177]
[82, 125]
[96, 125]
[74, 125]
[3, 125]
[112, 125]
[90, 125]
[125, 189]
[18, 125]
[30, 125]
[125, 128]
[125, 186]
[125, 142]
[56, 125]
[124, 125]
[31, 125]
[63, 125]
[125, 126]
[125, 169]
[115, 125]
[125, 192]
[91, 125]
[23, 125]
[83, 125]
[109, 125]
[51, 125]
[72, 125]
[125, 139]
[125, 181]
[125, 185]
[55, 125]
[85, 125]
[78, 125]
[6, 125]
[125, 148]
[103, 125]
[125, 137]
[15, 125]
[125, 149]
[89, 125]
[125, 132]
[108, 125]
[125, 131]
[125, 183]
[125, 141]
[99, 100]
[114, 153]
[49, 153]
[96, 153]
[153, 177]
[45, 153]
[79, 137]
[50, 79]
[50, 153]
[74, 153]
[36, 153]
[19, 153]
[16, 153]
[112, 153]
[153, 189]
[18, 153]
[30, 153]
[142, 153]
[56, 153]
[153, 162]
[31, 153]
[44, 153]
[126, 153]
[115, 153]
[91, 153]
[23, 153]
[93, 153]
[51, 153]
[139, 153]
[39, 153]
[153, 185]
[78, 153]
[92, 153]
[6, 153]
[129, 153]
[148, 153]
[64, 153]
[137, 153]
[144, 153]
[15, 153]
[143, 153]
[149, 153]
[119, 153]
[89, 153]
[131, 153]
[135, 153]
[4, 183]
[4, 125]
[11, 167]
[11, 108]
[11, 141]
[11, 125]
[11, 153]
[4, 153]
[60, 64]
[15, 60]
[60, 70]
[60, 125]
[11, 60]
[97, 186]
[97, 192]
[93, 97]
[97, 108]
[70, 97]
[154, 161]
[15, 161]
[41, 161]
[70, 77]
[161, 183]
[94, 161]
[141, 161]
[9, 149]
[65, 125]
[11, 161]
[42, 70]
[42, 167]
[48, 137]
[30, 79]
[73, 79]
[48, 94]
[76, 114]
[5, 76]
[55, 76]
[76, 109]
[72, 76]
[75, 183]
[55, 75]
[75, 189]
[74, 75]
[50, 75]
[51, 75]
[75, 180]
[56, 75]
[28, 105]
[15, 105]
[31, 105]
[72, 105]
[97, 131]
[105, 167]
[22, 105]
[73, 105]
[5, 105]
[105, 189]
[74, 105]
[105, 112]
[105, 162]
[105, 139]
[105, 116]
[63, 105]
[105, 143]
[105, 132]
[105, 114]
[69, 105]
[14, 105]
[66, 105]
[56, 105]
[105, 181]
[105, 185]
[105, 186]
[78, 105]
[11, 105]
[105, 164]
[37, 105]
[94, 105]
[44, 105]
[105, 108]
[60, 105]
[105, 141]
[10, 105]
[13, 38]
[13, 112]
[75, 181]
[64, 75]
[75, 109]
[20, 60]
[24, 35]
[35, 172]
[30, 35]
[35, 86]
[35, 36]
[35, 124]
[35, 85]
[35, 116]
[35, 143]
[35, 132]
[15, 35]
[35, 70]
[35, 66]
[6, 35]
[35, 149]
[35, 129]
[35, 114]
[35, 131]
[11, 35]
[35, 64]
[35, 171]
[35, 185]
[35, 93]
[35, 184]
[35, 37]
[35, 169]
[35, 154]
[35, 44]
[35, 142]
[35, 137]
[10, 35]
[35, 108]
[35, 161]
[11, 97]
[97, 141]
[97, 161]
[35, 97]
[24, 95]
[31, 79]
[94, 170]
[141, 170]
[101, 183]
[101, 141]
[11, 101]
[125, 170]
[125, 127]
[4, 97]
[97, 170]
[97, 101]
[151, 169]
[6, 151]
[34, 151]
[21, 93]
[60, 127]
[60, 101]
[4, 161]
[127, 161]
[101, 161]
[60, 170]
[151, 189]
[3, 151]
[49, 151]
[124, 151]
[151, 164]
[151, 171]
[86, 151]
[72, 151]
[69, 151]
[151, 180]
[51, 151]
[126, 151]
[148, 151]
[142, 151]
[114, 151]
[93, 151]
[66, 151]
[64, 151]
[151, 192]
[129, 151]
[137, 151]
[119, 151]
[37, 151]
[151, 154]
[127, 151]
[151, 170]
[151, 161]
[44, 76]
[44, 75]
[75, 92]
[79, 92]
[5, 79]
[75, 78]
[75, 142]
[75, 93]
[75, 108]
[75, 167]
[10, 75]
[75, 119]
[75, 192]
[75, 185]
[43, 110]
[110, 128]
[18, 110]
[5, 110]
[1, 110]
[110, 194]
[110, 187]
[45, 110]
[96, 110]
[30, 110]
[31, 110]
[110, 182]
[110, 162]
[34, 110]
[110, 132]
[110, 131]
[11, 110]
[110, 144]
[110, 139]
[85, 110]
[110, 116]
[89, 110]
[54, 110]
[94, 110]
[110, 141]
[37, 110]
[60, 110]
[70, 110]
[110, 149]
[110, 168]
[110, 184]
[91, 110]
[69, 110]
[110, 180]
[6, 110]
[51, 110]
[20, 110]
[78, 110]
[110, 174]
[14, 110]
[108, 110]
[110, 185]
[110, 186]
[110, 126]
[110, 164]
[71, 110]
[32, 110]
[110, 193]
[9, 110]
[110, 150]
[110, 136]
[13, 110]
[110, 118]
[110, 117]
[110, 119]
[110, 135]
[68, 110]
[79, 110]
[95, 110]
[110, 158]
[40, 110]
[110, 147]
[110, 163]
[42, 110]
[77, 110]
[110, 160]
[31, 102]
[30, 102]
[1, 102]
[102, 169]
[102, 182]
[102, 112]
[102, 162]
[34, 102]
[22, 102]
[86, 102]
[72, 102]
[102, 139]
[102, 129]
[54, 102]
[94, 102]
[43, 102]
[38, 102]
[102, 109]
[66, 102]
[55, 102]
[102, 183]
[64, 102]
[102, 127]
[92, 102]
[93, 102]
[44, 102]
[97, 102]
[7, 94]
[46, 183]
[7, 141]
[7, 153]
[7, 183]
[4, 105]
[4, 35]
[7, 161]
[7, 105]
[7, 35]
[7, 60]
[46, 125]
[7, 119]
[35, 127]
[35, 151]
[101, 105]
[35, 170]
[7, 135]
[7, 108]
[7, 151]
[7, 170]
[10, 46]
[46, 101]
[46, 170]
[102, 154]
[102, 149]
[102, 180]
[78, 102]
[102, 164]
[4, 48]
[15, 48]
[22, 47]
[30, 47]
[32, 49]
[105, 117]
[7, 32]
[32, 73]
[32, 50]
[21, 129]
[7, 21]
[9, 74]
[32, 71]
[50, 71]
[9, 171]
[9, 50]
[101, 173]
[9, 38]
[9, 31]
[1, 9]
[9, 78]
[9, 189]
[9, 49]
[9, 124]
[9, 135]
[9, 85]
[9, 55]
[9, 109]
[9, 88]
[9, 51]
[9, 44]
[9, 169]
[9, 144]
[9, 91]
[4, 9]
[9, 148]
[9, 142]
[9, 15]
[9, 105]
[9, 37]
[9, 153]
[9, 60]
[9, 167]
[9, 93]
[9, 183]
[9, 161]
[7, 9]
[9, 151]
[9, 118]
[9, 42]
[9, 57]
[9, 48]
[9, 75]
[9, 102]
[9, 13]
[9, 40]
[9, 152]
[9, 136]
[9, 160]
[9, 121]
[9, 158]
[9, 147]
[9, 175]
[17, 114]
[17, 30]
[17, 182]
[17, 162]
[17, 72]
[17, 49]
[17, 143]
[17, 180]
[17, 124]
[17, 85]
[17, 38]
[17, 55]
[17, 109]
[17, 171]
[14, 17]
[17, 51]
[17, 44]
[17, 66]
[17, 149]
[17, 54]
[17, 94]
[17, 116]
[17, 135]
[17, 35]
[17, 70]
[79, 162]
[17, 141]
[4, 17]
[17, 186]
[117, 141]
[117, 119]
[68, 173]
[95, 109]
[30, 95]
[18, 95]
[8, 95]
[61, 95]
[5, 95]
[1, 95]
[95, 187]
[95, 120]
[95, 177]
[82, 95]
[95, 96]
[16, 95]
[95, 172]
[95, 128]
[95, 115]
[83, 95]
[74, 95]
[3, 95]
[95, 124]
[95, 139]
[36, 95]
[72, 95]
[95, 164]
[69, 95]
[78, 95]
[6, 95]
[95, 142]
[67, 95]
[95, 169]
[84, 95]
[12, 95]
[50, 95]
[34, 95]
[95, 114]
[56, 95]
[95, 185]
[95, 112]
[95, 129]
[55, 95]
[95, 126]
[95, 116]
[4, 95]
[95, 186]
[15, 95]
[95, 131]
[46, 95]
[92, 95]
[54, 95]
[43, 95]
[95, 174]
[95, 119]
[95, 184]
[95, 135]
[95, 104]
[65, 95]
[95, 141]
[7, 95]
[94, 95]
[95, 108]
[35, 95]
[93, 95]
[95, 170]
[89, 95]
[95, 161]
[17, 95]
[95, 151]
[95, 101]
[75, 95]
[79, 95]
[95, 118]
[21, 95]
[95, 152]
[2, 95]
[75, 117]
[75, 164]
[17, 184]
[17, 91]
[17, 153]
[38, 76]
[76, 124]
[76, 139]
[15, 76]
[76, 85]
[76, 88]
[6, 76]
[76, 169]
[76, 116]
[66, 76]
[76, 171]
[76, 137]
[76, 126]
[75, 135]
[75, 171]
[76, 148]
[76, 184]
[14, 76]
[76, 94]
[37, 76]
[76, 161]
[17, 93]
[17, 108]
[76, 154]
[46, 76]
[17, 183]
[17, 151]
[17, 105]
[17, 161]
[32, 189]
[38, 68]
[7, 42]
[76, 186]
[35, 42]
[42, 151]
[46, 75]
[75, 154]
[102, 192]
[102, 119]
[102, 135]
[4, 76]
[75, 186]
[32, 112]
[32, 55]
[32, 88]
[32, 164]
[32, 131]
[32, 114]
[37, 117]
[94, 117]
[93, 117]
[17, 101]
[76, 101]
[13, 129]
[117, 127]
[117, 183]
[75, 126]
[75, 101]
[22, 40]
[40, 124]
[15, 40]
[40, 185]
[30, 40]
[40, 73]
[5, 40]
[1, 40]
[40, 64]
[40, 74]
[40, 86]
[40, 181]
[40, 56]
[40, 139]
[40, 72]
[40, 55]
[40, 109]
[40, 162]
[40, 129]
[32, 141]
[32, 72]
[32, 116]
[32, 143]
[32, 142]
[32, 171]
[32, 60]
[32, 51]
[6, 32]
[32, 132]
[32, 169]
[32, 92]
[32, 43]
[32, 127]
[17, 32]
[32, 119]
[32, 153]
[32, 137]
[32, 47]
[32, 175]
[32, 57]
[32, 79]
[32, 163]
[32, 133]
[32, 117]
[13, 32]
[32, 93]
[32, 161]
[32, 183]
[32, 68]
[32, 160]
[32, 193]
[60, 102]
[4, 75]
[102, 126]
[102, 108]
[24, 136]
[34, 79]
[76, 170]
[75, 170]
[102, 151]
[173, 175]
[37, 48]
[13, 76]
[76, 117]
[76, 136]
[13, 54]
[13, 142]
[13, 37]
[17, 57]
[117, 161]
[76, 163]
[76, 121]
[47, 76]
[76, 134]
[17, 48]
[48, 183]
[48, 57]
[57, 153]
[57, 183]
[48, 161]
[77, 149]
[118, 183]
[32, 167]
[22, 118]
[30, 118]
[50, 118]
[73, 118]
[1, 118]
[20, 48]
[118, 154]
[118, 182]
[116, 118]
[118, 164]
[118, 128]
[37, 118]
[86, 118]
[14, 118]
[64, 118]
[3, 118]
[118, 139]
[92, 118]
[114, 118]
[88, 118]
[63, 118]
[118, 184]
[10, 118]
[78, 118]
[118, 126]
[44, 118]
[118, 142]
[70, 118]
[60, 118]
[66, 118]
[118, 137]
[41, 118]
[118, 151]
[11, 118]
[108, 118]
[48, 118]
[46, 118]
[118, 167]
[118, 153]
[93, 118]
[32, 118]
[94, 118]
[24, 193]
[45, 193]
[18, 193]
[193, 194]
[147, 194]
[147, 177]
[23, 147]
[69, 147]
[74, 147]
[124, 147]
[140, 147]
[59, 147]
[147, 187]
[49, 147]
[147, 181]
[143, 147]
[8, 147]
[128, 147]
[83, 147]
[86, 147]
[3, 147]
[31, 147]
[55, 147]
[92, 147]
[114, 147]
[147, 154]
[147, 172]
[147, 185]
[10, 147]
[36, 147]
[78, 147]
[12, 147]
[147, 148]
[6, 147]
[44, 147]
[142, 147]
[147, 169]
[103, 147]
[132, 147]
[89, 147]
[80, 147]
[70, 147]
[147, 168]
[15, 147]
[147, 151]
[37, 147]
[91, 147]
[108, 147]
[4, 147]
[43, 147]
[46, 147]
[119, 147]
[67, 147]
[104, 147]
[147, 161]
[141, 147]
[93, 147]
[147, 157]
[7, 147]
[125, 147]
[94, 147]
[147, 183]
[97, 147]
[147, 193]
[135, 147]
[13, 147]
[20, 147]
[75, 147]
[105, 147]
[117, 147]
[147, 163]
[47, 147]
[40, 147]
[147, 152]
[131, 147]
[77, 147]
[133, 147]
[71, 147]
[147, 175]
[147, 178]
[101, 147]
[65, 147]
[68, 147]
[76, 147]
[102, 147]
[147, 150]
[73, 193]
[1, 193]
[182, 193]
[187, 193]
[25, 193]
[30, 193]
[61, 193]
[120, 193]
[72, 193]
[50, 193]
[171, 193]
[74, 193]
[143, 193]
[34, 193]
[116, 193]
[16, 193]
[8, 193]
[83, 193]
[19, 193]
[69, 193]
[14, 193]
[138, 193]
[114, 193]
[162, 193]
[88, 193]
[51, 193]
[4, 77]
[112, 193]
[186, 193]
[184, 193]
[10, 193]
[148, 193]
[6, 193]
[169, 193]
[103, 193]
[89, 193]
[70, 193]
[66, 193]
[151, 193]
[11, 193]
[4, 193]
[153, 193]
[13, 35]
[13, 151]
[13, 161]
[13, 141]
[13, 94]
[13, 48]
[117, 153]
[108, 117]
[117, 167]
[48, 105]
[42, 117]
[68, 192]
[68, 185]
[36, 68]
[39, 68]
[31, 68]
[68, 73]
[158, 166]
[83, 158]
[85, 158]
[79, 112]
[158, 185]
[22, 79]
[48, 102]
[48, 75]
[67, 158]
[102, 167]
[54, 79]
[35, 79]
[79, 171]
[79, 109]
[121, 130]
[137, 178]
[141, 178]
[15, 178]
[129, 178]
[37, 178]
[4, 178]
[142, 178]
[60, 178]
[125, 178]
[135, 178]
[97, 178]
[167, 178]
[151, 178]
[75, 178]
[163, 178]
[21, 178]
[2, 178]
[42, 178]
[7, 178]
[46, 178]
[76, 178]
[121, 144]
[65, 121]
[10, 102]
[57, 102]
[71, 78]
[1, 71]
[49, 71]
[41, 71]
[44, 71]
[63, 71]
[71, 124]
[71, 86]
[64, 71]
[71, 181]
[34, 71]
[71, 109]
[71, 132]
[51, 71]
[56, 71]
[71, 143]
[71, 185]
[71, 126]
[71, 149]
[71, 114]
[66, 71]
[70, 71]
[71, 153]
[71, 116]
[71, 164]
[71, 85]
[71, 180]
[71, 148]
[71, 93]
[71, 108]
[43, 71]
[71, 119]
[71, 184]
[71, 192]
[4, 71]
[71, 151]
[45, 136]
[136, 140]
[18, 136]
[73, 136]
[136, 187]
[96, 136]
[115, 136]
[38, 136]
[136, 139]
[14, 136]
[112, 136]
[136, 154]
[15, 136]
[136, 138]
[136, 171]
[88, 136]
[6, 136]
[11, 136]
[136, 141]
[92, 136]
[136, 169]
[136, 142]
[129, 136]
[78, 136]
[22, 136]
[132, 136]
[136, 185]
[66, 136]
[51, 136]
[70, 136]
[114, 136]
[136, 149]
[69, 136]
[50, 136]
[136, 180]
[136, 148]
[93, 136]
[7, 136]
[46, 136]
[67, 136]
[108, 136]
[136, 184]
[101, 136]
[105, 178]
[14, 79]
[64, 79]
[20, 178]
[55, 68]
[1, 68]
[68, 139]
[68, 172]
[68, 131]
[68, 168]
[68, 169]
[68, 85]
[11, 68]
[68, 112]
[7, 68]
[68, 101]
[68, 153]
[44, 79]
[48, 178]
[79, 180]
[63, 79]
[46, 57]
[7, 57]
[2, 24]
[2, 105]
[2, 154]
[17, 170]
[48, 170]
[2, 142]
[2, 15]
[2, 30]
[2, 96]
[2, 74]
[2, 189]
[2, 55]
[2, 38]
[2, 128]
[2, 172]
[2, 22]
[2, 88]
[2, 124]
[2, 49]
[2, 86]
[2, 181]
[2, 180]
[2, 116]
[2, 153]
[2, 78]
[2, 148]
[2, 164]
[2, 93]
[2, 192]
[2, 186]
[2, 131]
[2, 141]
[2, 34]
[2, 50]
[2, 92]
[2, 162]
[2, 11]
[2, 63]
[2, 56]
[2, 44]
[2, 129]
[2, 185]
[2, 114]
[2, 149]
[2, 151]
[102, 170]
[79, 183]
[13, 183]
[163, 183]
[68, 183]
[102, 105]
[14, 47]
[1, 47]
[3, 47]
[47, 72]
[47, 172]
[47, 86]
[47, 164]
[47, 112]
[47, 143]
[47, 154]
[47, 141]
[47, 50]
[47, 119]
[47, 189]
[47, 55]
[38, 47]
[47, 85]
[47, 148]
[47, 171]
[47, 60]
[47, 126]
[47, 132]
[47, 131]
[47, 153]
[17, 47]
[47, 101]
[47, 129]
[47, 64]
[47, 135]
[47, 105]
[46, 47]
[47, 94]
[10, 47]
[42, 47]
[118, 192]
[118, 135]
[141, 193]
[119, 193]
[161, 193]
[125, 193]
[95, 193]
[192, 193]
[105, 193]
[170, 193]
[131, 193]
[75, 193]
[94, 193]
[118, 193]
[167, 193]
[20, 121]
[17, 121]
[47, 151]
[127, 178]
[102, 193]
[170, 178]
[178, 193]
[102, 117]
[117, 178]
[134, 183]
[134, 182]
[134, 149]
[31, 134]
[23, 134]
[19, 134]
[45, 134]
[73, 134]
[134, 140]
[134, 177]
[18, 134]
[134, 187]
[120, 134]
[8, 134]
[115, 134]
[56, 134]
[83, 134]
[69, 134]
[134, 172]
[88, 134]
[86, 134]
[116, 134]
[78, 134]
[112, 134]
[51, 134]
[50, 134]
[134, 162]
[124, 134]
[114, 134]
[43, 134]
[14, 134]
[72, 134]
[134, 164]
[44, 134]
[66, 134]
[134, 148]
[89, 134]
[64, 134]
[126, 134]
[103, 134]
[15, 134]
[132, 134]
[91, 134]
[134, 137]
[37, 134]
[10, 134]
[70, 134]
[4, 134]
[134, 141]
[35, 134]
[95, 134]
[125, 134]
[60, 134]
[134, 167]
[101, 134]
[134, 135]
[127, 134]
[48, 134]
[47, 167]
[47, 75]
[40, 84]
[21, 35]
[21, 97]
[13, 192]
[13, 127]
[13, 167]
[13, 135]
[47, 117]
[47, 102]
[117, 193]
[47, 193]
[121, 125]
[121, 135]
[35, 121]
[47, 118]
[102, 118]
[121, 170]
[28, 152]
[73, 152]
[5, 152]
[3, 152]
[88, 152]
[86, 152]
[116, 152]
[109, 152]
[50, 152]
[31, 152]
[124, 152]
[85, 152]
[152, 180]
[34, 152]
[132, 152]
[152, 154]
[11, 152]
[70, 152]
[32, 152]
[119, 152]
[142, 152]
[6, 152]
[152, 161]
[41, 152]
[129, 152]
[152, 153]
[37, 152]
[57, 75]
[47, 57]
[57, 117]
[51, 79]
[79, 185]
[56, 79]
[79, 132]
[79, 143]
[79, 129]
[37, 79]
[79, 126]
[79, 149]
[66, 79]
[10, 79]
[60, 79]
[41, 79]
[158, 162]
[4, 158]
[125, 136]
[136, 193]
[89, 136]
[97, 136]
[60, 71]
[37, 71]
[71, 183]
[71, 125]
[35, 71]
[42, 121]
[71, 97]
[10, 71]
[71, 94]
[17, 71]
[71, 170]
[21, 153]
[21, 151]
[21, 76]
[21, 105]
[21, 42]
[102, 136]
[75, 136]
[17, 136]
[10, 136]
[71, 136]
[136, 151]
[48, 136]
[16, 150]
[32, 77]
[118, 178]
[71, 118]
[47, 71]
[77, 141]
[7, 77]
[77, 101]
[46, 77]
[77, 125]
[77, 97]
[77, 193]
[75, 77]
[77, 102]
[48, 77]
[77, 178]
[71, 77]
[13, 93]
[13, 193]
[13, 121]
[13, 47]
[17, 79]
[79, 94]
[79, 127]
[79, 117]
[79, 105]
[40, 44]
[76, 77]
[13, 42]
[40, 88]
[40, 112]
[40, 180]
[40, 63]
[40, 51]
[39, 40]
[11, 40]
[40, 186]
[40, 142]
[40, 149]
[4, 40]
[40, 43]
[40, 119]
[40, 192]
[40, 54]
[40, 46]
[40, 137]
[40, 94]
[10, 40]
[40, 60]
[40, 127]
[40, 170]
[40, 66]
[6, 40]
[40, 132]
[40, 70]
[40, 75]
[40, 148]
[40, 126]
[40, 135]
[40, 151]
[40, 102]
[40, 77]
[40, 167]
[40, 117]
[40, 193]
[13, 40]
[40, 118]
[131, 152]
[125, 152]
[93, 152]
[92, 152]
[7, 152]
[47, 152]
[76, 152]
[79, 193]
[40, 178]
[13, 178]
[79, 161]
[79, 167]
[47, 79]
[71, 79]
[102, 152]
[44, 152]
[149, 152]
[126, 152]
[46, 152]
[75, 152]
[118, 152]
[151, 152]
[94, 152]
[127, 152]
[71, 152]
[57, 77]
[57, 152]
[136, 152]
[152, 170]
[117, 136]
[117, 152]
[152, 167]
[2, 64]
[2, 10]
[2, 132]
[2, 126]
[2, 37]
[2, 97]
[2, 46]
[2, 193]
[2, 71]
[2, 47]
[2, 167]
[2, 40]
[2, 13]
[2, 136]
[2, 117]
[2, 57]
[2, 76]
[102, 134]
[134, 136]
[57, 134]
[77, 134]
[134, 193]
[47, 134]
[40, 134]
[2, 134]
[24, 160]
[28, 160]
[25, 160]
[73, 160]
[82, 160]
[120, 160]
[61, 160]
[5, 160]
[69, 160]
[78, 160]
[85, 160]
[160, 164]
[138, 160]
[128, 160]
[31, 160]
[14, 160]
[51, 160]
[160, 182]
[90, 160]
[160, 186]
[108, 160]
[54, 160]
[91, 160]
[66, 160]
[137, 160]
[80, 160]
[101, 160]
[144, 160]
[94, 160]
[104, 160]
[63, 160]
[17, 160]
[160, 161]
[41, 160]
[75, 160]
[12, 160]
[160, 185]
[125, 160]
[142, 160]
[160, 192]
[114, 160]
[44, 160]
[49, 160]
[38, 160]
[160, 180]
[7, 160]
[56, 160]
[48, 160]
[153, 160]
[11, 160]
[15, 160]
[89, 160]
[65, 160]
[105, 160]
[4, 160]
[10, 160]
[149, 160]
[126, 160]
[129, 160]
[97, 160]
[71, 160]
[57, 160]
[160, 193]
[47, 160]
[40, 160]
[13, 160]
[117, 160]
[152, 160]
[77, 160]
[2, 160]
[76, 160]
[134, 160]
[79, 136]
[79, 134]
[24, 133]
[28, 133]
[61, 133]
[73, 133]
[133, 140]
[133, 194]
[133, 177]
[121, 133]
[35, 133]
[138, 150]
[8, 150]
[128, 150]
[103, 150]
[90, 150]
[150, 186]
[108, 150]
[137, 150]
[101, 150]
[144, 150]
[17, 150]
[150, 161]
[135, 150]
[42, 152]
[42, 136]
[42, 57]
[42, 134]
[94, 158]
[12, 158]
[158, 183]
[32, 158]
[11, 158]
[37, 158]
[158, 173]
[7, 158]
[101, 158]
[17, 158]
[95, 158]
[21, 79]
[21, 152]
[43, 68]
[142, 150]
[5, 163]
[25, 163]
[163, 194]
[29, 163]
[121, 163]
[24, 163]
[163, 187]
[45, 163]
[82, 163]
[96, 163]
[163, 164]
[50, 163]
[112, 163]
[88, 163]
[74, 163]
[51, 163]
[124, 163]
[3, 163]
[72, 163]
[60, 163]
[37, 163]
[163, 185]
[163, 168]
[36, 163]
[31, 163]
[163, 174]
[129, 163]
[109, 163]
[49, 163]
[55, 163]
[163, 180]
[15, 163]
[56, 163]
[148, 163]
[91, 163]
[23, 163]
[138, 163]
[128, 163]
[144, 163]
[103, 163]
[163, 170]
[126, 163]
[92, 163]
[163, 186]
[48, 163]
[6, 163]
[102, 163]
[135, 163]
[93, 163]
[46, 163]
[70, 163]
[163, 193]
[163, 192]
[75, 163]
[10, 163]
[137, 163]
[127, 163]
[153, 163]
[38, 163]
[13, 163]
[20, 163]
[108, 163]
[89, 163]
[57, 163]
[77, 163]
[79, 163]
[47, 163]
[152, 163]
[136, 163]
[42, 163]
[2, 163]
[134, 163]
[160, 163]
[21, 160]
[125, 150]
[150, 192]
[150, 153]
[46, 150]
[4, 150]
[127, 150]
[97, 150]
[118, 150]
[89, 150]
[136, 150]
[68, 92]
[73, 175]
[175, 194]
[1, 175]
[153, 175]
[175, 184]
[82, 175]
[61, 175]
[24, 175]
[78, 175]
[50, 175]
[164, 175]
[88, 175]
[38, 175]
[171, 175]
[124, 175]
[17, 175]
[67, 175]
[72, 175]
[44, 175]
[103, 175]
[126, 175]
[15, 175]
[6, 158]
[70, 158]
[13, 158]
[77, 158]
[97, 158]
[158, 178]
[117, 158]
[10, 158]
[152, 158]
[151, 158]
[105, 158]
[65, 158]
[47, 158]
[57, 158]
[75, 158]
[131, 158]
[134, 158]
[66, 68]
[68, 129]
[68, 132]
[68, 93]
[68, 162]
[68, 121]
[68, 170]
[68, 94]
[21, 68]
[68, 125]
[68, 161]
[68, 114]
[68, 105]
[97, 175]
[174, 175]
[60, 175]
[175, 182]
[137, 175]
[175, 181]
[54, 175]
[128, 175]
[37, 175]
[169, 175]
[70, 175]
[168, 175]
[142, 175]
[46, 175]
[175, 178]
[20, 175]
[109, 175]
[79, 175]
[136, 175]
[92, 175]
[117, 175]
[66, 175]
[93, 175]
[162, 175]
[131, 175]
[57, 175]
[175, 193]
[94, 175]
[114, 175]
[7, 175]
[127, 175]
[152, 175]
[134, 175]
[40, 175]
[135, 175]
[101, 175]
[89, 175]
[21, 175]
[121, 175]
[18, 133]
[133, 187]
[96, 133]
[88, 133]
[133, 164]
[63, 133]
[133, 171]
[85, 133]
[133, 139]
[133, 148]
[133, 149]
[55, 133]
[14, 133]
[31, 133]
[115, 133]
[23, 133]
[108, 133]
[90, 133]
[51, 133]
[133, 143]
[133, 138]
[6, 133]
[36, 133]
[91, 133]
[104, 133]
[48, 133]
[10, 133]
[118, 133]
[13, 133]
[44, 133]
[49, 133]
[22, 133]
[64, 133]
[133, 181]
[133, 167]
[133, 170]
[77, 133]
[71, 133]
[133, 163]
[128, 133]
[126, 133]
[133, 169]
[46, 133]
[39, 133]
[133, 157]
[119, 133]
[37, 133]
[129, 133]
[109, 133]
[133, 153]
[133, 136]
[92, 133]
[125, 133]
[133, 161]
[2, 133]
[105, 133]
[2, 158]
[127, 158]
[158, 163]
[42, 158]
[158, 160]
[141, 150]
[68, 71]
[40, 68]
[68, 152]
[47, 68]
[68, 75]
[68, 134]
[68, 135]
[42, 68]
[114, 133]
[79, 133]
[97, 133]
[2, 68]
[95, 150]
[131, 150]
[134, 150]
[150, 160]
[65, 150]
[42, 150]
[2, 150]
[150, 158]
[68, 158]
[150, 193]
[40, 133]
[94, 133]
[133, 186]
[133, 178]
[93, 133]
[127, 133]
[133, 135]
[21, 133]
[42, 133]
[89, 133]
[101, 133]
[133, 193]
[133, 150]
[133, 158]
[133, 175]
[150, 175]
[158, 175]
