[18, 21, 25, 26, 48]
[4, 18, 23, 31, 43]
[4, 18, 23, 31, 33]
[18, 23, 31, 33, 40]
[18, 23, 25, 33, 40]
[18, 23, 25, 33, 41]
[13, 25, 32, 37, 41]
[8, 13, 25, 32, 37]
[8, 16, 25, 32, 37]
[2, 8, 19, 35, 40]
[4, 26, 31, 34, 48]
[4, 20, 24, 33, 34]
[4, 24, 33, 34, 39]
[9, 17, 21, 33, 40]
[17, 18, 21, 33, 40]
[17, 18, 21, 35, 40]
[9, 21, 29, 43, 46]
[5, 21, 29, 43, 46]
[5, 29, 31, 43, 46]
[5, 29, 31, 43, 45]
[2, 19, 29, 35, 42]
[14, 19, 31, 33, 45]
[9, 21, 34, 43, 46]
[10, 16, 18, 35, 41]
[16, 29, 35, 43, 45]
[16, 29, 35, 42, 43]
[2, 16, 29, 35, 42]
[2, 8, 16, 35, 42]
[3, 16, 24, 28, 45]
[16, 24, 28, 43, 45]
[16, 24, 43, 45, 47]
[24, 38, 43, 45, 47]
[3, 24, 28, 39, 45]
[3, 24, 38, 39, 45]
[3, 12, 22, 28, 29]
[3, 16, 28, 29, 45]
[0, 3, 16, 29, 45]
[0, 16, 29, 43, 45]
[0, 29, 31, 43, 45]
[0, 29, 31, 43, 46]
[0, 19, 29, 31, 45]
[28, 29, 30, 42, 43]
[12, 22, 28, 29, 30]
[3, 12, 28, 29, 30]
[0, 10, 16, 18, 41]
[0, 10, 15, 31, 45]
[0, 1, 16, 22, 29]
[0, 3, 16, 22, 29]
[6, 8, 11, 25, 38]
[4, 20, 24, 38, 39]
[20, 24, 38, 39, 45]
[4, 6, 24, 38, 39]
[1, 6, 25, 38, 47]
[20, 24, 38, 45, 47]
[20, 24, 33, 45, 47]
[20, 24, 33, 39, 45]
[3, 24, 33, 39, 45]
[13, 20, 33, 39, 45]
[4, 20, 24, 33, 39]
[3, 24, 37, 39, 45]
[3, 7, 8, 37, 42]
[7, 8, 9, 40, 49]
[10, 13, 18, 25, 41]
[13, 18, 25, 33, 41]
[4, 18, 25, 33, 41]
[18, 21, 25, 33, 40]
[4, 18, 25, 26, 48]
[10, 18, 21, 25, 26]
[18, 21, 25, 26, 33]
[4, 18, 25, 26, 33]
[0, 1, 22, 27, 29]
[12, 22, 27, 28, 29]
[1, 12, 22, 27, 29]
[3, 7, 12, 22, 28]
[5, 31, 36, 43, 45]
[0, 3, 7, 16, 22]
[0, 3, 7, 16, 45]
[3, 7, 8, 16, 42]
[3, 7, 16, 36, 45]
[3, 7, 8, 16, 36]
[5, 16, 42, 43, 44]
[5, 8, 16, 42, 44]
[5, 20, 33, 39, 44]
[5, 20, 33, 44, 49]
[5, 20, 33, 44, 45]
[5, 33, 39, 42, 44]
[0, 29, 30, 31, 43]
[0, 18, 30, 31, 33]
[18, 25, 30, 31, 33]
[14, 18, 30, 31, 33]
[0, 14, 30, 31, 33]
[0, 19, 30, 31, 33]
[14, 19, 30, 31, 33]
[0, 14, 19, 30, 33]
[3, 16, 28, 29, 42]
[3, 7, 12, 14, 22]
[0, 3, 7, 14, 22]
[3, 7, 14, 22, 30]
[0, 3, 14, 22, 30]
[3, 12, 14, 22, 30]
[3, 7, 12, 22, 30]
[0, 3, 7, 22, 30]
[7, 8, 20, 30, 49]
[8, 20, 30, 38, 49]
[7, 12, 20, 28, 30]
[7, 12, 22, 28, 30]
[3, 7, 12, 28, 30]
[3, 7, 22, 28, 30]
[3, 12, 22, 28, 30]
[24, 28, 32, 34, 37]
[24, 32, 34, 37, 39]
[8, 24, 32, 34, 37]
[0, 15, 31, 32, 45]
[0, 7, 18, 30, 41]
[0, 7, 22, 30, 41]
[7, 22, 30, 41, 49]
[7, 9, 30, 41, 49]
[0, 18, 30, 33, 41]
[0, 7, 16, 22, 41]
[9, 30, 33, 41, 49]
[18, 25, 30, 33, 41]
[25, 30, 33, 41, 49]
[7, 8, 9, 30, 49]
[0, 3, 22, 29, 30]
[9, 29, 30, 43, 46]
[4, 23, 24, 38, 43]
[4, 18, 23, 25, 33]
[4, 23, 25, 26, 33]
[0, 18, 23, 33, 41]
[0, 7, 18, 23, 41]
[0, 18, 23, 26, 33]
[0, 7, 18, 23, 26]
[0, 16, 19, 29, 45]
[0, 16, 22, 27, 29]
[0, 1, 16, 27, 29]
[0, 10, 30, 31, 46]
[0, 10, 31, 32, 45]
[0, 10, 31, 32, 46]
[0, 10, 15, 31, 32]
[11, 16, 22, 27, 29]
[1, 16, 22, 27, 29]
[2, 7, 8, 16, 42]
[0, 1, 16, 22, 27]
[3, 7, 16, 28, 42]
[9, 21, 27, 33, 40]
[9, 27, 33, 40, 49]
[0, 1, 5, 16, 27]
[5, 20, 28, 39, 45]
[20, 24, 28, 34, 39]
[20, 24, 28, 39, 45]
[4, 5, 18, 31, 43]
[0, 5, 31, 43, 46]
[4, 5, 16, 18, 43]
[4, 16, 24, 34, 43]
[2, 8, 16, 19, 42]
[2, 8, 16, 19, 35]
[2, 8, 19, 35, 42]
[5, 10, 13, 39, 42]
[5, 10, 13, 39, 45]
[8, 16, 19, 35, 42]
[16, 19, 29, 35, 42]
[16, 19, 29, 35, 45]
[5, 16, 29, 43, 45]
[5, 16, 29, 42, 43]
[1, 5, 16, 22, 29]
[2, 16, 19, 29, 42]
[2, 16, 19, 29, 35]
[0, 1, 16, 19, 29]
[0, 1, 5, 16, 29]
[0, 5, 16, 29, 45]
[0, 5, 16, 29, 43]
[0, 5, 29, 43, 45]
[0, 5, 29, 43, 46]
[0, 5, 29, 31, 43]
[0, 5, 29, 31, 45]
[0, 5, 29, 31, 46]
[0, 1, 5, 22, 29]
[0, 5, 16, 22, 29]
[0, 1, 5, 16, 22]
[0, 5, 10, 16, 22]
[0, 5, 10, 16, 45]
[0, 5, 10, 16, 18]
[0, 5, 16, 18, 43]
[0, 5, 16, 43, 45]
[5, 13, 33, 39, 45]
[5, 13, 33, 39, 42]
[14, 18, 21, 33, 40]
[0, 14, 18, 33, 40]
[4, 5, 6, 33, 39]
[4, 6, 24, 33, 39]
[1, 6, 12, 25, 48]
[5, 13, 37, 39, 42]
[5, 13, 37, 39, 45]
[5, 13, 20, 39, 45]
[5, 13, 20, 33, 45]
[5, 13, 20, 33, 39]
[13, 20, 33, 34, 39]
[20, 24, 33, 34, 39]
[4, 20, 24, 34, 39]
[4, 20, 33, 34, 39]
[4, 5, 20, 33, 39]
[5, 20, 33, 39, 45]
[4, 14, 18, 26, 48]
[14, 18, 21, 26, 48]
[3, 14, 33, 39, 45]
[0, 3, 14, 33, 45]
[4, 14, 18, 26, 33]
[14, 18, 21, 26, 33]
[0, 14, 18, 26, 33]
[9, 14, 21, 43, 46]
[4, 5, 31, 33, 36]
[5, 31, 33, 36, 45]
[4, 5, 31, 36, 43]
[5, 29, 31, 36, 43]
[5, 29, 31, 36, 45]
[9, 14, 21, 33, 40]
[7, 8, 18, 35, 40]
[7, 8, 11, 16, 35]
[2, 7, 8, 35, 42]
[2, 7, 8, 35, 40]
[4, 16, 23, 24, 37]
[5, 16, 29, 37, 42]
[5, 8, 13, 37, 42]
[4, 24, 34, 37, 39]
[4, 26, 31, 33, 34]
[4, 25, 26, 31, 48]
[18, 25, 26, 31, 48]
[0, 10, 15, 26, 31]
[0, 10, 18, 26, 31]
[25, 26, 29, 31, 49]
[0, 5, 31, 43, 45]
[0, 5, 18, 31, 43]
[7, 8, 16, 18, 35]
[5, 8, 16, 18, 44]
[1, 5, 16, 22, 44]
[5, 13, 27, 37, 39]
[2, 16, 19, 35, 42]
[2, 8, 19, 38, 42]
[2, 15, 19, 35, 42]
[2, 7, 16, 35, 42]
[0, 3, 7, 14, 45]
[4, 7, 14, 18, 26]
[7, 8, 16, 35, 42]
[4, 14, 18, 26, 31]
[7, 14, 18, 26, 31]
[14, 18, 26, 31, 48]
[0, 14, 18, 26, 31]
[4, 14, 18, 31, 48]
[4, 7, 14, 18, 31]
[0, 7, 14, 18, 31]
[0, 7, 14, 31, 45]
[4, 14, 26, 31, 48]
[4, 7, 14, 26, 31]
[0, 7, 14, 26, 31]
[4, 14, 18, 31, 43]
[0, 14, 18, 31, 43]
[0, 14, 18, 31, 40]
[7, 14, 18, 31, 40]
[0, 14, 31, 43, 45]
[0, 14, 31, 43, 46]
[8, 11, 16, 25, 37]
[3, 7, 14, 37, 45]
[3, 7, 8, 14, 37]
[3, 14, 37, 39, 45]
[3, 7, 8, 16, 37]
[24, 33, 44, 45, 47]
[20, 24, 33, 44, 45]
[20, 24, 33, 44, 47]
[20, 24, 33, 39, 44]
[24, 33, 39, 44, 45]
[8, 16, 24, 34, 37]
[4, 16, 24, 34, 37]
[7, 16, 36, 37, 41]
[7, 8, 11, 16, 37]
[11, 17, 25, 26, 29]
[12, 17, 25, 26, 29]
[17, 21, 25, 26, 29]
[13, 32, 34, 37, 39]
[16, 24, 32, 34, 37]
[8, 16, 32, 34, 37]
[0, 16, 18, 32, 41]
[0, 10, 18, 32, 41]
[7, 8, 35, 40, 49]
[2, 7, 8, 16, 35]
[7, 8, 16, 37, 42]
[3, 7, 8, 30, 42]
[3, 8, 30, 38, 42]
[17, 20, 24, 34, 39]
[4, 23, 24, 38, 39]
[0, 23, 38, 43, 46]
[4, 16, 23, 24, 43]
[7, 9, 23, 40, 49]
[30, 38, 43, 46, 47]
[23, 30, 38, 43, 46]
[0, 23, 30, 38, 46]
[0, 30, 38, 43, 46]
[17, 18, 21, 25, 40]
[0, 23, 30, 43, 46]
[0, 23, 30, 38, 43]
[3, 8, 25, 30, 38]
[8, 25, 30, 38, 49]
[8, 11, 25, 30, 38]
[5, 10, 13, 23, 39]
[0, 5, 10, 16, 23]
[5, 16, 23, 36, 43]
[4, 5, 16, 23, 36]
[23, 25, 30, 38, 49]
[0, 5, 23, 43, 46]
[8, 19, 30, 38, 42]
[0, 16, 23, 29, 43]
[0, 15, 23, 41, 46]
[2, 15, 19, 35, 41]
[2, 16, 19, 35, 41]
[0, 23, 30, 41, 46]
[0, 7, 23, 30, 41]
[10, 13, 23, 30, 41]
[0, 10, 23, 30, 41]
[10, 23, 30, 41, 49]
[0, 10, 23, 30, 46]
[3, 17, 24, 28, 33]
[6, 17, 24, 28, 33]
[17, 24, 28, 33, 34]
[17, 20, 24, 28, 33]
[20, 24, 28, 33, 34]
[3, 24, 28, 33, 45]
[10, 13, 15, 23, 41]
[0, 23, 30, 33, 41]
[23, 30, 33, 41, 49]
[0, 19, 30, 33, 41]
[13, 18, 30, 33, 41]
[18, 23, 30, 33, 41]
[9, 23, 30, 33, 41]
[3, 17, 33, 39, 42]
[3, 17, 24, 33, 39]
[10, 23, 25, 26, 49]
[10, 18, 23, 25, 26]
[17, 20, 24, 33, 39]
[17, 20, 33, 34, 39]
[17, 21, 25, 33, 40]
[17, 24, 33, 34, 39]
[24, 28, 33, 34, 39]
[20, 28, 33, 34, 39]
[6, 17, 24, 33, 39]
[17, 18, 25, 33, 40]
[17, 18, 25, 33, 41]
[0, 10, 15, 41, 46]
[7, 17, 18, 35, 40]
[9, 17, 24, 33, 34]
[17, 20, 24, 33, 34]
[0, 1, 5, 27, 29]
[1, 5, 13, 27, 39]
[5, 8, 13, 27, 42]
[5, 13, 27, 39, 42]
[1, 5, 22, 27, 29]
[9, 21, 27, 29, 46]
[5, 27, 33, 39, 42]
[4, 5, 27, 33, 39]
[1, 12, 19, 27, 29]
[0, 5, 10, 41, 46]
[0, 5, 10, 22, 41]
[0, 5, 10, 18, 41]
[5, 10, 22, 41, 49]
[10, 15, 35, 41, 49]
[5, 10, 13, 18, 41]
[5, 10, 13, 39, 41]
[8, 9, 27, 40, 49]
[5, 22, 27, 29, 49]
[10, 13, 34, 39, 41]
[4, 34, 37, 39, 41]
[4, 5, 37, 39, 41]
[5, 13, 37, 39, 41]
[13, 34, 37, 39, 41]
[0, 5, 22, 27, 29]
[9, 27, 33, 40, 47]
[13, 27, 33, 39, 42]
[1, 19, 27, 39, 40]
[3, 28, 33, 39, 42]
[27, 28, 33, 39, 40]
[20, 28, 33, 39, 45]
[27, 28, 33, 39, 42]
[3, 28, 33, 39, 45]
[3, 24, 28, 33, 39]
[24, 28, 33, 39, 45]
[20, 24, 28, 33, 45]
[17, 20, 24, 28, 34]
[20, 24, 28, 33, 39]
[5, 20, 28, 33, 45]
[5, 28, 33, 39, 45]
[5, 28, 29, 43, 45]
[5, 28, 29, 43, 46]
[5, 21, 27, 29, 46]
[0, 5, 27, 29, 46]
[5, 16, 29, 36, 45]
[0, 1, 5, 22, 27]
[5, 22, 27, 28, 29]
[5, 27, 28, 29, 46]
[3, 12, 22, 29, 30]
[5, 13, 27, 33, 39]
[19, 27, 33, 39, 40]
[19, 21, 27, 33, 40]
[0, 10, 32, 41, 46]
[0, 10, 15, 32, 41]
[0, 15, 32, 41, 46]
[5, 13, 27, 33, 42]
[8, 19, 27, 38, 42]
[0, 1, 19, 27, 40]
[0, 1, 19, 27, 38]
[0, 1, 19, 27, 29]
[1, 12, 19, 27, 39]
[1, 19, 27, 38, 39]
[19, 27, 38, 39, 42]
[9, 17, 21, 27, 40]
[9, 17, 21, 27, 29]
[9, 11, 17, 27, 29]
[11, 17, 22, 27, 29]
[7, 8, 9, 14, 40]
[5, 16, 27, 29, 42]
[16, 19, 27, 29, 42]
[5, 8, 16, 27, 42]
[4, 5, 16, 18, 41]
[0, 5, 16, 18, 41]
[5, 16, 18, 23, 41]
[13, 18, 23, 30, 41]
[0, 18, 23, 30, 41]
[18, 23, 30, 31, 43]
[0, 18, 23, 30, 31]
[4, 23, 25, 26, 48]
[23, 25, 30, 41, 49]
[13, 23, 25, 30, 41]
[0, 5, 23, 41, 46]
[3, 7, 12, 17, 22]
[5, 13, 18, 23, 41]
[4, 5, 18, 23, 41]
[5, 13, 18, 23, 43]
[7, 9, 23, 30, 49]
[9, 23, 30, 41, 49]
[9, 23, 29, 30, 49]
[9, 23, 29, 30, 46]
[9, 23, 30, 44, 49]
[9, 30, 41, 44, 49]
[9, 30, 44, 46, 47]
[9, 23, 30, 44, 46]
[23, 30, 31, 36, 43]
[4, 23, 31, 36, 43]
[4, 7, 23, 31, 36]
[4, 23, 31, 36, 48]
[4, 7, 23, 36, 41]
[0, 7, 23, 31, 40]
[0, 15, 19, 31, 45]
[0, 15, 23, 31, 46]
[0, 23, 31, 43, 46]
[7, 23, 31, 40, 49]
[7, 23, 30, 31, 49]
[23, 30, 31, 43, 46]
[0, 7, 23, 30, 31]
[0, 23, 30, 31, 46]
[4, 5, 23, 31, 43]
[3, 7, 17, 28, 42]
[17, 20, 24, 28, 39]
[3, 17, 24, 28, 39]
[3, 17, 28, 39, 42]
[6, 17, 24, 28, 39]
[17, 24, 28, 34, 39]
[3, 12, 17, 22, 28]
[7, 12, 17, 22, 28]
[3, 7, 17, 22, 28]
[7, 12, 17, 20, 28]
[4, 5, 23, 33, 39]
[3, 7, 28, 37, 45]
[7, 17, 18, 28, 40]
[3, 7, 12, 17, 28]
[6, 7, 12, 17, 28]
[3, 24, 28, 37, 45]
[3, 7, 28, 37, 42]
[9, 21, 32, 34, 46]
[24, 28, 32, 37, 45]
[8, 9, 24, 32, 34]
[8, 9, 13, 32, 34]
[13, 15, 32, 37, 45]
[8, 13, 32, 34, 37]
[10, 21, 32, 34, 35]
[10, 15, 21, 32, 35]
[10, 15, 21, 32, 46]
[10, 21, 32, 34, 46]
[10, 15, 32, 35, 45]
[0, 10, 15, 32, 45]
[0, 10, 15, 32, 46]
[10, 13, 15, 32, 45]
[10, 15, 32, 35, 49]
[10, 18, 21, 32, 35]
[3, 12, 17, 22, 29]
[10, 24, 32, 34, 39]
[10, 24, 32, 39, 45]
[10, 13, 32, 39, 45]
[10, 13, 32, 34, 39]
[13, 32, 37, 39, 45]
[24, 32, 37, 39, 45]
[10, 13, 18, 25, 32]
[8, 13, 18, 25, 32]
[10, 18, 21, 25, 32]
[18, 21, 25, 32, 48]
[17, 18, 21, 25, 26]
[12, 17, 20, 28, 39]
[6, 12, 17, 28, 39]
[3, 12, 17, 28, 39]
[17, 20, 28, 34, 39]
[3, 17, 22, 28, 29]
[3, 17, 28, 29, 42]
[3, 12, 17, 28, 29]
[12, 17, 22, 28, 29]
[5, 28, 29, 42, 43]
[5, 28, 29, 37, 42]
[3, 28, 29, 37, 42]
[3, 28, 29, 37, 45]
[5, 28, 29, 37, 45]
[5, 28, 37, 39, 45]
[24, 28, 37, 39, 45]
[3, 24, 28, 37, 39]
[3, 28, 37, 39, 45]
[24, 28, 34, 37, 39]
[3, 28, 37, 39, 42]
[5, 28, 37, 39, 42]
[7, 17, 18, 35, 41]
[3, 12, 17, 25, 29]
[12, 20, 28, 39, 44]
[5, 20, 28, 39, 44]
[5, 28, 43, 44, 46]
[5, 28, 43, 44, 45]
[5, 28, 39, 44, 45]
[5, 20, 28, 33, 39]
[5, 20, 39, 44, 45]
[5, 22, 41, 44, 49]
[5, 27, 28, 29, 42]
[5, 27, 28, 29, 37]
[20, 28, 39, 44, 45]
[20, 24, 28, 39, 44]
[24, 28, 39, 44, 45]
[20, 24, 39, 44, 45]
[1, 19, 39, 40, 44]
[5, 20, 28, 44, 45]
[5, 27, 28, 39, 42]
[5, 18, 28, 43, 44]
[9, 24, 43, 44, 47]
[8, 9, 40, 44, 49]
[20, 24, 44, 45, 47]
[9, 43, 44, 46, 47]
[24, 43, 44, 45, 47]
[5, 8, 20, 44, 49]
[1, 25, 40, 44, 47]
[5, 27, 37, 39, 42]
[5, 13, 27, 37, 42]
[13, 27, 37, 39, 42]
[13, 15, 27, 37, 42]
[8, 13, 27, 37, 42]
[13, 27, 32, 37, 39]
[5, 13, 33, 39, 41]
[10, 18, 32, 35, 41]
[10, 13, 18, 32, 41]
[1, 13, 27, 32, 39]
[13, 15, 27, 32, 37]
[0, 15, 27, 32, 46]
[13, 18, 25, 32, 41]
[15, 21, 27, 32, 46]
[15, 21, 27, 32, 37]
[9, 32, 34, 41, 46]
[8, 9, 27, 32, 49]
[9, 21, 27, 32, 46]
[8, 9, 13, 27, 32]
[9, 13, 32, 34, 41]
[13, 32, 34, 39, 41]
[2, 13, 15, 32, 41]
[10, 13, 15, 32, 41]
[10, 13, 32, 34, 41]
[10, 13, 25, 32, 41]
[10, 13, 32, 39, 41]
[24, 28, 32, 39, 45]
[10, 32, 34, 39, 41]
[2, 15, 32, 41, 46]
[2, 15, 32, 35, 41]
[15, 32, 35, 41, 49]
[10, 15, 32, 35, 41]
[10, 15, 32, 41, 49]
[3, 16, 22, 28, 29]
[23, 25, 26, 29, 31]
[5, 27, 29, 31, 46]
[5, 23, 29, 31, 43]
[0, 5, 23, 29, 31]
[0, 15, 23, 32, 41]
[13, 15, 23, 32, 41]
[9, 23, 29, 43, 46]
[15, 23, 32, 41, 46]
[0, 23, 32, 41, 46]
[16, 24, 28, 32, 45]
[5, 13, 23, 39, 41]
[4, 5, 23, 39, 41]
[0, 5, 23, 29, 46]
[5, 23, 29, 43, 46]
[9, 23, 32, 41, 49]
[9, 13, 23, 32, 41]
[0, 5, 18, 23, 41]
[0, 23, 29, 43, 46]
[9, 23, 30, 41, 46]
[9, 13, 23, 30, 41]
[4, 23, 25, 36, 41]
[23, 25, 32, 36, 41]
[4, 23, 25, 36, 48]
[4, 6, 25, 36, 48]
[23, 25, 36, 37, 41]
[4, 25, 36, 37, 41]
[8, 11, 20, 30, 38]
[7, 8, 11, 20, 30]
[0, 23, 29, 30, 43]
[0, 23, 29, 30, 46]
[23, 29, 30, 43, 46]
[9, 14, 23, 30, 43]
[3, 22, 28, 29, 30]
[9, 13, 23, 27, 32]
[9, 23, 27, 32, 49]
[9, 23, 27, 32, 46]
[9, 14, 23, 32, 41]
[9, 14, 32, 41, 46]
[9, 14, 23, 41, 46]
[7, 9, 14, 23, 41]
[23, 25, 26, 29, 49]
[23, 25, 29, 30, 49]
[3, 12, 25, 29, 30]
[11, 25, 26, 29, 36]
[11, 25, 26, 36, 48]
[23, 25, 26, 36, 48]
[23, 25, 26, 29, 36]
[0, 5, 23, 29, 43]
[0, 29, 30, 43, 46]
[9, 17, 21, 33, 34]
[10, 16, 32, 34, 35]
[8, 16, 32, 34, 35]
[8, 16, 24, 32, 34]
[2, 8, 16, 24, 32]
[2, 8, 16, 32, 35]
[0, 10, 16, 32, 45]
[10, 16, 32, 35, 45]
[10, 16, 24, 32, 34]
[10, 16, 24, 32, 45]
[16, 24, 32, 37, 45]
[3, 7, 16, 37, 42]
[5, 16, 29, 37, 45]
[11, 16, 25, 29, 37]
[0, 10, 16, 18, 32]
[10, 16, 18, 32, 35]
[10, 16, 18, 25, 32]
[8, 16, 24, 32, 37]
[8, 16, 18, 25, 32]
[8, 16, 18, 32, 35]
[14, 32, 37, 39, 45]
[3, 8, 16, 24, 37]
[3, 8, 16, 25, 37]
[3, 8, 16, 37, 42]
[2, 8, 16, 32, 44]
[5, 8, 16, 37, 42]
[3, 16, 29, 37, 42]
[19, 33, 39, 42, 44]
[17, 33, 39, 42, 44]
[9, 33, 40, 44, 49]
[9, 33, 40, 44, 47]
[9, 24, 33, 44, 47]
[19, 33, 39, 40, 44]
[19, 33, 39, 44, 45]
[20, 33, 39, 44, 45]
[16, 43, 44, 45, 47]
[1, 12, 19, 39, 44]
[17, 18, 33, 40, 44]
[17, 18, 21, 26, 33]
[17, 20, 24, 33, 44]
[17, 24, 33, 39, 44]
[17, 20, 33, 39, 44]
[17, 33, 39, 40, 44]
[17, 25, 33, 40, 44]
[17, 18, 25, 33, 44]
[12, 17, 20, 39, 44]
[17, 18, 25, 40, 44]
[10, 18, 25, 31, 32]
[18, 25, 31, 32, 48]
[0, 10, 18, 31, 32]
[0, 14, 18, 31, 32]
[4, 18, 25, 31, 48]
[0, 5, 16, 22, 27]
[4, 5, 27, 37, 39]
[1, 16, 22, 27, 47]
[3, 7, 16, 37, 45]
[4, 18, 26, 31, 48]
[10, 15, 26, 31, 49]
[4, 7, 18, 26, 31]
[16, 27, 29, 37, 42]
[3, 16, 28, 37, 42]
[27, 28, 29, 37, 42]
[17, 22, 27, 28, 29]
[5, 27, 29, 37, 42]
[4, 7, 16, 37, 41]
[3, 16, 29, 37, 45]
[4, 18, 25, 26, 31]
[10, 18, 25, 26, 31]
[10, 16, 22, 34, 41]
[10, 16, 34, 35, 41]
[10, 25, 26, 31, 49]
[0, 10, 15, 31, 46]
[0, 7, 18, 26, 31]
[0, 7, 18, 31, 40]
[0, 5, 10, 18, 31]
[0, 5, 10, 31, 45]
[0, 5, 10, 31, 46]
[8, 16, 19, 27, 42]
[0, 15, 27, 31, 46]
[1, 16, 19, 27, 29]
[0, 16, 19, 27, 29]
[10, 16, 18, 25, 41]
[0, 10, 16, 22, 41]
[2, 7, 16, 35, 41]
[7, 16, 18, 35, 41]
[0, 7, 16, 18, 41]
[4, 16, 18, 25, 41]
[4, 7, 16, 18, 41]
[0, 5, 16, 22, 41]
[5, 10, 16, 22, 41]
[0, 5, 10, 16, 41]
[5, 10, 16, 18, 41]
[3, 16, 25, 29, 37]
[3, 16, 24, 37, 45]
[10, 18, 25, 30, 31]
[0, 18, 30, 31, 43]
[0, 30, 31, 43, 46]
[9, 30, 43, 46, 47]
[7, 8, 9, 11, 30]
[12, 17, 22, 27, 29]
[9, 12, 17, 27, 29]
[0, 5, 16, 27, 29]
[8, 11, 16, 27, 37]
[8, 16, 27, 37, 42]
[11, 16, 27, 29, 37]
[3, 16, 28, 29, 37]
[3, 16, 28, 37, 45]
[4, 5, 16, 37, 41]
[4, 16, 34, 37, 41]
[5, 16, 18, 43, 44]
[8, 9, 32, 44, 49]
[8, 25, 32, 44, 49]
[16, 24, 43, 44, 47]
[16, 24, 43, 44, 45]
[24, 28, 43, 44, 45]
[16, 24, 28, 43, 44]
[16, 28, 43, 44, 45]
[0, 7, 14, 18, 40]
[0, 7, 14, 18, 26]
[7, 8, 14, 18, 40]
[3, 7, 16, 22, 28]
[3, 7, 16, 28, 45]
[7, 16, 28, 37, 42]
[3, 7, 16, 28, 37]
[7, 16, 28, 37, 45]
[3, 16, 24, 28, 37]
[16, 24, 28, 37, 45]
[28, 32, 37, 39, 45]
[28, 32, 34, 37, 39]
[24, 28, 32, 37, 39]
[24, 28, 32, 34, 39]
[17, 24, 28, 33, 39]
[10, 25, 32, 41, 49]
[0, 27, 29, 31, 46]
[17, 27, 28, 29, 42]
[12, 17, 27, 28, 29]
[16, 27, 28, 29, 37]
[16, 27, 28, 29, 42]
[16, 22, 27, 28, 29]
[16, 28, 29, 37, 45]
[10, 13, 18, 23, 32]
[10, 18, 23, 25, 32]
[16, 24, 28, 34, 37]
[5, 21, 27, 29, 37]
[16, 28, 29, 37, 42]
[9, 14, 21, 32, 46]
[5, 16, 28, 29, 37]
[5, 16, 28, 29, 42]
[5, 16, 28, 29, 45]
[5, 16, 22, 28, 29]
[5, 16, 28, 29, 43]
[16, 28, 29, 43, 45]
[16, 28, 29, 42, 43]
[14, 18, 21, 32, 48]
[2, 8, 19, 40, 44]
[2, 8, 19, 42, 44]
[8, 18, 25, 32, 44]
[17, 20, 24, 39, 44]
[8, 18, 25, 40, 44]
[8, 25, 40, 44, 49]
[2, 8, 24, 32, 44]
[19, 29, 31, 36, 45]
[7, 8, 11, 20, 36]
[6, 7, 8, 11, 36]
[4, 7, 26, 31, 36]
[6, 8, 11, 25, 36]
[1, 6, 25, 36, 47]
[4, 25, 26, 36, 48]
[6, 11, 25, 36, 48]
[1, 6, 25, 36, 48]
[29, 31, 36, 43, 45]
[4, 25, 31, 36, 48]
[11, 25, 29, 36, 37]
[5, 29, 36, 43, 45]
[25, 26, 31, 36, 48]
[0, 23, 29, 30, 31]
[7, 14, 18, 23, 30]
[7, 14, 23, 30, 31]
[14, 18, 23, 30, 31]
[14, 23, 30, 31, 46]
[9, 14, 23, 30, 46]
[7, 9, 14, 23, 30]
[0, 14, 23, 30, 31]
[0, 14, 23, 30, 46]
[0, 14, 18, 23, 30]
[0, 7, 14, 23, 30]
[0, 14, 23, 30, 43]
[14, 18, 23, 30, 43]
[14, 23, 30, 31, 43]
[14, 23, 30, 43, 46]
[0, 14, 23, 31, 40]
[0, 14, 18, 23, 40]
[0, 14, 19, 30, 31]
[0, 14, 18, 30, 31]
[0, 7, 14, 30, 31]
[14, 18, 23, 31, 40]
[0, 14, 19, 31, 40]
[0, 14, 19, 31, 45]
[4, 25, 26, 31, 36]
[0, 19, 29, 30, 31]
[0, 7, 18, 30, 31]
[25, 26, 29, 31, 36]
[0, 7, 18, 23, 40]
[0, 18, 23, 31, 40]
[0, 23, 27, 31, 40]
[0, 15, 23, 27, 31]
[0, 23, 27, 29, 31]
[4, 5, 23, 31, 36]
[4, 5, 18, 23, 31]
[0, 10, 15, 23, 31]
[0, 10, 18, 23, 31]
[7, 16, 23, 36, 41]
[7, 8, 11, 30, 36]
[7, 11, 20, 30, 36]
[3, 7, 28, 30, 42]
[7, 8, 20, 30, 36]
[8, 11, 20, 30, 36]
[0, 14, 30, 31, 46]
[0, 7, 14, 31, 40]
[5, 16, 43, 44, 45]
[3, 8, 25, 36, 37]
[3, 25, 29, 36, 37]
[8, 11, 25, 36, 37]
[3, 29, 36, 37, 45]
[4, 18, 23, 26, 48]
[1, 16, 19, 29, 36]
[23, 29, 30, 31, 43]
[0, 18, 23, 30, 43]
[0, 23, 30, 31, 43]
[0, 10, 23, 30, 31]
[10, 23, 30, 31, 46]
[9, 23, 27, 40, 49]
[9, 23, 27, 29, 46]
[9, 23, 27, 29, 49]
[13, 15, 23, 37, 41]
[13, 23, 37, 39, 41]
[4, 23, 37, 39, 41]
[4, 18, 23, 38, 43]
[17, 24, 28, 39, 44]
[17, 18, 28, 40, 44]
[20, 24, 28, 44, 45]
[17, 20, 24, 28, 44]
[12, 17, 20, 28, 44]
[17, 20, 28, 39, 44]
[12, 17, 28, 39, 44]
[17, 28, 39, 40, 44]
[16, 18, 28, 43, 44]
[1, 16, 25, 44, 47]
[9, 23, 43, 44, 46]
[9, 14, 23, 43, 46]
[12, 17, 22, 28, 44]
[17, 28, 39, 42, 44]
[9, 23, 40, 44, 49]
[0, 7, 14, 23, 26]
[23, 25, 29, 31, 49]
[16, 24, 28, 34, 43]
[4, 7, 14, 23, 26]
[4, 7, 14, 23, 37]
[4, 7, 14, 18, 23]
[7, 14, 18, 23, 40]
[4, 14, 18, 23, 43]
[4, 18, 23, 25, 26]
[4, 7, 18, 23, 26]
[7, 14, 18, 23, 26]
[13, 15, 23, 27, 37]
[0, 23, 27, 29, 46]
[13, 23, 27, 37, 39]
[4, 23, 27, 37, 39]
[27, 28, 37, 39, 42]
[4, 23, 27, 38, 39]
[12, 17, 27, 28, 39]
[17, 27, 28, 39, 40]
[0, 14, 23, 43, 46]
[14, 18, 23, 26, 48]
[23, 25, 40, 44, 49]
[25, 33, 40, 44, 49]
[23, 25, 33, 40, 49]
[10, 15, 23, 26, 49]
[4, 18, 23, 25, 48]
[4, 18, 23, 25, 38]
[18, 23, 25, 40, 44]
[10, 13, 18, 23, 25]
[18, 23, 25, 26, 48]
[23, 33, 39, 40, 44]
[18, 23, 33, 40, 44]
[7, 8, 11, 36, 37]
[9, 23, 24, 43, 44]
[4, 23, 24, 37, 39]
[23, 25, 29, 36, 37]
[4, 23, 25, 26, 36]
[4, 23, 26, 36, 48]
[4, 7, 23, 26, 36]
[4, 23, 25, 36, 37]
[4, 7, 23, 36, 37]
[0, 18, 23, 38, 43]
[0, 10, 15, 23, 26]
[0, 10, 15, 23, 46]
[0, 10, 18, 23, 26]
[5, 29, 36, 37, 45]
[4, 5, 23, 37, 39]
[5, 28, 39, 42, 44]
[4, 5, 18, 23, 43]
[5, 13, 23, 37, 39]
[5, 10, 13, 18, 23]
[0, 5, 18, 23, 43]
[0, 5, 10, 18, 23]
[0, 5, 10, 23, 46]
[4, 5, 23, 36, 43]
[4, 5, 23, 36, 37]
[3, 7, 36, 37, 45]
[0, 10, 16, 18, 23]
[3, 7, 8, 36, 37]
[5, 23, 29, 36, 37]
[5, 23, 29, 36, 43]
[5, 23, 43, 44, 46]
[5, 28, 42, 43, 44]
[5, 18, 23, 43, 44]
[5, 10, 23, 31, 46]
[5, 10, 23, 31, 49]
[4, 23, 25, 31, 36]
[23, 25, 31, 36, 48]
[23, 25, 29, 31, 36]
[5, 23, 31, 36, 43]
[4, 26, 31, 36, 48]
[4, 18, 23, 31, 48]
[4, 18, 23, 26, 31]
[4, 23, 26, 31, 48]
[0, 18, 23, 31, 43]
[23, 29, 31, 36, 43]
[23, 29, 31, 43, 46]
[7, 18, 23, 31, 40]
[4, 23, 25, 31, 48]
[7, 18, 23, 26, 31]
[5, 18, 23, 31, 43]
[19, 33, 39, 41, 44]
[0, 7, 18, 23, 30]
[0, 18, 23, 30, 38]
[0, 5, 18, 23, 33]
[4, 5, 18, 23, 33]
[5, 6, 28, 33, 39]
[5, 28, 33, 39, 42]
[17, 28, 33, 39, 42]
[17, 18, 28, 33, 40]
[17, 18, 25, 26, 33]
[17, 20, 28, 33, 39]
[3, 28, 29, 30, 42]
[3, 28, 30, 33, 42]
[8, 18, 25, 30, 38]
[8, 13, 18, 25, 30]
[25, 33, 40, 44, 47]
[9, 17, 33, 40, 44]
[28, 29, 30, 43, 46]
[0, 18, 30, 38, 43]
[10, 13, 18, 25, 30]
[13, 18, 25, 30, 33]
[25, 30, 33, 36, 47]
[8, 11, 25, 30, 36]
[11, 25, 29, 30, 36]
[17, 21, 25, 26, 33]
[17, 18, 21, 25, 33]
[17, 21, 26, 33, 34]
[25, 26, 33, 36, 47]
[4, 25, 26, 33, 36]
[20, 33, 36, 45, 47]
[6, 25, 33, 36, 47]
[4, 6, 25, 33, 36]
[20, 30, 33, 36, 47]
[3, 7, 8, 30, 36]
[3, 8, 25, 30, 36]
[3, 25, 29, 30, 36]
[3, 25, 30, 33, 36]
[3, 17, 28, 33, 39]
[4, 5, 18, 31, 33]
[0, 5, 18, 31, 33]
[10, 15, 31, 32, 49]
[0, 14, 18, 31, 33]
[0, 14, 19, 31, 33]
[0, 14, 26, 31, 33]
[1, 25, 32, 36, 48]
[7, 8, 9, 14, 30]
[17, 28, 33, 39, 40]
[0, 14, 30, 31, 43]
[20, 24, 28, 33, 44]
[16, 28, 32, 34, 37]
[0, 14, 19, 33, 40]
[16, 29, 36, 37, 45]
[8, 11, 16, 36, 37]
[11, 16, 29, 36, 37]
[8, 16, 25, 36, 37]
[11, 16, 25, 36, 37]
[16, 25, 29, 36, 37]
[4, 16, 25, 36, 37]
[1, 16, 25, 36, 47]
[11, 16, 25, 29, 36]
[8, 11, 16, 25, 36]
[7, 8, 11, 16, 36]
[2, 7, 8, 16, 36]
[7, 8, 16, 36, 37]
[1, 16, 25, 29, 36]
[3, 8, 16, 25, 36]
[3, 16, 25, 29, 36]
[3, 16, 25, 36, 37]
[7, 11, 16, 36, 37]
[3, 7, 16, 36, 37]
[3, 8, 16, 36, 37]
[2, 8, 16, 19, 36]
[5, 8, 16, 36, 37]
[5, 16, 36, 43, 45]
[5, 16, 36, 37, 45]
[4, 5, 16, 36, 43]
[1, 5, 16, 29, 36]
[5, 16, 29, 36, 43]
[17, 18, 25, 41, 44]
[16, 36, 43, 45, 47]
[16, 29, 36, 43, 45]
[2, 16, 19, 29, 36]
[3, 16, 29, 36, 37]
[4, 7, 16, 36, 37]
[7, 16, 36, 37, 45]
[3, 16, 36, 37, 45]
[16, 32, 36, 37, 45]
[16, 25, 32, 36, 37]
[8, 16, 32, 36, 37]
[8, 25, 32, 36, 37]
[8, 16, 25, 32, 36]
[2, 8, 16, 32, 36]
[1, 16, 25, 32, 36]
[3, 16, 29, 36, 45]
[16, 19, 29, 36, 45]
[16, 19, 27, 29, 36]
[1, 16, 27, 29, 36]
[1, 19, 27, 29, 36]
[11, 16, 27, 29, 36]
[1, 16, 27, 32, 36]
[1, 16, 19, 27, 36]
[0, 1, 16, 19, 27]
[0, 1, 16, 27, 32]
[1, 16, 27, 36, 47]
[8, 16, 27, 32, 36]
[8, 16, 19, 27, 36]
[8, 11, 16, 27, 36]
[5, 8, 16, 27, 36]
[5, 16, 27, 29, 36]
[4, 5, 16, 27, 36]
[1, 5, 16, 27, 36]
[5, 16, 27, 36, 37]
[5, 16, 29, 36, 37]
[4, 5, 16, 36, 37]
[5, 16, 28, 37, 42]
[5, 16, 28, 37, 45]
[5, 16, 27, 28, 37]
[5, 16, 27, 37, 42]
[5, 16, 27, 29, 37]
[4, 5, 16, 27, 37]
[5, 8, 16, 27, 37]
[5, 16, 22, 27, 29]
[5, 16, 22, 27, 28]
[5, 16, 27, 28, 42]
[5, 16, 27, 28, 29]
[1, 5, 16, 27, 29]
[1, 5, 16, 22, 27]
[5, 16, 28, 42, 43]
[5, 16, 28, 43, 45]
[5, 16, 18, 28, 43]
[16, 24, 28, 32, 34]
[12, 17, 22, 27, 28]
[17, 27, 28, 39, 42]
[9, 14, 30, 43, 46]
[7, 9, 12, 14, 30]
[0, 14, 18, 30, 43]
[0, 14, 30, 43, 46]
[0, 14, 18, 32, 41]
[24, 32, 39, 44, 45]
[25, 31, 32, 36, 48]
[19, 29, 30, 31, 36]
[19, 27, 29, 31, 36]
[29, 30, 31, 36, 43]
[29, 30, 31, 43, 46]
[14, 18, 30, 31, 43]
[14, 30, 31, 43, 46]
[10, 15, 31, 32, 45]
[15, 27, 31, 32, 49]
[15, 27, 31, 32, 46]
[15, 23, 27, 32, 46]
[27, 28, 32, 37, 39]
[3, 7, 8, 14, 30]
[7, 8, 14, 18, 30]
[3, 7, 12, 14, 30]
[7, 12, 14, 22, 30]
[16, 24, 28, 32, 37]
[14, 19, 33, 39, 45]
[14, 19, 33, 39, 40]
[14, 19, 21, 33, 40]
[0, 10, 30, 41, 46]
[0, 14, 30, 41, 46]
[0, 14, 19, 33, 45]
[0, 14, 18, 30, 33]
[0, 3, 14, 30, 33]
[6, 24, 28, 33, 39]
[24, 28, 33, 39, 44]
[6, 17, 28, 33, 39]
[4, 14, 37, 39, 41]
[4, 7, 14, 37, 41]
[14, 19, 33, 39, 41]
[4, 14, 33, 39, 41]
[4, 33, 34, 39, 41]
[13, 33, 34, 39, 41]
[17, 33, 34, 39, 41]
[17, 20, 28, 33, 34]
[4, 16, 25, 37, 41]
[17, 28, 33, 34, 39]
[9, 17, 33, 34, 41]
[4, 5, 33, 39, 41]
[4, 5, 6, 33, 36]
[19, 31, 33, 36, 45]
[4, 5, 20, 33, 36]
[5, 20, 33, 36, 45]
[4, 5, 33, 36, 41]
[4, 5, 16, 36, 41]
[5, 16, 36, 37, 41]
[4, 7, 16, 36, 41]
[2, 7, 16, 36, 41]
[3, 17, 28, 33, 42]
[0, 3, 7, 14, 30]
[0, 7, 14, 22, 30]
[0, 7, 14, 18, 30]
[17, 27, 33, 39, 42]
[17, 27, 33, 39, 40]
[17, 21, 27, 33, 40]
[17, 27, 28, 33, 39]
[19, 27, 33, 39, 42]
[5, 8, 27, 37, 42]
[5, 8, 13, 27, 37]
[5, 27, 28, 37, 42]
[17, 27, 28, 33, 42]
[17, 27, 28, 33, 40]
[0, 19, 27, 33, 40]
[0, 14, 32, 41, 46]
[8, 13, 27, 32, 37]
[5, 27, 28, 37, 39]
[4, 7, 14, 18, 41]
[16, 27, 28, 37, 42]
[10, 13, 18, 30, 41]
[0, 7, 14, 22, 41]
[13, 18, 25, 30, 41]
[9, 14, 30, 41, 46]
[10, 18, 25, 30, 41]
[5, 27, 28, 33, 39]
[5, 27, 28, 33, 42]
[9, 17, 27, 33, 40]
[9, 17, 21, 27, 33]
[16, 28, 32, 37, 45]
[16, 27, 32, 36, 37]
[16, 27, 28, 32, 37]
[8, 16, 27, 32, 37]
[14, 32, 37, 39, 41]
[7, 14, 22, 30, 41]
[10, 25, 30, 41, 49]
[10, 13, 25, 30, 41]
[10, 16, 25, 32, 41]
[10, 22, 30, 41, 49]
[10, 16, 32, 34, 41]
[10, 16, 32, 35, 41]
[0, 10, 16, 32, 41]
[2, 16, 32, 35, 41]
[0, 10, 22, 30, 41]
[4, 14, 18, 33, 41]
[4, 5, 18, 33, 41]
[0, 5, 18, 33, 41]
[5, 33, 39, 44, 45]
[9, 13, 33, 34, 41]
[0, 18, 26, 31, 33]
[5, 20, 28, 33, 44]
[10, 32, 35, 41, 49]
[13, 15, 32, 37, 41]
[5, 13, 18, 33, 41]
[10, 32, 34, 35, 41]
[5, 28, 33, 39, 44]
[0, 19, 27, 29, 31]
[10, 32, 34, 41, 46]
[10, 15, 32, 41, 46]
[13, 32, 37, 39, 41]
[24, 28, 33, 44, 45]
[17, 24, 28, 33, 44]
[32, 34, 37, 39, 41]
[28, 33, 39, 42, 44]
[28, 33, 39, 44, 45]
[17, 28, 33, 39, 44]
[20, 28, 33, 39, 44]
[28, 33, 39, 40, 44]
[5, 33, 39, 41, 44]
[17, 33, 39, 41, 44]
[24, 28, 32, 39, 44]
[28, 32, 39, 44, 45]
[5, 33, 41, 44, 49]
[9, 33, 41, 44, 49]
[9, 17, 33, 41, 44]
[25, 33, 41, 44, 49]
[17, 25, 33, 41, 44]
[17, 28, 33, 40, 44]
[5, 16, 18, 28, 44]
[8, 16, 18, 25, 44]
[2, 8, 16, 42, 44]
[16, 27, 29, 36, 37]
[13, 32, 34, 37, 41]
[14, 19, 31, 33, 40]
[0, 5, 27, 31, 46]
[11, 27, 29, 36, 37]
[1, 5, 27, 29, 36]
[5, 27, 29, 36, 37]
[4, 5, 27, 33, 36]
[4, 5, 27, 36, 37]
[5, 8, 27, 36, 37]
[0, 14, 31, 33, 40]
[25, 31, 33, 40, 49]
[20, 28, 33, 44, 45]
[20, 33, 44, 45, 47]
[0, 19, 31, 33, 40]
[10, 25, 31, 32, 49]
[5, 16, 22, 28, 44]
[5, 28, 33, 44, 45]
[5, 28, 33, 42, 44]
[17, 28, 33, 42, 44]
[18, 25, 33, 40, 44]
[16, 18, 25, 32, 44]
[18, 25, 31, 33, 40]
[4, 18, 25, 31, 33]
[1, 16, 25, 32, 44]
[8, 16, 25, 32, 44]
[4, 25, 31, 33, 36]
[17, 18, 28, 33, 44]
[18, 28, 33, 40, 44]
[17, 20, 28, 33, 44]
[5, 27, 29, 31, 49]
[10, 31, 32, 34, 46]
[10, 15, 31, 32, 46]
[14, 18, 31, 32, 48]
[8, 9, 24, 32, 44]
[7, 14, 18, 30, 31]
[24, 28, 32, 44, 45]
[0, 15, 31, 32, 46]
[0, 14, 31, 32, 45]
[10, 15, 23, 31, 49]
[10, 15, 23, 41, 49]
[10, 13, 23, 39, 41]
[5, 23, 31, 43, 46]
[23, 25, 31, 40, 49]
[4, 16, 27, 36, 37]
[0, 19, 27, 31, 40]
[0, 15, 19, 27, 31]
[0, 5, 27, 29, 31]
[0, 27, 31, 32, 46]
[0, 14, 31, 32, 46]
[8, 16, 27, 36, 37]
[11, 16, 27, 36, 37]
[8, 27, 32, 36, 37]
[5, 27, 29, 31, 36]
[5, 27, 31, 33, 36]
[4, 5, 27, 31, 36]
[8, 11, 27, 36, 37]
[4, 5, 27, 31, 33]
[5, 27, 31, 33, 49]
[27, 31, 33, 40, 49]
[19, 27, 31, 33, 40]
[14, 18, 31, 33, 40]
[4, 14, 18, 31, 33]
[4, 18, 26, 31, 33]
[14, 18, 26, 31, 33]
[4, 14, 26, 31, 33]
[0, 14, 31, 33, 45]
[0, 19, 31, 33, 45]
[25, 26, 31, 33, 49]
[4, 26, 31, 33, 36]
[10, 16, 18, 32, 41]
[13, 25, 30, 33, 41]
[10, 25, 30, 31, 49]
[16, 32, 34, 35, 41]
[16, 32, 34, 37, 41]
[4, 5, 36, 37, 41]
[25, 30, 41, 44, 49]
[4, 7, 36, 37, 41]
[25, 26, 31, 33, 36]
[4, 25, 26, 31, 33]
[18, 25, 26, 31, 33]
[25, 30, 31, 33, 49]
[25, 30, 31, 33, 36]
[0, 29, 30, 31, 46]
[0, 10, 18, 30, 31]
[19, 30, 31, 33, 36]
[25, 29, 30, 31, 49]
[25, 29, 30, 31, 36]
[0, 15, 27, 31, 32]
[10, 23, 31, 32, 46]
[19, 27, 31, 33, 36]
[4, 27, 31, 33, 36]
[16, 18, 32, 35, 41]
[10, 18, 25, 32, 41]
[16, 25, 32, 37, 41]
[16, 18, 25, 32, 41]
[0, 19, 27, 31, 33]
[0, 5, 31, 33, 45]
[0, 5, 27, 31, 33]
[0, 18, 31, 33, 40]
[16, 25, 36, 37, 41]
[4, 16, 25, 36, 41]
[16, 25, 32, 36, 41]
[25, 32, 36, 37, 41]
[4, 25, 33, 36, 41]
[16, 32, 36, 37, 41]
[2, 16, 32, 36, 41]
[2, 16, 19, 36, 41]
[4, 16, 36, 37, 41]
[25, 30, 33, 36, 41]
[19, 30, 33, 36, 41]
[7, 9, 14, 30, 41]
[9, 13, 30, 33, 41]
[9, 14, 30, 33, 41]
[7, 14, 18, 30, 41]
[14, 19, 30, 33, 41]
[14, 18, 30, 33, 41]
[2, 16, 24, 32, 44]
[9, 30, 43, 44, 47]
[9, 17, 24, 33, 44]
[0, 27, 31, 33, 40]
[2, 8, 16, 24, 44]
[8, 16, 24, 32, 44]
[9, 32, 41, 44, 49]
[2, 16, 24, 44, 47]
[16, 24, 44, 45, 47]
[9, 32, 41, 44, 46]
[1, 16, 22, 44, 47]
[16, 24, 32, 44, 45]
[16, 24, 28, 32, 44]
[16, 24, 28, 44, 45]
[5, 16, 28, 44, 45]
[2, 16, 19, 42, 44]
[8, 16, 19, 42, 44]
[2, 8, 16, 19, 44]
[16, 28, 42, 43, 44]
[16, 28, 32, 44, 45]
[16, 18, 28, 32, 44]
[30, 43, 44, 46, 47]
[18, 28, 30, 43, 44]
[18, 28, 30, 33, 44]
[20, 28, 30, 33, 44]
[13, 18, 23, 30, 43]
[18, 23, 30, 38, 43]
[18, 23, 30, 43, 44]
[10, 13, 18, 23, 30]
[13, 18, 23, 30, 33]
[18, 23, 30, 33, 44]
[18, 23, 25, 30, 38]
[18, 23, 25, 30, 44]
[18, 23, 30, 31, 33]
[18, 23, 25, 30, 33]
[14, 18, 23, 30, 33]
[0, 18, 23, 30, 33]
[13, 18, 23, 25, 30]
[10, 18, 23, 25, 30]
[0, 10, 18, 23, 30]
[10, 18, 23, 30, 31]
[18, 23, 25, 30, 31]
[7, 18, 23, 30, 31]
[18, 25, 30, 33, 44]
[8, 18, 25, 30, 44]
[20, 30, 33, 44, 49]
[5, 16, 28, 42, 44]
[4, 16, 23, 25, 36]
[23, 25, 26, 31, 36]
[0, 10, 23, 31, 46]
[0, 14, 23, 31, 43]
[0, 7, 14, 23, 31]
[0, 14, 23, 31, 46]
[4, 16, 23, 25, 37]
[5, 16, 28, 43, 44]
[8, 16, 18, 32, 44]
[4, 16, 23, 27, 37]
[4, 7, 16, 23, 37]
[23, 27, 29, 36, 37]
[5, 23, 27, 36, 37]
[16, 23, 27, 36, 37]
[16, 23, 29, 36, 37]
[23, 26, 29, 31, 36]
[4, 14, 18, 23, 26]
[4, 14, 18, 23, 48]
[23, 29, 30, 31, 36]
[4, 14, 18, 23, 31]
[4, 14, 23, 26, 31]
[5, 16, 23, 29, 36]
[18, 23, 26, 31, 48]
[7, 9, 14, 23, 40]
[4, 14, 23, 37, 39]
[4, 14, 23, 26, 48]
[4, 14, 23, 33, 39]
[4, 14, 23, 26, 33]
[9, 23, 30, 43, 46]
[23, 30, 43, 44, 46]
[23, 29, 30, 31, 46]
[5, 13, 23, 27, 37]
[8, 9, 30, 44, 49]
[9, 13, 23, 30, 43]
[7, 16, 23, 36, 37]
[16, 23, 29, 36, 43]
[10, 16, 18, 23, 25]
[16, 23, 25, 29, 37]
[16, 23, 27, 29, 37]
[4, 7, 16, 23, 36]
[10, 23, 25, 30, 49]
[10, 13, 23, 25, 30]
[9, 30, 43, 44, 46]
[23, 25, 33, 40, 44]
[16, 23, 24, 43, 44]
[0, 10, 16, 23, 32]
[0, 10, 15, 23, 32]
[0, 10, 23, 32, 46]
[0, 15, 23, 32, 46]
[16, 23, 24, 32, 44]
[16, 23, 25, 32, 44]
[0, 14, 23, 30, 33]
[0, 14, 23, 26, 33]
[0, 14, 23, 33, 40]
[0, 23, 27, 33, 40]
[5, 16, 23, 29, 37]
[16, 23, 25, 32, 37]
[10, 16, 23, 25, 32]
[5, 16, 23, 29, 43]
[4, 5, 16, 23, 43]
[0, 7, 14, 23, 40]
[10, 13, 23, 32, 39]
[9, 23, 29, 30, 43]
[9, 23, 30, 43, 44]
[28, 30, 42, 43, 44]
[28, 30, 43, 44, 46]
[28, 30, 33, 42, 44]
[19, 30, 33, 42, 44]
[20, 30, 33, 44, 47]
[9, 30, 33, 44, 49]
[9, 30, 33, 44, 47]
[9, 23, 30, 33, 44]
[9, 23, 30, 33, 49]
[8, 19, 30, 42, 44]
[16, 23, 25, 29, 36]
[16, 23, 25, 36, 37]
[23, 25, 29, 30, 36]
[23, 25, 30, 31, 36]
[14, 23, 31, 43, 46]
[4, 16, 23, 36, 43]
[4, 16, 23, 36, 37]
[23, 29, 30, 36, 43]
[12, 20, 28, 30, 44]
[12, 22, 28, 30, 44]
[0, 23, 29, 31, 43]
[0, 15, 23, 27, 46]
[0, 23, 27, 38, 46]
[0, 14, 23, 26, 31]
[4, 16, 18, 23, 43]
[8, 20, 30, 44, 49]
[5, 16, 23, 43, 44]
[0, 14, 30, 33, 41]
[0, 14, 19, 33, 41]
[9, 30, 33, 41, 44]
[19, 30, 33, 41, 44]
[30, 33, 41, 44, 49]
[23, 33, 41, 44, 49]
[9, 23, 33, 41, 44]
[0, 10, 15, 23, 41]
[0, 10, 16, 23, 41]
[0, 7, 16, 23, 41]
[0, 16, 23, 32, 41]
[0, 7, 14, 23, 41]
[0, 14, 23, 41, 46]
[0, 14, 23, 33, 41]
[0, 14, 23, 30, 41]
[0, 10, 23, 41, 46]
[0, 14, 22, 30, 41]
[7, 16, 23, 37, 41]
[4, 16, 23, 37, 41]
[16, 23, 36, 37, 41]
[7, 14, 23, 37, 41]
[4, 14, 23, 37, 41]
[14, 23, 37, 39, 41]
[4, 7, 14, 23, 41]
[4, 14, 23, 39, 41]
[4, 23, 27, 31, 33]
[23, 27, 31, 33, 40]
[14, 23, 26, 31, 48]
[7, 14, 23, 26, 31]
[7, 14, 23, 31, 40]
[4, 14, 23, 31, 48]
[4, 7, 14, 23, 31]
[4, 14, 23, 31, 43]
[4, 7, 16, 18, 23]
[4, 16, 23, 36, 41]
[4, 23, 25, 33, 36]
[23, 25, 26, 33, 36]
[8, 25, 30, 44, 49]
[23, 25, 30, 44, 49]
[7, 23, 36, 37, 41]
[4, 23, 36, 37, 41]
[7, 23, 30, 36, 41]
[16, 23, 25, 36, 41]
[23, 25, 30, 36, 41]
[10, 23, 25, 41, 49]
[7, 23, 30, 41, 49]
[5, 16, 23, 36, 41]
[5, 16, 23, 36, 37]
[23, 26, 31, 36, 48]
[7, 23, 26, 31, 36]
[4, 23, 26, 31, 36]
[7, 23, 30, 31, 36]
[23, 27, 29, 31, 36]
[16, 23, 27, 29, 36]
[5, 23, 27, 29, 36]
[23, 25, 33, 36, 41]
[23, 27, 29, 31, 49]
[23, 25, 41, 44, 49]
[9, 23, 41, 44, 49]
[10, 13, 23, 25, 41]
[14, 18, 23, 31, 48]
[14, 18, 23, 31, 43]
[7, 14, 18, 23, 41]
[7, 14, 18, 23, 31]
[0, 14, 18, 23, 41]
[0, 14, 18, 23, 43]
[10, 15, 23, 41, 46]
[7, 9, 23, 41, 49]
[13, 23, 25, 37, 41]
[5, 10, 23, 39, 41]
[5, 23, 37, 39, 41]
[5, 10, 23, 41, 46]
[10, 23, 30, 31, 49]
[9, 23, 33, 44, 49]
[23, 33, 40, 44, 49]
[9, 23, 33, 40, 44]
[9, 23, 24, 33, 44]
[23, 24, 33, 39, 44]
[9, 14, 23, 33, 40]
[14, 23, 33, 39, 40]
[14, 18, 23, 26, 33]
[14, 18, 23, 33, 40]
[9, 23, 33, 40, 49]
[9, 13, 23, 27, 33]
[23, 26, 31, 33, 36]
[23, 26, 31, 33, 49]
[23, 27, 33, 40, 49]
[23, 31, 33, 40, 49]
[14, 18, 23, 26, 31]
[0, 14, 18, 23, 31]
[14, 18, 23, 31, 32]
[4, 7, 18, 23, 31]
[9, 14, 23, 33, 41]
[10, 18, 23, 26, 31]
[4, 23, 26, 31, 33]
[4, 23, 31, 33, 36]
[0, 23, 31, 33, 40]
[0, 23, 26, 31, 33]
[5, 23, 29, 31, 36]
[0, 5, 16, 23, 43]
[15, 23, 27, 32, 49]
[15, 23, 27, 32, 37]
[13, 15, 23, 27, 32]
[5, 23, 27, 29, 37]
[0, 5, 16, 23, 29]
[10, 15, 23, 32, 49]
[9, 14, 23, 32, 46]
[16, 23, 27, 32, 36]
[23, 27, 32, 36, 37]
[13, 23, 27, 32, 37]
[16, 23, 27, 32, 37]
[23, 27, 32, 37, 39]
[13, 23, 27, 32, 39]
[16, 23, 25, 32, 36]
[4, 16, 23, 27, 36]
[4, 5, 16, 18, 23]
[16, 23, 32, 36, 37]
[10, 23, 26, 31, 49]
[2, 16, 19, 41, 44]
[14, 23, 30, 41, 46]
[18, 23, 32, 41, 44]
[14, 23, 32, 41, 46]
[14, 18, 23, 30, 41]
[7, 18, 23, 30, 41]
[18, 23, 30, 41, 44]
[7, 16, 18, 23, 41]
[16, 18, 23, 41, 44]
[16, 18, 23, 43, 44]
[4, 14, 18, 23, 41]
[10, 23, 30, 41, 46]
[4, 7, 23, 37, 41]
[4, 5, 23, 37, 41]
[4, 5, 16, 23, 37]
[0, 5, 23, 33, 41]
[13, 23, 33, 39, 41]
[4, 14, 18, 23, 33]
[14, 18, 23, 33, 41]
[23, 33, 39, 41, 44]
[14, 23, 33, 39, 41]
[4, 14, 23, 33, 41]
[9, 14, 23, 30, 33]
[4, 23, 26, 33, 36]
[4, 23, 33, 36, 41]
[4, 5, 23, 33, 36]
[4, 5, 23, 33, 41]
[9, 13, 23, 33, 41]
[9, 23, 33, 41, 49]
[9, 13, 23, 30, 33]
[23, 30, 33, 44, 49]
[23, 30, 33, 41, 44]
[23, 30, 33, 36, 41]
[10, 15, 23, 26, 31]
[15, 23, 26, 31, 49]
[10, 15, 23, 31, 46]
[23, 29, 30, 31, 49]
[4, 5, 23, 27, 37]
[9, 23, 27, 33, 40]
[9, 23, 27, 33, 49]
[4, 5, 23, 27, 33]
[4, 5, 23, 27, 39]
[4, 18, 23, 25, 41]
[18, 23, 25, 31, 48]
[18, 23, 25, 31, 40]
[0, 10, 18, 23, 32]
[0, 10, 18, 23, 41]
[0, 16, 18, 23, 43]
[5, 16, 23, 27, 36]
[5, 23, 27, 29, 46]
[23, 25, 33, 44, 49]
[25, 30, 33, 44, 47]
[23, 25, 30, 33, 44]
[25, 30, 33, 44, 49]
[23, 25, 33, 41, 44]
[23, 25, 32, 37, 41]
[10, 18, 23, 31, 32]
[10, 18, 23, 25, 31]
[10, 16, 18, 23, 32]
[18, 23, 25, 26, 31]
[10, 18, 23, 25, 41]
[7, 9, 23, 30, 41]
[9, 14, 23, 30, 41]
[7, 14, 23, 30, 41]
[0, 16, 23, 27, 29]
[0, 7, 14, 18, 23]
[0, 23, 27, 32, 46]
[0, 15, 23, 27, 32]
[13, 23, 25, 32, 37]
[23, 25, 32, 36, 48]
[23, 25, 32, 36, 37]
[4, 23, 27, 36, 37]
[16, 23, 24, 32, 37]
[0, 16, 23, 27, 32]
[5, 13, 23, 27, 39]
[5, 16, 23, 27, 29]
[5, 16, 23, 27, 37]
[0, 5, 16, 23, 27]
[0, 5, 23, 27, 46]
[0, 5, 23, 27, 29]
[5, 23, 27, 37, 39]
[5, 23, 27, 29, 49]
[0, 14, 18, 23, 26]
[5, 16, 18, 23, 44]
[16, 18, 23, 32, 44]
[14, 18, 23, 32, 48]
[18, 23, 25, 32, 48]
[4, 5, 23, 27, 36]
[18, 23, 25, 33, 44]
[5, 23, 33, 39, 44]
[23, 25, 26, 33, 49]
[5, 13, 23, 33, 39]
[5, 23, 27, 33, 39]
[10, 23, 25, 32, 49]
[0, 7, 16, 18, 23]
[18, 23, 25, 26, 33]
[4, 23, 24, 33, 39]
[5, 16, 18, 23, 43]
[5, 10, 16, 18, 23]
[4, 5, 16, 23, 27]
[23, 27, 33, 39, 40]
[13, 23, 27, 33, 39]
[5, 23, 27, 33, 49]
[13, 18, 23, 25, 33]
[16, 18, 23, 25, 32]
[13, 18, 23, 25, 32]
[18, 23, 25, 32, 44]
[10, 13, 23, 25, 32]
[10, 23, 25, 26, 31]
[23, 25, 26, 31, 48]
[23, 25, 26, 31, 49]
[5, 16, 23, 37, 41]
[23, 25, 32, 44, 49]
[10, 16, 23, 32, 41]
[16, 23, 32, 37, 41]
[16, 23, 32, 36, 41]
[16, 23, 25, 32, 41]
[23, 25, 32, 41, 49]
[10, 23, 25, 32, 41]
[13, 23, 25, 32, 41]
[23, 25, 32, 41, 44]
[25, 32, 41, 44, 49]
[16, 25, 32, 41, 44]
[16, 18, 23, 25, 44]
[4, 16, 18, 23, 25]
[0, 5, 16, 18, 23]
[0, 18, 23, 33, 40]
[5, 13, 18, 23, 33]
[0, 14, 18, 23, 33]
[0, 5, 23, 27, 33]
[5, 23, 27, 33, 36]
[5, 13, 23, 27, 33]
[5, 23, 33, 44, 49]
[4, 23, 27, 33, 39]
[13, 23, 25, 30, 33]
[4, 23, 27, 33, 36]
[4, 18, 23, 26, 33]
[15, 23, 27, 31, 49]
[23, 25, 30, 33, 49]
[5, 18, 23, 33, 44]
[5, 18, 28, 33, 44]
[23, 25, 30, 33, 36]
[0, 23, 29, 31, 46]
[0, 16, 18, 23, 32]
[9, 23, 32, 44, 46]
[9, 23, 24, 32, 44]
[0, 14, 23, 32, 46]
[10, 23, 24, 32, 39]
[23, 24, 32, 37, 39]
[13, 23, 32, 37, 39]
[13, 15, 23, 32, 37]
[14, 23, 32, 37, 39]
[10, 15, 23, 32, 46]
[10, 13, 15, 23, 32]
[10, 16, 23, 24, 32]
[9, 23, 32, 44, 49]
[0, 14, 18, 23, 32]
[23, 24, 32, 39, 44]
[23, 25, 31, 32, 48]
[4, 18, 23, 25, 31]
[0, 14, 18, 33, 41]
[9, 23, 41, 44, 46]
[9, 30, 41, 44, 46]
[4, 23, 25, 37, 41]
[10, 13, 18, 23, 41]
[10, 23, 25, 30, 41]
[9, 23, 30, 41, 44]
[0, 14, 19, 30, 41]
[0, 18, 23, 32, 41]
[0, 7, 18, 23, 31]
[0, 18, 23, 26, 31]
[18, 23, 26, 31, 33]
[18, 23, 25, 31, 33]
[23, 27, 31, 40, 49]
[10, 23, 32, 39, 41]
[5, 23, 33, 39, 41]
[5, 23, 33, 36, 41]
[5, 23, 29, 31, 46]
[5, 23, 27, 29, 31]
[4, 5, 23, 36, 41]
[5, 18, 23, 33, 41]
[14, 23, 30, 33, 41]
[13, 23, 30, 33, 41]
[23, 25, 30, 33, 41]
[13, 23, 25, 33, 41]
[10, 16, 23, 25, 41]
[10, 18, 23, 30, 41]
[10, 16, 18, 23, 41]
[10, 23, 32, 41, 46]
[10, 15, 23, 32, 41]
[10, 13, 23, 32, 41]
[10, 23, 32, 41, 49]
[10, 18, 23, 32, 41]
[4, 16, 23, 25, 41]
[4, 7, 16, 23, 41]
[16, 23, 25, 37, 41]
[13, 18, 23, 25, 41]
[13, 18, 23, 32, 41]
[18, 23, 25, 30, 41]
[16, 18, 23, 25, 41]
[4, 16, 18, 23, 41]
[23, 32, 36, 37, 41]
[5, 23, 36, 37, 41]
[5, 10, 23, 41, 49]
[5, 10, 16, 23, 41]
[4, 5, 16, 23, 41]
[0, 5, 10, 23, 41]
[0, 5, 16, 23, 41]
[15, 23, 32, 41, 49]
[15, 23, 32, 37, 41]
[5, 13, 23, 37, 41]
[5, 23, 33, 41, 44]
[5, 23, 33, 41, 49]
[5, 10, 13, 23, 41]
[5, 23, 41, 44, 49]
[5, 23, 39, 41, 44]
[5, 16, 23, 41, 44]
[5, 16, 22, 41, 44]
[5, 23, 41, 44, 46]
[5, 10, 18, 23, 41]
[5, 13, 23, 33, 41]
[0, 10, 18, 30, 41]
[13, 18, 23, 33, 41]
[4, 18, 23, 33, 41]
[4, 7, 18, 23, 41]
[0, 16, 18, 23, 41]
[17, 18, 33, 41, 44]
[23, 25, 33, 41, 49]
[9, 23, 32, 41, 46]
[23, 32, 37, 39, 41]
[4, 23, 33, 39, 41]
[4, 23, 25, 33, 41]
[18, 23, 33, 41, 44]
[5, 18, 33, 41, 44]
[18, 23, 25, 32, 41]
[16, 18, 23, 32, 41]
[16, 18, 32, 41, 44]
[18, 25, 32, 41, 44]
[13, 23, 32, 39, 41]
[13, 23, 32, 37, 41]
[23, 30, 41, 44, 46]
[18, 23, 31, 32, 48]
[9, 23, 32, 41, 44]
[2, 16, 32, 41, 44]
[16, 23, 32, 41, 44]
[23, 32, 39, 41, 44]
[2, 32, 41, 44, 46]
[23, 32, 41, 44, 46]
[23, 32, 41, 44, 49]
[14, 23, 32, 39, 41]
[14, 18, 23, 32, 41]
[0, 10, 23, 32, 41]
[0, 18, 23, 31, 32]
[0, 14, 23, 32, 41]
[14, 23, 32, 37, 41]
[0, 10, 23, 31, 32]
[0, 15, 23, 31, 32]
[0, 23, 27, 31, 32]
[0, 23, 31, 32, 46]
[18, 23, 25, 31, 32]
[23, 27, 31, 32, 49]
[23, 27, 31, 33, 36]
[10, 23, 31, 32, 49]
[15, 23, 31, 32, 49]
[15, 23, 27, 31, 32]
[23, 27, 31, 32, 36]
[10, 23, 25, 31, 32]
[23, 25, 31, 32, 36]
[23, 25, 31, 32, 49]
[15, 23, 31, 32, 46]
[14, 23, 31, 32, 46]
[14, 23, 31, 32, 48]
[23, 31, 32, 36, 48]
[10, 15, 23, 31, 32]
[0, 14, 23, 31, 32]
[23, 25, 29, 30, 31]
[16, 23, 25, 41, 44]
[4, 23, 25, 26, 31]
[23, 27, 29, 31, 46]
[5, 23, 27, 31, 36]
[5, 23, 27, 31, 46]
[15, 23, 27, 31, 46]
[4, 23, 27, 31, 36]
[4, 5, 23, 27, 31]
[5, 23, 27, 31, 49]
[23, 27, 31, 32, 46]
[7, 23, 26, 31, 49]
[18, 23, 25, 41, 44]
[16, 18, 25, 41, 44]
[18, 25, 30, 41, 44]
[0, 7, 14, 18, 41]
[0, 14, 18, 30, 41]
[0, 5, 18, 23, 31]
[23, 30, 41, 44, 49]
[22, 30, 41, 44, 49]
[0, 7, 14, 30, 41]
[0, 23, 27, 31, 46]
[0, 23, 26, 29, 31]
[0, 7, 23, 26, 31]
[0, 10, 23, 26, 31]
[4, 7, 23, 26, 31]
[0, 15, 23, 26, 31]
[23, 25, 30, 41, 44]
[23, 26, 29, 31, 49]
[23, 25, 30, 31, 49]
[10, 23, 25, 30, 31]
[10, 23, 25, 31, 49]
[5, 18, 23, 41, 44]
[5, 10, 18, 23, 31]
[0, 5, 10, 23, 31]
[14, 23, 26, 31, 33]
[14, 23, 31, 33, 40]
[4, 14, 23, 31, 33]
[5, 23, 27, 31, 33]
[5, 23, 31, 33, 36]
[4, 5, 23, 31, 33]
[5, 16, 18, 41, 44]
[5, 18, 23, 31, 33]
[14, 18, 23, 31, 33]
[23, 30, 31, 33, 36]
[14, 23, 30, 31, 33]
[23, 25, 31, 33, 36]
[23, 25, 26, 31, 33]
[4, 23, 25, 31, 33]
[23, 25, 30, 31, 33]
[23, 25, 31, 33, 40]
[18, 30, 33, 41, 44]
[5, 23, 31, 33, 49]
[23, 27, 31, 33, 49]
[0, 5, 23, 31, 46]
[0, 5, 23, 27, 31]
[23, 25, 31, 33, 49]
[0, 23, 27, 31, 33]
[0, 14, 23, 31, 33]
[0, 18, 23, 31, 33]
[0, 23, 30, 31, 33]
[0, 5, 23, 31, 33]
[0, 5, 23, 31, 43]
[18, 25, 33, 41, 44]
[25, 30, 33, 41, 44]
[23, 30, 31, 33, 49]
[5, 23, 29, 31, 49]
