[11, 62]
[4, 62]
[1, 62]
[5, 62]
[6, 62]
[7, 62]
[12, 62]
[17, 62]
[20, 62]
[22, 62]
[23, 62]
[24, 62]
[25, 62]
[26, 62]
[28, 62]
[33, 62]
[34, 62]
[36, 62]
[37, 62]
[41, 62]
[42, 62]
[43, 62]
[45, 62]
[46, 62]
[47, 62]
[49, 62]
[50, 62]
[52, 62]
[53, 62]
[54, 62]
[55, 62]
[59, 62]
[60, 62]
[61, 62]
[4, 10]
[3, 10]
[2, 10]
[6, 10]
[7, 10]
[1, 3]
[2, 5]
[4, 5]
[2, 7]
[1, 7]
[6, 7]
[3, 6]
[2, 6]
[1, 6]
[4, 6]
[10, 12]
[4, 12]
[9, 57]
[3, 57]
[3, 11]
[2, 11]
[1, 11]
[11, 18]
[11, 38]
[8, 11]
[4, 11]
[5, 11]
[7, 11]
[11, 36]
[11, 12]
[11, 40]
[11, 15]
[11, 30]
[11, 59]
[11, 28]
[11, 24]
[11, 33]
[11, 51]
[11, 45]
[11, 44]
[5, 6]
[6, 12]
[2, 57]
[11, 21]
[11, 60]
[11, 53]
[11, 49]
[11, 25]
[11, 46]
[11, 20]
[0, 11]
[11, 64]
[11, 63]
[18, 57]
[3, 18]
[4, 18]
[1, 18]
[6, 18]
[18, 36]
[17, 18]
[18, 27]
[14, 18]
[18, 19]
[18, 35]
[18, 59]
[18, 28]
[18, 52]
[18, 26]
[18, 24]
[18, 33]
[18, 58]
[18, 51]
[13, 18]
[18, 48]
[18, 21]
[16, 18]
[18, 39]
[9, 23]
[6, 23]
[10, 23]
[2, 23]
[7, 23]
[8, 23]
[23, 57]
[23, 56]
[23, 27]
[23, 30]
[14, 23]
[23, 40]
[23, 31]
[23, 35]
[23, 59]
[23, 28]
[23, 52]
[23, 24]
[10, 29]
[1, 29]
[6, 29]
[12, 36]
[9, 61]
[3, 61]
[3, 9]
[4, 9]
[2, 9]
[7, 57]
[6, 9]
[36, 57]
[8, 57]
[12, 57]
[8, 9]
[2, 8]
[9, 29]
[15, 56]
[8, 15]
[7, 15]
[5, 15]
[10, 15]
[3, 15]
[15, 17]
[15, 57]
[15, 27]
[15, 30]
[15, 19]
[5, 38]
[6, 38]
[7, 38]
[8, 38]
[12, 38]
[17, 38]
[38, 56]
[7, 36]
[9, 32]
[10, 32]
[2, 32]
[4, 32]
[6, 32]
[29, 32]
[12, 32]
[17, 32]
[32, 57]
[27, 32]
[15, 32]
[32, 59]
[32, 52]
[32, 33]
[13, 32]
[32, 45]
[21, 32]
[16, 32]
[32, 39]
[3, 36]
[1, 36]
[9, 12]
[1, 8]
[9, 36]
[9, 31]
[3, 31]
[5, 31]
[1, 31]
[10, 31]
[7, 31]
[31, 36]
[8, 31]
[31, 57]
[30, 31]
[31, 40]
[6, 36]
[9, 40]
[6, 40]
[8, 12]
[5, 8]
[2, 13]
[1, 13]
[4, 8]
[6, 8]
[10, 13]
[8, 13]
[5, 13]
[7, 8]
[8, 36]
[4, 17]
[1, 17]
[6, 17]
[17, 36]
[9, 56]
[2, 56]
[1, 56]
[3, 56]
[6, 56]
[29, 56]
[12, 56]
[56, 57]
[9, 27]
[10, 27]
[1, 27]
[5, 27]
[10, 19]
[19, 29]
[19, 36]
[19, 57]
[19, 56]
[19, 27]
[19, 38]
[19, 31]
[10, 40]
[3, 40]
[7, 40]
[36, 40]
[40, 57]
[40, 56]
[27, 40]
[7, 27]
[25, 34]
[21, 34]
[19, 34]
[7, 34]
[4, 34]
[34, 36]
[17, 34]
[34, 38]
[30, 34]
[31, 34]
[34, 35]
[34, 52]
[34, 41]
[34, 47]
[34, 48]
[34, 45]
[34, 39]
[18, 34]
[34, 60]
[34, 54]
[34, 50]
[5, 30]
[2, 30]
[12, 30]
[29, 30]
[30, 38]
[17, 30]
[27, 29]
[27, 36]
[10, 48]
[27, 57]
[27, 56]
[30, 57]
[30, 56]
[9, 14]
[3, 14]
[5, 14]
[4, 13]
[9, 13]
[6, 13]
[1, 14]
[6, 14]
[7, 14]
[14, 29]
[8, 14]
[14, 57]
[14, 27]
[14, 38]
[14, 30]
[12, 35]
[3, 35]
[10, 35]
[2, 35]
[6, 35]
[35, 36]
[8, 35]
[35, 57]
[35, 56]
[27, 35]
[35, 38]
[30, 35]
[14, 35]
[35, 40]
[19, 35]
[9, 59]
[3, 59]
[5, 59]
[10, 42]
[2, 42]
[19, 42]
[4, 42]
[3, 42]
[6, 42]
[8, 42]
[17, 42]
[42, 56]
[14, 42]
[42, 59]
[26, 42]
[23, 42]
[22, 42]
[42, 47]
[37, 42]
[13, 42]
[39, 42]
[18, 42]
[25, 42]
[42, 55]
[42, 50]
[42, 46]
[42, 43]
[10, 44]
[2, 44]
[4, 44]
[29, 44]
[17, 44]
[44, 57]
[44, 56]
[14, 44]
[40, 44]
[31, 44]
[19, 44]
[35, 44]
[44, 59]
[28, 44]
[41, 44]
[44, 58]
[13, 44]
[2, 59]
[19, 59]
[29, 59]
[36, 59]
[17, 59]
[38, 59]
[14, 59]
[15, 59]
[35, 59]
[10, 28]
[1, 28]
[57, 58]
[10, 60]
[2, 60]
[4, 60]
[6, 60]
[7, 60]
[29, 60]
[9, 60]
[17, 60]
[56, 60]
[30, 60]
[31, 60]
[15, 60]
[35, 60]
[28, 60]
[52, 60]
[23, 60]
[22, 60]
[47, 60]
[33, 60]
[51, 60]
[45, 60]
[39, 60]
[60, 61]
[10, 58]
[2, 58]
[5, 58]
[4, 58]
[6, 58]
[29, 58]
[9, 58]
[17, 58]
[27, 58]
[38, 58]
[30, 58]
[14, 58]
[40, 58]
[31, 58]
[15, 58]
[35, 58]
[28, 58]
[26, 58]
[24, 58]
[23, 58]
[47, 58]
[2, 28]
[7, 28]
[5, 28]
[3, 28]
[9, 28]
[6, 28]
[13, 45]
[13, 14]
[14, 37]
[7, 37]
[7, 33]
[2, 33]
[13, 17]
[13, 57]
[13, 23]
[19, 37]
[13, 48]
[37, 59]
[36, 37]
[12, 37]
[9, 37]
[2, 37]
[9, 25]
[25, 44]
[6, 25]
[4, 25]
[25, 29]
[25, 36]
[1, 25]
[25, 56]
[25, 40]
[14, 25]
[23, 25]
[25, 27]
[15, 25]
[3, 25]
[25, 60]
[25, 52]
[24, 25]
[25, 64]
[20, 25]
[25, 46]
[30, 37]
[37, 57]
[27, 37]
[37, 38]
[29, 47]
[3, 37]
[10, 37]
[9, 22]
[5, 22]
[13, 27]
[10, 22]
[22, 57]
[33, 57]
[12, 33]
[1, 22]
[13, 15]
[15, 22]
[13, 38]
[13, 30]
[13, 41]
[13, 39]
[13, 26]
[13, 33]
[13, 43]
[13, 49]
[13, 50]
[13, 61]
[13, 55]
[14, 16]
[9, 16]
[16, 19]
[10, 52]
[10, 16]
[10, 47]
[10, 24]
[14, 22]
[16, 36]
[22, 36]
[3, 22]
[22, 23]
[22, 27]
[33, 56]
[22, 30]
[22, 37]
[14, 52]
[7, 52]
[29, 33]
[36, 52]
[52, 56]
[12, 52]
[52, 59]
[19, 52]
[1, 33]
[5, 52]
[10, 20]
[38, 52]
[27, 52]
[15, 52]
[37, 52]
[5, 47]
[47, 56]
[2, 47]
[35, 47]
[47, 57]
[3, 47]
[22, 47]
[15, 47]
[37, 47]
[47, 52]
[12, 24]
[24, 56]
[24, 36]
[2, 24]
[6, 24]
[8, 24]
[5, 24]
[24, 31]
[24, 38]
[14, 24]
[3, 24]
[15, 24]
[24, 37]
[24, 52]
[24, 47]
[12, 16]
[4, 16]
[16, 59]
[2, 16]
[16, 35]
[16, 31]
[16, 58]
[16, 38]
[16, 57]
[16, 27]
[16, 22]
[15, 16]
[16, 37]
[12, 64]
[62, 64]
[42, 64]
[18, 64]
[59, 64]
[19, 64]
[2, 64]
[32, 64]
[35, 64]
[5, 64]
[40, 64]
[31, 64]
[17, 64]
[57, 64]
[23, 64]
[30, 64]
[14, 64]
[22, 64]
[16, 64]
[20, 47]
[20, 34]
[10, 33]
[33, 59]
[10, 46]
[20, 64]
[20, 44]
[4, 20]
[20, 36]
[1, 20]
[20, 56]
[20, 35]
[20, 31]
[20, 60]
[3, 20]
[14, 20]
[20, 24]
[15, 20]
[20, 37]
[9, 46]
[5, 46]
[18, 46]
[46, 56]
[36, 46]
[32, 46]
[29, 46]
[4, 46]
[46, 59]
[19, 46]
[2, 46]
[31, 46]
[46, 58]
[46, 57]
[23, 46]
[14, 46]
[27, 46]
[24, 46]
[22, 46]
[37, 46]
[20, 46]
[9, 53]
[32, 53]
[7, 53]
[4, 53]
[12, 53]
[36, 53]
[1, 53]
[53, 59]
[35, 53]
[5, 53]
[31, 53]
[53, 58]
[25, 53]
[23, 53]
[38, 53]
[30, 53]
[14, 53]
[52, 53]
[47, 53]
[16, 53]
[53, 64]
[46, 53]
[9, 63]
[18, 63]
[62, 63]
[34, 63]
[7, 63]
[32, 63]
[38, 63]
[8, 63]
[5, 63]
[40, 63]
[58, 63]
[60, 63]
[17, 63]
[25, 63]
[57, 63]
[3, 63]
[27, 63]
[52, 63]
[47, 63]
[22, 63]
[15, 63]
[37, 63]
[63, 64]
[46, 63]
[53, 63]
[9, 21]
[12, 21]
[21, 36]
[1, 21]
[21, 56]
[21, 29]
[4, 21]
[7, 21]
[21, 35]
[21, 40]
[21, 31]
[21, 58]
[17, 21]
[21, 23]
[21, 38]
[21, 30]
[15, 21]
[21, 64]
[20, 21]
[21, 46]
[21, 63]
[9, 41]
[29, 41]
[36, 41]
[1, 41]
[41, 59]
[7, 41]
[35, 41]
[5, 41]
[40, 41]
[31, 41]
[25, 41]
[23, 41]
[14, 41]
[41, 52]
[41, 47]
[24, 41]
[22, 41]
[16, 41]
[41, 53]
[21, 41]
[10, 41]
[9, 39]
[5, 39]
[19, 39]
[36, 39]
[4, 39]
[10, 39]
[21, 39]
[39, 57]
[6, 39]
[39, 44]
[25, 39]
[17, 39]
[6, 33]
[8, 33]
[33, 40]
[31, 33]
[17, 33]
[27, 33]
[24, 33]
[22, 33]
[15, 33]
[33, 64]
[20, 33]
[33, 63]
[33, 41]
[33, 39]
[26, 33]
[33, 48]
[33, 45]
[38, 39]
[3, 39]
[30, 39]
[39, 47]
[27, 39]
[37, 39]
[39, 46]
[39, 53]
[15, 39]
[20, 39]
[39, 63]
[39, 41]
[14, 26]
[12, 26]
[26, 56]
[19, 26]
[2, 26]
[26, 35]
[5, 26]
[17, 26]
[25, 26]
[26, 31]
[26, 30]
[21, 26]
[22, 26]
[26, 64]
[10, 26]
[26, 37]
[20, 26]
[26, 63]
[26, 41]
[38, 48]
[12, 48]
[48, 56]
[1, 48]
[4, 48]
[48, 59]
[2, 48]
[8, 48]
[35, 48]
[5, 48]
[40, 48]
[17, 48]
[25, 48]
[23, 48]
[31, 48]
[48, 52]
[30, 48]
[24, 48]
[22, 48]
[27, 48]
[46, 48]
[48, 53]
[48, 63]
[39, 48]
[45, 48]
[30, 45]
[36, 45]
[29, 45]
[14, 45]
[23, 45]
[25, 45]
[5, 45]
[4, 45]
[45, 59]
[10, 45]
[35, 45]
[45, 58]
[16, 45]
[21, 45]
[45, 57]
[24, 45]
[22, 45]
[27, 45]
[37, 45]
[45, 46]
[26, 45]
[10, 43]
[12, 43]
[1, 43]
[29, 43]
[4, 43]
[18, 43]
[19, 43]
[2, 43]
[6, 43]
[32, 43]
[43, 44]
[17, 43]
[25, 43]
[38, 43]
[23, 43]
[14, 43]
[8, 50]
[4, 50]
[43, 52]
[43, 47]
[22, 43]
[37, 43]
[43, 63]
[41, 43]
[39, 43]
[43, 45]
[33, 43]
[38, 49]
[5, 49]
[12, 49]
[1, 49]
[29, 49]
[14, 49]
[4, 49]
[7, 49]
[15, 49]
[40, 49]
[49, 58]
[25, 49]
[23, 49]
[45, 49]
[49, 52]
[16, 49]
[24, 49]
[49, 57]
[22, 49]
[49, 64]
[46, 49]
[20, 49]
[49, 63]
[39, 49]
[26, 49]
[48, 49]
[36, 50]
[1, 50]
[50, 59]
[19, 50]
[7, 50]
[5, 50]
[17, 50]
[25, 50]
[31, 50]
[30, 50]
[21, 50]
[24, 50]
[47, 50]
[27, 50]
[20, 50]
[41, 50]
[39, 50]
[48, 50]
[33, 50]
[8, 61]
[12, 61]
[29, 61]
[4, 61]
[59, 61]
[2, 61]
[7, 61]
[32, 61]
[35, 61]
[5, 61]
[40, 61]
[25, 61]
[14, 61]
[30, 61]
[21, 61]
[24, 61]
[22, 61]
[27, 61]
[15, 61]
[20, 61]
[61, 63]
[39, 61]
[26, 61]
[48, 61]
[55, 64]
[29, 55]
[12, 55]
[36, 55]
[1, 55]
[9, 55]
[8, 55]
[19, 55]
[4, 55]
[10, 55]
[40, 55]
[55, 58]
[17, 55]
[14, 55]
[52, 55]
[30, 55]
[16, 55]
[55, 57]
[47, 55]
[22, 55]
[27, 55]
[15, 55]
[55, 63]
[45, 55]
[33, 55]
[50, 55]
[55, 61]
[0, 64]
[0, 9]
[0, 6]
[0, 12]
[0, 36]
[0, 62]
[0, 1]
[0, 56]
[0, 42]
[0, 19]
[0, 2]
[0, 7]
[0, 32]
[0, 44]
[0, 60]
[0, 17]
[0, 25]
[0, 23]
[0, 31]
[0, 14]
[0, 52]
[0, 38]
[0, 3]
[0, 16]
[0, 57]
[0, 22]
[0, 13]
[0, 27]
[0, 37]
[0, 46]
[0, 41]
[0, 39]
[0, 26]
[0, 48]
[0, 33]
[0, 43]
[0, 50]
[9, 54]
[8, 54]
[18, 54]
[54, 56]
[1, 54]
[7, 54]
[4, 54]
[54, 59]
[53, 54]
[5, 54]
[19, 54]
[2, 54]
[35, 54]
[54, 60]
[23, 54]
[14, 54]
[3, 54]
[24, 54]
[54, 57]
[47, 54]
[13, 54]
[37, 54]
[15, 54]
[20, 54]
[41, 54]
[26, 54]
[45, 54]
[33, 54]
[43, 54]
[49, 54]
[50, 54]
[54, 61]
[0, 54]
[13, 51]
[9, 51]
[5, 51]
[7, 51]
[2, 51]
[4, 51]
[36, 51]
[1, 51]
[50, 51]
[51, 59]
[19, 51]
[6, 51]
[40, 51]
[17, 51]
[25, 51]
[23, 51]
[31, 51]
[51, 52]
[3, 51]
[30, 51]
[21, 51]
[24, 51]
[47, 51]
[51, 64]
[27, 51]
[37, 51]
[46, 51]
[15, 51]
[20, 51]
[51, 63]
[41, 51]
[26, 51]
[45, 51]
[33, 51]
[43, 51]
[51, 54]
[28, 29]
[8, 28]
[25, 28]
[28, 31]
[28, 57]
[27, 28]
[28, 37]
[21, 28]
[13, 28]
[28, 39]
[26, 28]
[28, 50]
[28, 61]
[28, 55]
[28, 46]
[28, 48]
[28, 45]
[28, 49]
[28, 54]
[28, 51]
