[8, 9, 24]
[3, 8, 24]
[3, 7, 8]
[2, 7, 8]
[7, 8, 11]
[6, 8, 11]
[7, 8, 9]
[6, 7, 8]
[5, 6, 8]
[4, 5, 6]
[4, 6, 7]
[6, 7, 11]
[6, 7, 12]
[7, 20, 45]
[5, 20, 45]
[13, 20, 45]
[6, 7, 17]
[7, 9, 11]
[7, 9, 23]
[4, 23, 26]
[9, 13, 23]
[9, 23, 27]
[4, 23, 27]
[5, 23, 27]
[13, 23, 27]
[5, 13, 23]
[8, 11, 35]
[8, 9, 11]
[8, 11, 27]
[8, 11, 20]
[8, 11, 37]
[2, 8, 13]
[5, 8, 13]
[8, 35, 49]
[8, 9, 49]
[21, 26, 34]
[4, 26, 34]
[9, 21, 34]
[9, 13, 34]
[3, 17, 22]
[3, 17, 29]
[9, 46, 47]
[27, 46, 47]
[22, 27, 47]
[9, 27, 47]
[2, 46, 47]
[9, 21, 46]
[21, 27, 46]
[9, 21, 27]
[19, 21, 27]
[5, 21, 27]
[19, 21, 35]
[2, 19, 35]
[19, 35, 45]
[5, 13, 45]
[19, 29, 45]
[5, 29, 45]
[17, 21, 26]
[17, 22, 41]
[9, 17, 41]
[17, 35, 41]
[9, 17, 21]
[17, 21, 27]
[17, 22, 27]
[9, 17, 27]
[17, 21, 35]
[17, 27, 29]
[17, 22, 29]
[11, 17, 22]
[11, 17, 27]
[11, 17, 26]
[9, 11, 17]
[11, 17, 35]
[11, 17, 29]
[11, 26, 29]
[11, 22, 29]
[11, 27, 29]
[11, 22, 27]
[9, 11, 27]
[9, 11, 29]
[11, 29, 35]
[11, 17, 20]
[14, 19, 21]
[9, 14, 21]
[4, 7, 26]
[2, 7, 26]
[7, 23, 26]
[5, 21, 46]
[9, 27, 46]
[5, 27, 46]
[5, 41, 46]
[2, 41, 46]
[3, 7, 45]
[3, 7, 22]
[3, 7, 17]
[3, 7, 14]
[3, 7, 42]
[4, 7, 23]
[7, 23, 41]
[4, 7, 41]
[2, 7, 41]
[7, 22, 41]
[7, 9, 41]
[7, 35, 41]
[2, 7, 35]
[7, 17, 22]
[7, 31, 45]
[7, 31, 49]
[7, 22, 49]
[7, 23, 49]
[7, 8, 49]
[7, 8, 20]
[7, 8, 30]
[7, 8, 16]
[7, 8, 36]
[7, 8, 42]
[7, 8, 35]
[7, 8, 37]
[7, 8, 18]
[7, 8, 14]
[7, 9, 49]
[0, 6, 7]
[6, 7, 28]
[7, 26, 31]
[0, 7, 26]
[4, 7, 31]
[7, 11, 26]
[7, 11, 22]
[7, 11, 20]
[7, 11, 17]
[7, 11, 16]
[7, 11, 36]
[7, 11, 35]
[7, 11, 37]
[7, 20, 49]
[0, 3, 7]
[0, 7, 22]
[7, 26, 49]
[0, 7, 45]
[10, 21, 46]
[15, 21, 46]
[7, 41, 49]
[0, 7, 31]
[4, 7, 20]
[7, 28, 45]
[3, 7, 28]
[7, 22, 28]
[7, 20, 28]
[0, 7, 41]
[21, 38, 46]
[32, 41, 46]
[13, 32, 41]
[15, 32, 41]
[32, 39, 41]
[10, 32, 41]
[2, 32, 41]
[25, 32, 41]
[0, 32, 41]
[10, 32, 46]
[2, 32, 46]
[21, 32, 46]
[15, 21, 32]
[15, 32, 46]
[27, 32, 46]
[21, 32, 48]
[17, 26, 29]
[5, 10, 49]
[10, 22, 49]
[10, 13, 45]
[13, 39, 45]
[3, 22, 28]
[1, 13, 27]
[5, 13, 27]
[3, 12, 22]
[1, 12, 22]
[1, 22, 47]
[1, 5, 22]
[1, 22, 48]
[14, 19, 45]
[4, 25, 26]
[25, 26, 47]
[19, 27, 40]
[27, 40, 47]
[10, 13, 34]
[13, 34, 39]
[8, 13, 34]
[8, 20, 34]
[8, 24, 34]
[13, 23, 30]
[10, 23, 30]
[23, 25, 30]
[23, 30, 38]
[23, 30, 31]
[0, 23, 30]
[23, 30, 46]
[23, 30, 41]
[23, 30, 44]
[23, 30, 33]
[23, 30, 49]
[10, 30, 49]
[22, 30, 49]
[8, 11, 30]
[8, 13, 30]
[3, 8, 30]
[8, 19, 30]
[8, 25, 30]
[8, 30, 38]
[8, 20, 30]
[8, 30, 44]
[3, 28, 45]
[5, 28, 45]
[2, 26, 47]
[4, 26, 48]
[15, 26, 47]
[2, 15, 26]
[3, 24, 45]
[24, 45, 47]
[10, 24, 45]
[24, 39, 45]
[24, 38, 45]
[2, 24, 47]
[10, 15, 26]
[3, 24, 39]
[4, 5, 39]
[5, 13, 39]
[2, 15, 47]
[2, 15, 19]
[2, 13, 15]
[10, 13, 15]
[10, 21, 26]
[5, 10, 21]
[11, 22, 30]
[10, 11, 30]
[14, 21, 26]
[14, 21, 48]
[9, 13, 27]
[9, 24, 47]
[9, 13, 41]
[9, 41, 46]
[9, 44, 46]
[9, 44, 47]
[8, 11, 25]
[1, 25, 47]
[1, 5, 13]
[1, 19, 48]
[8, 11, 38]
[1, 13, 25]
[5, 10, 22]
[5, 10, 45]
[5, 39, 45]
[19, 39, 45]
[2, 8, 19]
[15, 19, 45]
[13, 15, 45]
[3, 15, 45]
[15, 35, 45]
[15, 45, 47]
[38, 45, 47]
[36, 45, 47]
[20, 45, 47]
[33, 45, 47]
[43, 45, 47]
[2, 38, 47]
[30, 38, 47]
[3, 12, 17]
[3, 15, 17]
[3, 22, 30]
[3, 12, 30]
[3, 22, 29]
[3, 12, 29]
[3, 29, 30]
[3, 7, 12]
[3, 12, 14]
[3, 39, 42]
[3, 16, 42]
[3, 15, 42]
[3, 8, 42]
[3, 29, 42]
[3, 30, 42]
[3, 38, 42]
[3, 37, 42]
[3, 17, 42]
[3, 8, 38]
[3, 8, 14]
[3, 14, 22]
[3, 12, 39]
[7, 9, 40]
[3, 25, 37]
[3, 25, 36]
[11, 27, 36]
[38, 46, 47]
[27, 38, 47]
[1, 38, 47]
[24, 38, 47]
[20, 24, 47]
[23, 24, 38]
[2, 24, 38]
[4, 24, 38]
[23, 24, 37]
[4, 24, 37]
[8, 24, 37]
[24, 37, 45]
[14, 23, 37]
[14, 21, 37]
[4, 14, 37]
[8, 14, 37]
[14, 37, 45]
[4, 27, 37]
[8, 27, 37]
[23, 27, 37]
[4, 23, 37]
[24, 34, 37]
[16, 24, 37]
[16, 24, 43]
[16, 23, 24]
[10, 16, 23]
[10, 11, 16]
[5, 10, 16]
[10, 16, 22]
[10, 16, 35]
[0, 10, 16]
[10, 16, 18]
[10, 16, 45]
[10, 16, 34]
[10, 16, 41]
[4, 5, 16]
[5, 16, 22]
[4, 7, 16]
[7, 16, 22]
[7, 16, 18]
[2, 7, 16]
[7, 16, 23]
[7, 16, 35]
[0, 7, 16]
[7, 16, 45]
[7, 16, 41]
[7, 16, 36]
[7, 16, 37]
[16, 22, 27]
[4, 16, 27]
[1, 16, 22]
[1, 16, 19]
[16, 28, 32]
[20, 38, 39]
[11, 20, 39]
[5, 20, 39]
[4, 20, 39]
[13, 20, 39]
[11, 38, 39]
[19, 38, 39]
[4, 38, 39]
[27, 38, 39]
[23, 38, 39]
[1, 38, 39]
[19, 27, 39]
[4, 27, 39]
[5, 27, 39]
[27, 28, 39]
[5, 28, 39]
[10, 12, 39]
[10, 12, 26]
[10, 12, 22]
[9, 12, 14]
[12, 14, 26]
[12, 14, 48]
[12, 14, 22]
[12, 14, 19]
[12, 19, 48]
[2, 12, 19]
[6, 12, 28]
[12, 22, 28]
[12, 28, 48]
[12, 27, 28]
[12, 28, 29]
[12, 20, 28]
[12, 28, 44]
[12, 28, 39]
[12, 28, 30]
[7, 12, 28]
[28, 43, 46]
[5, 28, 43]
[28, 29, 43]
[22, 28, 48]
[5, 22, 28]
[5, 28, 46]
[12, 17, 28]
[16, 22, 28]
[5, 16, 28]
[7, 16, 28]
[16, 28, 37]
[7, 28, 37]
[7, 28, 40]
[7, 18, 28]
[7, 28, 30]
[22, 27, 28]
[5, 27, 28]
[27, 28, 46]
[27, 28, 40]
[18, 28, 48]
[5, 18, 28]
[18, 28, 40]
[28, 34, 48]
[22, 28, 34]
[28, 34, 46]
[6, 28, 48]
[5, 6, 28]
[22, 28, 30]
[28, 30, 46]
[18, 28, 30]
[2, 8, 24]
[4, 23, 24]
[24, 28, 34]
[6, 24, 28]
[20, 24, 28]
[24, 28, 43]
[17, 24, 28]
[24, 28, 45]
[24, 28, 44]
[3, 24, 28]
[24, 28, 39]
[24, 28, 32]
[24, 28, 37]
[16, 24, 28]
[9, 23, 24]
[8, 24, 38]
[6, 10, 39]
[4, 6, 39]
[5, 6, 39]
[6, 11, 39]
[1, 6, 39]
[6, 38, 39]
[10, 13, 39]
[5, 10, 39]
[10, 11, 39]
[10, 23, 39]
[10, 34, 39]
[38, 39, 45]
[14, 39, 45]
[10, 39, 45]
[20, 39, 45]
[10, 39, 41]
[14, 19, 39]
[4, 14, 39]
[14, 23, 39]
[14, 39, 40]
[1, 19, 39]
[1, 5, 39]
[1, 13, 39]
[1, 27, 39]
[1, 39, 40]
[13, 23, 39]
[5, 23, 39]
[4, 23, 39]
[23, 27, 39]
[13, 27, 39]
[11, 27, 39]
[23, 39, 40]
[19, 39, 40]
[19, 21, 48]
[21, 26, 48]
[2, 8, 35]
[8, 19, 35]
[11, 26, 48]
[11, 22, 48]
[15, 19, 35]
[2, 15, 35]
[15, 35, 49]
[15, 46, 47]
[2, 15, 46]
[0, 15, 46]
[0, 15, 19]
[0, 15, 26]
[0, 6, 15]
[0, 6, 38]
[0, 1, 6]
[1, 6, 47]
[1, 6, 48]
[1, 6, 38]
[1, 5, 6]
[4, 6, 48]
[6, 11, 48]
[6, 15, 47]
[4, 6, 38]
[6, 8, 38]
[15, 26, 49]
[27, 39, 40]
[4, 14, 48]
[14, 22, 48]
[4, 34, 39]
[4, 39, 41]
[19, 39, 41]
[13, 39, 41]
[23, 39, 41]
[5, 39, 41]
[14, 39, 41]
[34, 39, 41]
[20, 34, 39]
[12, 14, 39]
[3, 14, 39]
[3, 38, 39]
[3, 17, 39]
[12, 27, 39]
[12, 19, 39]
[1, 12, 39]
[6, 12, 39]
[12, 20, 39]
[17, 27, 39]
[11, 17, 39]
[17, 39, 40]
[15, 21, 26]
[8, 16, 35]
[16, 19, 35]
[17, 34, 39]
[9, 29, 43]
[29, 35, 43]
[29, 43, 46]
[29, 31, 43]
[21, 29, 43]
[0, 29, 43]
[5, 29, 43]
[5, 31, 43]
[5, 31, 45]
[0, 5, 45]
[31, 43, 45]
[38, 43, 45]
[35, 43, 45]
[13, 43, 45]
[0, 43, 45]
[5, 43, 45]
[29, 43, 45]
[19, 31, 45]
[15, 31, 45]
[0, 31, 45]
[19, 38, 45]
[0, 38, 45]
[0, 19, 45]
[2, 19, 42]
[2, 26, 42]
[9, 14, 46]
[8, 9, 14]
[8, 14, 19]
[1, 19, 38]
[14, 21, 46]
[14, 19, 48]
[14, 26, 48]
[4, 14, 26]
[15, 19, 21]
[4, 18, 26]
[18, 26, 48]
[4, 18, 48]
[8, 13, 18]
[8, 18, 35]
[18, 21, 35]
[18, 21, 48]
[18, 21, 26]
[15, 21, 35]
[6, 24, 47]
[6, 8, 24]
[4, 6, 24]
[3, 14, 45]
[8, 14, 18]
[14, 18, 48]
[4, 14, 18]
[14, 18, 26]
[14, 18, 21]
[17, 18, 21]
[17, 18, 26]
[17, 18, 35]
[17, 18, 28]
[3, 17, 28]
[17, 22, 28]
[6, 17, 28]
[6, 11, 17]
[6, 15, 17]
[15, 17, 26]
[15, 17, 35]
[15, 17, 21]
[6, 17, 39]
[3, 39, 45]
[3, 28, 39]
[28, 39, 45]
[6, 28, 39]
[17, 28, 39]
[17, 24, 39]
[4, 24, 39]
[6, 24, 39]
[6, 17, 24]
[3, 17, 24]
[7, 17, 26]
[7, 17, 35]
[7, 35, 49]
[7, 35, 45]
[7, 14, 45]
[4, 7, 14]
[7, 14, 26]
[7, 14, 22]
[7, 17, 28]
[7, 17, 18]
[4, 7, 18]
[7, 18, 26]
[7, 18, 35]
[7, 14, 18]
[7, 18, 41]
[7, 18, 40]
[7, 18, 23]
[7, 18, 31]
[0, 7, 18]
[7, 18, 30]
[7, 11, 30]
[7, 30, 49]
[3, 7, 30]
[7, 14, 30]
[7, 22, 30]
[7, 30, 41]
[7, 23, 30]
[7, 9, 30]
[7, 30, 31]
[7, 30, 36]
[0, 7, 30]
[7, 12, 30]
[7, 20, 30]
[7, 20, 36]
[7, 12, 20]
[30, 46, 47]
[22, 30, 47]
[43, 46, 47]
[21, 43, 46]
[21, 35, 43]
[14, 43, 46]
[14, 43, 45]
[4, 14, 43]
[17, 21, 34]
[17, 26, 34]
[14, 21, 43]
[24, 43, 47]
[17, 24, 34]
[4, 24, 34]
[24, 34, 39]
[17, 22, 34]
[26, 34, 48]
[22, 34, 48]
[4, 34, 48]
[21, 34, 48]
[8, 34, 35]
[0, 3, 45]
[0, 3, 22]
[0, 15, 45]
[0, 3, 15]
[0, 19, 30]
[3, 28, 30]
[28, 30, 43]
[10, 25, 30]
[10, 11, 25]
[4, 24, 43]
[24, 43, 45]
[8, 11, 36]
[11, 26, 36]
[15, 17, 27]
[23, 41, 46]
[23, 41, 49]
[13, 23, 41]
[4, 23, 41]
[15, 23, 41]
[18, 23, 41]
[14, 23, 41]
[5, 23, 41]
[4, 5, 41]
[5, 13, 41]
[5, 41, 49]
[5, 22, 41]
[18, 21, 43]
[10, 13, 41]
[10, 15, 41]
[0, 41, 46]
[0, 19, 41]
[0, 15, 41]
[0, 22, 41]
[0, 18, 41]
[0, 14, 41]
[0, 5, 41]
[0, 23, 41]
[2, 19, 41]
[15, 19, 41]
[2, 15, 41]
[22, 41, 49]
[17, 25, 41]
[7, 17, 41]
[15, 17, 41]
[17, 18, 41]
[17, 39, 41]
[7, 14, 41]
[4, 14, 41]
[14, 19, 41]
[4, 33, 41]
[19, 33, 41]
[0, 10, 41]
[10, 23, 41]
[14, 41, 46]
[21, 27, 38]
[19, 21, 38]
[10, 21, 35]
[23, 31, 43]
[30, 31, 46]
[19, 30, 31]
[30, 31, 49]
[14, 30, 31]
[0, 30, 31]
[29, 31, 46]
[26, 29, 31]
[19, 29, 31]
[29, 31, 45]
[5, 29, 31]
[15, 26, 31]
[15, 19, 31]
[15, 31, 46]
[15, 31, 49]
[15, 27, 31]
[0, 15, 31]
[19, 27, 31]
[4, 27, 31]
[7, 14, 31]
[14, 26, 31]
[14, 19, 31]
[4, 14, 31]
[14, 31, 45]
[19, 31, 48]
[4, 31, 48]
[26, 31, 48]
[10, 31, 46]
[10, 26, 31]
[26, 31, 33]
[4, 31, 33]
[4, 26, 31]
[4, 5, 31]
[10, 15, 31]
[4, 37, 39]
[4, 16, 24]
[9, 24, 44]
[9, 44, 49]
[8, 9, 44]
[9, 32, 44]
[9, 30, 44]
[9, 12, 44]
[9, 40, 44]
[9, 17, 44]
[9, 30, 49]
[9, 11, 30]
[2, 15, 42]
[15, 19, 42]
[19, 42, 48]
[1, 6, 12]
[2, 16, 47]
[3, 38, 45]
[21, 38, 43]
[9, 21, 43]
[9, 43, 47]
[2, 19, 38]
[6, 38, 47]
[6, 11, 38]
[3, 16, 22]
[11, 16, 22]
[38, 43, 46]
[9, 43, 46]
[9, 13, 43]
[9, 24, 43]
[9, 30, 43]
[28, 43, 45]
[35, 42, 43]
[38, 42, 43]
[28, 42, 43]
[13, 42, 43]
[38, 43, 47]
[34, 43, 46]
[34, 35, 43]
[20, 28, 48]
[20, 28, 45]
[11, 20, 48]
[11, 20, 38]
[1, 22, 27]
[22, 27, 49]
[27, 28, 42]
[27, 38, 42]
[19, 27, 42]
[15, 27, 42]
[15, 21, 27]
[15, 19, 27]
[1, 27, 47]
[12, 22, 27]
[1, 12, 27]
[15, 27, 47]
[13, 15, 27]
[1, 19, 27]
[18, 26, 31]
[19, 35, 41]
[2, 35, 41]
[15, 35, 41]
[2, 13, 41]
[15, 41, 49]
[35, 41, 49]
[41, 44, 49]
[26, 31, 49]
[31, 43, 46]
[26, 42, 48]
[15, 26, 42]
[7, 26, 42]
[19, 35, 42]
[2, 35, 42]
[15, 35, 42]
[0, 31, 46]
[0, 14, 46]
[0, 43, 46]
[4, 18, 31]
[14, 31, 46]
[18, 31, 48]
[2, 7, 42]
[0, 19, 31]
[0, 26, 31]
[0, 1, 19]
[9, 24, 34]
[9, 17, 34]
[9, 34, 43]
[13, 18, 43]
[18, 35, 43]
[0, 18, 43]
[0, 31, 43]
[0, 22, 27]
[0, 15, 27]
[0, 19, 27]
[0, 1, 27]
[0, 27, 31]
[0, 27, 46]
[0, 27, 40]
[0, 27, 38]
[0, 27, 32]
[0, 23, 27]
[0, 27, 33]
[0, 16, 27]
[17, 27, 28]
[13, 27, 42]
[27, 36, 47]
[4, 27, 36]
[4, 18, 43]
[18, 28, 43]
[21, 34, 35]
[3, 29, 45]
[0, 5, 6]
[27, 29, 42]
[21, 27, 29]
[19, 27, 29]
[22, 27, 29]
[27, 28, 29]
[1, 27, 29]
[27, 29, 31]
[27, 29, 46]
[9, 27, 29]
[12, 27, 29]
[27, 29, 49]
[23, 27, 29]
[27, 29, 36]
[16, 27, 29]
[27, 29, 37]
[27, 31, 40]
[27, 31, 46]
[21, 27, 40]
[17, 27, 40]
[0, 27, 29]
[12, 19, 27]
[8, 19, 27]
[12, 17, 27]
[15, 27, 46]
[8, 13, 27]
[12, 25, 44]
[6, 12, 25]
[12, 25, 26]
[20, 28, 39]
[0, 10, 26]
[0, 10, 45]
[0, 6, 10]
[0, 10, 22]
[0, 10, 32]
[0, 15, 32]
[9, 27, 40]
[9, 12, 27]
[8, 9, 27]
[6, 10, 24]
[10, 24, 39]
[6, 24, 38]
[3, 24, 38]
[1, 25, 48]
[1, 6, 25]
[12, 19, 44]
[19, 39, 42]
[7, 35, 42]
[2, 42, 44]
[28, 42, 44]
[39, 42, 44]
[42, 43, 44]
[19, 42, 44]
[17, 42, 44]
[2, 44, 47]
[44, 45, 47]
[2, 44, 46]
[28, 44, 46]
[44, 46, 47]
[41, 44, 46]
[2, 12, 26]
[6, 12, 48]
[12, 26, 48]
[12, 22, 44]
[2, 12, 44]
[12, 39, 44]
[12, 20, 44]
[1, 12, 44]
[22, 44, 47]
[22, 28, 44]
[28, 44, 45]
[39, 44, 45]
[28, 39, 44]
[24, 44, 47]
[24, 44, 45]
[12, 22, 48]
[4, 20, 48]
[7, 12, 14]
[7, 12, 26]
[2, 7, 12]
[7, 12, 22]
[3, 12, 28]
[3, 12, 25]
[12, 20, 48]
[12, 25, 48]
[12, 26, 29]
[12, 22, 29]
[6, 10, 12]
[7, 9, 12]
[13, 27, 37]
[21, 34, 37]
[13, 34, 37]
[13, 37, 42]
[7, 37, 42]
[37, 39, 42]
[28, 37, 42]
[15, 37, 42]
[5, 37, 42]
[5, 39, 42]
[5, 28, 42]
[5, 13, 42]
[2, 13, 42]
[13, 15, 42]
[13, 39, 42]
[28, 39, 42]
[7, 28, 42]
[28, 42, 48]
[3, 28, 42]
[7, 9, 14]
[0, 7, 14]
[0, 14, 45]
[0, 3, 14]
[0, 14, 22]
[0, 14, 19]
[0, 14, 26]
[0, 14, 31]
[14, 31, 48]
[31, 34, 48]
[31, 34, 46]
[4, 31, 34]
[26, 31, 34]
[28, 34, 39]
[9, 34, 46]
[20, 34, 48]
[4, 20, 34]
[20, 28, 34]
[13, 20, 34]
[20, 24, 34]
[21, 34, 46]
[21, 29, 46]
[21, 29, 35]
[21, 26, 29]
[19, 21, 29]
[5, 21, 29]
[9, 21, 29]
[9, 12, 29]
[9, 29, 49]
[29, 35, 49]
[26, 29, 49]
[22, 29, 49]
[29, 31, 49]
[5, 29, 49]
[5, 22, 29]
[5, 28, 29]
[0, 5, 29]
[5, 29, 42]
[2, 29, 42]
[29, 35, 42]
[26, 29, 42]
[19, 29, 42]
[28, 29, 42]
[28, 29, 45]
[22, 28, 29]
[2, 29, 35]
[29, 35, 45]
[0, 29, 45]
[0, 22, 29]
[0, 29, 31]
[2, 12, 29]
[2, 26, 29]
[0, 26, 29]
[0, 19, 29]
[2, 19, 29]
[19, 29, 35]
[12, 19, 29]
[0, 3, 29]
[3, 28, 29]
[1, 22, 29]
[1, 5, 29]
[0, 1, 29]
[1, 12, 29]
[1, 19, 29]
[5, 27, 29]
[11, 29, 30]
[22, 29, 30]
[9, 29, 30]
[29, 30, 49]
[29, 30, 42]
[19, 29, 30]
[28, 29, 30]
[29, 30, 31]
[0, 29, 30]
[12, 29, 30]
[29, 30, 43]
[30, 43, 47]
[13, 30, 43]
[30, 42, 43]
[14, 30, 43]
[30, 31, 43]
[30, 43, 44]
[0, 30, 43]
[30, 38, 43]
[18, 30, 43]
[13, 18, 30]
[14, 18, 30]
[18, 30, 31]
[18, 30, 44]
[8, 18, 30]
[18, 30, 41]
[0, 18, 30]
[18, 30, 38]
[10, 18, 30]
[10, 22, 30]
[10, 13, 30]
[10, 30, 42]
[10, 30, 31]
[10, 30, 41]
[0, 10, 30]
[10, 12, 30]
[12, 22, 30]
[9, 12, 30]
[12, 19, 30]
[12, 14, 30]
[5, 27, 42]
[4, 5, 37]
[5, 37, 39]
[2, 35, 40]
[7, 35, 40]
[27, 39, 42]
[3, 24, 37]
[3, 15, 37]
[3, 37, 39]
[3, 7, 37]
[3, 28, 37]
[3, 37, 45]
[3, 8, 37]
[19, 21, 40]
[2, 19, 40]
[2, 7, 40]
[28, 39, 40]
[24, 37, 39]
[15, 21, 37]
[13, 15, 37]
[5, 21, 37]
[5, 13, 37]
[4, 5, 27]
[1, 5, 27]
[12, 30, 44]
[15, 37, 41]
[7, 37, 41]
[9, 12, 17]
[4, 37, 41]
[37, 39, 41]
[13, 37, 41]
[5, 37, 41]
[34, 37, 41]
[32, 37, 41]
[9, 34, 41]
[9, 32, 41]
[9, 41, 49]
[9, 14, 41]
[9, 23, 41]
[7, 36, 41]
[2, 36, 41]
[4, 36, 41]
[19, 36, 41]
[5, 36, 41]
[32, 36, 41]
[11, 36, 48]
[6, 11, 36]
[4, 36, 48]
[6, 36, 48]
[4, 6, 36]
[4, 26, 36]
[2, 26, 36]
[4, 20, 36]
[20, 36, 48]
[4, 36, 37]
[11, 36, 37]
[26, 36, 48]
[6, 7, 36]
[4, 7, 36]
[2, 7, 36]
[4, 36, 43]
[36, 43, 45]
[7, 26, 36]
[3, 7, 36]
[19, 36, 48]
[2, 19, 36]
[7, 36, 45]
[3, 36, 45]
[19, 36, 45]
[5, 6, 36]
[4, 5, 36]
[5, 36, 43]
[27, 33, 36]
[26, 33, 36]
[5, 36, 45]
[10, 41, 46]
[10, 15, 46]
[10, 34, 46]
[10, 34, 41]
[10, 35, 41]
[10, 15, 35]
[10, 34, 35]
[10, 11, 35]
[10, 35, 42]
[10, 35, 45]
[10, 11, 22]
[6, 10, 11]
[10, 13, 42]
[10, 39, 42]
[34, 35, 41]
[13, 34, 41]
[4, 34, 41]
[22, 34, 41]
[15, 41, 46]
[13, 15, 41]
[34, 41, 46]
[10, 22, 34]
[20, 24, 45]
[4, 20, 24]
[0, 1, 22]
[1, 12, 19]
[1, 12, 48]
[0, 1, 38]
[20, 24, 39]
[20, 38, 47]
[0, 18, 31]
[14, 18, 31]
[0, 18, 26]
[0, 14, 18]
[0, 18, 38]
[4, 18, 38]
[18, 21, 38]
[8, 18, 38]
[17, 26, 42]
[12, 17, 26]
[12, 17, 22]
[6, 12, 17]
[12, 17, 39]
[7, 12, 17]
[17, 39, 42]
[7, 17, 42]
[15, 17, 42]
[17, 28, 42]
[17, 35, 42]
[8, 19, 42]
[8, 13, 42]
[4, 18, 41]
[18, 35, 41]
[13, 18, 41]
[14, 18, 41]
[14, 22, 41]
[0, 3, 38]
[4, 20, 38]
[20, 38, 49]
[20, 24, 38]
[20, 38, 45]
[0, 19, 38]
[2, 38, 46]
[0, 38, 46]
[8, 20, 49]
[8, 20, 24]
[8, 19, 38]
[8, 13, 20]
[8, 9, 13]
[8, 9, 34]
[9, 29, 46]
[2, 29, 46]
[28, 29, 46]
[0, 29, 46]
[2, 8, 42]
[8, 35, 42]
[8, 38, 42]
[2, 38, 42]
[19, 38, 42]
[38, 39, 42]
[24, 38, 39]
[2, 8, 38]
[8, 20, 38]
[8, 38, 49]
[7, 17, 20]
[17, 20, 28]
[12, 17, 20]
[17, 20, 24]
[9, 17, 24]
[7, 9, 17]
[17, 20, 39]
[17, 21, 40]
[17, 35, 40]
[17, 28, 40]
[7, 17, 40]
[9, 17, 40]
[17, 18, 40]
[18, 21, 40]
[18, 35, 40]
[14, 18, 40]
[18, 31, 40]
[19, 31, 40]
[14, 31, 40]
[7, 31, 40]
[7, 14, 40]
[26, 36, 47]
[6, 36, 47]
[5, 31, 46]
[5, 18, 31]
[5, 27, 31]
[4, 31, 36]
[31, 36, 48]
[27, 37, 42]
[16, 37, 42]
[10, 26, 42]
[10, 31, 45]
[5, 10, 31]
[10, 18, 31]
[31, 36, 45]
[2, 36, 47]
[5, 13, 18]
[26, 31, 36]
[19, 31, 36]
[0, 5, 18]
[0, 5, 31]
[0, 5, 46]
[0, 5, 22]
[19, 41, 44]
[8, 27, 49]
[8, 27, 42]
[4, 5, 18]
[5, 18, 21]
[5, 22, 49]
[5, 20, 49]
[5, 18, 41]
[5, 20, 28]
[4, 5, 20]
[10, 15, 45]
[10, 15, 21]
[10, 15, 42]
[10, 11, 26]
[6, 10, 15]
[10, 22, 41]
[10, 18, 26]
[11, 20, 36]
[27, 31, 36]
[24, 39, 44]
[2, 24, 44]
[13, 37, 45]
[28, 37, 45]
[7, 37, 45]
[37, 39, 45]
[15, 37, 45]
[14, 37, 41]
[14, 37, 39]
[7, 14, 37]
[3, 14, 37]
[4, 7, 37]
[28, 37, 39]
[11, 37, 39]
[13, 37, 39]
[27, 37, 39]
[27, 28, 37]
[11, 27, 37]
[21, 27, 37]
[27, 31, 49]
[9, 27, 49]
[5, 36, 37]
[1, 5, 36]
[5, 31, 36]
[5, 20, 36]
[5, 27, 36]
[5, 29, 36]
[5, 16, 36]
[5, 23, 36]
[5, 8, 36]
[5, 28, 37]
[5, 13, 20]
[5, 20, 44]
[5, 37, 45]
[5, 22, 44]
[5, 8, 42]
[5, 8, 20]
[5, 8, 18]
[5, 31, 49]
[5, 8, 49]
[17, 34, 35]
[17, 28, 34]
[17, 34, 41]
[17, 20, 34]
[10, 31, 34]
[10, 24, 34]
[4, 34, 37]
[28, 34, 37]
[34, 37, 39]
[8, 34, 37]
[8, 13, 37]
[8, 37, 42]
[10, 21, 34]
[15, 27, 37]
[5, 8, 37]
[5, 27, 37]
[4, 25, 37]
[11, 25, 37]
[21, 25, 37]
[13, 25, 37]
[25, 37, 41]
[10, 26, 34]
[10, 13, 18]
[10, 18, 35]
[0, 1, 5]
[17, 29, 35]
[9, 17, 29]
[9, 23, 40]
[14, 23, 40]
[7, 23, 37]
[23, 37, 39]
[17, 28, 29]
[0, 10, 15]
[23, 24, 39]
[7, 23, 40]
[23, 40, 49]
[23, 31, 40]
[18, 23, 40]
[0, 23, 40]
[23, 27, 40]
[23, 25, 40]
[23, 40, 44]
[13, 23, 37]
[23, 37, 41]
[15, 23, 37]
[23, 38, 46]
[23, 43, 46]
[9, 23, 43]
[10, 35, 49]
[9, 33, 49]
[26, 33, 49]
[35, 40, 49]
[19, 35, 40]
[13, 20, 33]
[13, 33, 45]
[4, 14, 33]
[14, 19, 33]
[14, 33, 45]
[3, 14, 33]
[14, 26, 33]
[9, 14, 33]
[14, 31, 33]
[14, 33, 39]
[14, 33, 41]
[6, 24, 33]
[3, 24, 33]
[24, 33, 45]
[20, 24, 33]
[24, 28, 33]
[24, 33, 47]
[9, 24, 33]
[24, 33, 39]
[4, 24, 33]
[24, 33, 34]
[3, 28, 33]
[28, 33, 45]
[27, 38, 46]
[17, 21, 29]
[7, 8, 40]
[7, 40, 49]
[14, 21, 40]
[8, 14, 40]
[21, 35, 40]
[9, 21, 40]
[31, 40, 49]
[9, 40, 49]
[2, 40, 47]
[1, 40, 47]
[9, 40, 47]
[4, 27, 38]
[11, 27, 38]
[12, 17, 29]
[11, 29, 37]
[29, 37, 45]
[11, 29, 36]
[2, 29, 36]
[29, 36, 45]
[1, 29, 36]
[28, 29, 37]
[29, 31, 36]
[26, 29, 36]
[19, 29, 36]
[29, 30, 36]
[29, 30, 46]
[29, 36, 43]
[3, 29, 36]
[21, 29, 37]
[29, 36, 37]
[3, 29, 37]
[5, 29, 46]
[5, 29, 37]
[0, 5, 27]
[5, 22, 27]
[19, 27, 38]
[5, 8, 27]
[8, 27, 38]
[1, 27, 38]
[9, 13, 30]
[13, 30, 41]
[9, 41, 44]
[22, 41, 44]
[2, 41, 44]
[22, 30, 41]
[9, 30, 41]
[13, 20, 30]
[9, 30, 47]
[16, 18, 35]
[4, 16, 18]
[11, 30, 38]
[8, 9, 30]
[0, 3, 30]
[0, 30, 41]
[0, 10, 31]
[0, 10, 18]
[0, 10, 46]
[10, 18, 21]
[10, 30, 46]
[30, 31, 33]
[30, 33, 47]
[10, 31, 49]
[15, 27, 49]
[27, 38, 49]
[10, 15, 49]
[10, 26, 49]
[10, 41, 49]
[5, 10, 13]
[8, 36, 37]
[8, 20, 36]
[2, 8, 36]
[6, 8, 36]
[8, 13, 32]
[2, 8, 32]
[1, 36, 47]
[1, 6, 36]
[1, 36, 48]
[7, 31, 36]
[7, 36, 37]
[36, 37, 45]
[8, 30, 49]
[20, 28, 44]
[20, 36, 47]
[20, 44, 47]
[29, 37, 42]
[17, 29, 42]
[17, 27, 42]
[10, 18, 41]
[5, 27, 49]
[0, 5, 10]
[5, 10, 41]
[5, 6, 10]
[5, 10, 46]
[5, 10, 18]
[5, 10, 42]
[10, 16, 24]
[10, 16, 42]
[4, 16, 41]
[2, 16, 41]
[16, 34, 41]
[16, 35, 41]
[16, 22, 41]
[16, 37, 41]
[16, 19, 41]
[3, 8, 36]
[3, 36, 37]
[16, 45, 47]
[16, 35, 45]
[8, 16, 18]
[16, 18, 28]
[16, 24, 47]
[2, 16, 24]
[5, 16, 18]
[5, 16, 45]
[20, 36, 45]
[1, 19, 36]
[3, 16, 45]
[8, 19, 36]
[36, 37, 41]
[19, 27, 36]
[1, 27, 36]
[8, 27, 36]
[0, 16, 18]
[16, 18, 41]
[27, 36, 37]
[16, 24, 45]
[11, 16, 35]
[2, 16, 35]
[16, 22, 47]
[3, 16, 24]
[3, 8, 16]
[8, 19, 40]
[8, 35, 40]
[9, 14, 43]
[4, 38, 43]
[24, 38, 43]
[8, 14, 30]
[8, 30, 42]
[8, 30, 36]
[20, 30, 49]
[20, 30, 38]
[14, 30, 41]
[9, 14, 30]
[9, 30, 46]
[30, 38, 46]
[0, 14, 30]
[0, 14, 40]
[9, 14, 40]
[0, 7, 40]
[8, 18, 40]
[8, 9, 40]
[2, 8, 40]
[8, 27, 40]
[8, 40, 49]
[1, 27, 40]
[1, 5, 16]
[5, 16, 27]
[5, 16, 37]
[5, 16, 29]
[16, 24, 34]
[16, 34, 35]
[4, 16, 34]
[8, 16, 34]
[8, 11, 16]
[2, 8, 16]
[30, 43, 46]
[30, 36, 43]
[12, 20, 30]
[11, 20, 30]
[20, 28, 30]
[20, 30, 47]
[13, 30, 42]
[7, 30, 42]
[14, 19, 30]
[9, 13, 32]
[9, 21, 32]
[28, 32, 34]
[32, 34, 35]
[8, 32, 35]
[8, 9, 32]
[8, 24, 32]
[8, 32, 37]
[13, 32, 37]
[21, 32, 37]
[10, 21, 32]
[10, 15, 32]
[19, 30, 38]
[19, 30, 42]
[30, 38, 42]
[3, 30, 38]
[18, 25, 41]
[10, 25, 41]
[4, 25, 41]
[13, 25, 41]
[10, 25, 26]
[6, 10, 25]
[25, 26, 48]
[6, 25, 48]
[11, 25, 48]
[11, 25, 26]
[6, 11, 25]
[0, 19, 40]
[10, 23, 24]
[4, 23, 48]
[0, 14, 43]
[14, 31, 43]
[29, 42, 43]
[10, 13, 23]
[0, 22, 30]
[19, 40, 44]
[28, 40, 44]
[17, 28, 44]
[5, 28, 44]
[20, 24, 44]
[8, 24, 44]
[17, 41, 44]
[27, 40, 49]
[20, 44, 49]
[22, 44, 49]
[8, 44, 49]
[40, 44, 49]
[5, 44, 49]
[25, 44, 49]
[17, 20, 44]
[12, 17, 44]
[17, 22, 44]
[17, 24, 44]
[2, 19, 44]
[0, 31, 40]
[0, 1, 40]
[0, 18, 40]
[0, 30, 46]
[20, 30, 36]
[30, 31, 36]
[30, 36, 47]
[23, 26, 48]
[10, 23, 26]
[9, 23, 29]
[23, 29, 37]
[23, 26, 29]
[13, 15, 23]
[0, 23, 46]
[23, 31, 46]
[9, 23, 46]
[10, 23, 46]
[23, 29, 46]
[15, 23, 46]
[23, 27, 46]
[5, 23, 46]
[15, 23, 26]
[0, 23, 26]
[0, 15, 23]
[0, 18, 23]
[0, 23, 29]
[0, 7, 23]
[0, 10, 23]
[0, 23, 38]
[0, 23, 33]
[0, 5, 23]
[0, 16, 23]
[0, 23, 31]
[23, 29, 49]
[23, 27, 49]
[23, 26, 49]
[10, 23, 49]
[15, 23, 49]
[15, 23, 27]
[1, 19, 40]
[16, 29, 35]
[18, 25, 48]
[5, 44, 46]
[5, 16, 41]
[16, 19, 27]
[1, 16, 27]
[1, 16, 29]
[16, 29, 45]
[8, 16, 24]
[0, 16, 41]
[16, 25, 41]
[8, 16, 42]
[7, 16, 42]
[14, 19, 40]
[5, 8, 16]
[2, 16, 42]
[16, 19, 42]
[16, 19, 45]
[1, 16, 47]
[11, 16, 37]
[16, 37, 45]
[4, 16, 37]
[16, 34, 37]
[8, 16, 37]
[3, 16, 37]
[16, 27, 37]
[16, 22, 34]
[16, 34, 43]
[18, 31, 43]
[4, 31, 43]
[5, 13, 43]
[0, 5, 43]
[4, 5, 23]
[23, 36, 37]
[16, 36, 37]
[4, 5, 43]
[36, 43, 47]
[5, 21, 43]
[14, 18, 43]
[5, 18, 43]
[5, 42, 43]
[20, 39, 44]
[5, 43, 46]
[20, 44, 45]
[2, 40, 44]
[39, 40, 44]
[40, 44, 47]
[17, 39, 44]
[17, 40, 44]
[1, 40, 44]
[1, 44, 47]
[27, 31, 32]
[10, 31, 32]
[1, 39, 44]
[1, 22, 44]
[13, 25, 32]
[25, 32, 48]
[10, 25, 32]
[25, 32, 49]
[25, 32, 37]
[21, 25, 32]
[1, 25, 32]
[8, 25, 32]
[16, 25, 32]
[25, 32, 36]
[18, 25, 32]
[25, 32, 44]
[25, 31, 32]
[13, 18, 25]
[18, 25, 26]
[4, 18, 25]
[17, 18, 25]
[18, 25, 38]
[18, 25, 40]
[18, 25, 30]
[18, 25, 33]
[18, 21, 25]
[8, 18, 25]
[16, 18, 25]
[25, 26, 49]
[25, 38, 49]
[25, 40, 49]
[25, 41, 49]
[25, 29, 49]
[25, 30, 49]
[25, 33, 49]
[17, 25, 26]
[11, 25, 36]
[6, 25, 36]
[18, 23, 25]
[23, 25, 37]
[23, 25, 48]
[13, 23, 25]
[4, 23, 25]
[23, 25, 38]
[23, 25, 26]
[23, 25, 41]
[23, 25, 32]
[23, 25, 29]
[16, 23, 25]
[23, 25, 33]
[23, 25, 49]
[23, 25, 44]
[10, 23, 25]
[23, 25, 36]
[23, 25, 31]
[25, 30, 44]
[25, 30, 38]
[13, 25, 30]
[3, 25, 38]
[16, 25, 37]
[15, 32, 37]
[24, 32, 37]
[32, 37, 45]
[32, 37, 39]
[18, 38, 43]
[0, 38, 43]
[0, 30, 38]
[28, 30, 42]
[14, 30, 46]
[3, 14, 30]
[30, 38, 49]
[30, 41, 49]
[19, 30, 41]
[30, 41, 46]
[30, 44, 46]
[30, 44, 47]
[27, 32, 37]
[32, 34, 37]
[28, 32, 37]
[20, 30, 44]
[21, 34, 43]
[31, 34, 43]
[24, 34, 43]
[31, 32, 45]
[31, 32, 48]
[15, 31, 32]
[2, 32, 35]
[13, 34, 43]
[31, 33, 34]
[31, 32, 34]
[31, 32, 46]
[18, 31, 32]
[31, 32, 49]
[21, 27, 32]
[21, 32, 35]
[27, 32, 39]
[4, 34, 43]
[6, 28, 33]
[4, 6, 33]
[4, 20, 33]
[4, 5, 33]
[4, 33, 39]
[4, 26, 33]
[4, 27, 33]
[4, 18, 33]
[17, 24, 33]
[17, 20, 33]
[17, 26, 33]
[20, 33, 39]
[17, 33, 39]
[17, 33, 42]
[33, 39, 42]
[6, 33, 39]
[19, 33, 39]
[3, 33, 39]
[9, 23, 33]
[23, 33, 39]
[23, 24, 33]
[23, 26, 33]
[5, 23, 33]
[23, 27, 33]
[23, 33, 40]
[13, 23, 33]
[23, 31, 33]
[23, 33, 49]
[18, 23, 33]
[23, 33, 41]
[4, 23, 33]
[9, 23, 49]
[5, 23, 37]
[5, 10, 23]
[5, 23, 29]
[5, 23, 49]
[23, 27, 38]
[4, 23, 38]
[9, 27, 33]
[27, 33, 42]
[27, 33, 47]
[1, 12, 25]
[0, 23, 43]
[0, 23, 32]
[16, 23, 32]
[15, 23, 32]
[10, 15, 23]
[23, 29, 30]
[1, 25, 29]
[11, 25, 29]
[14, 22, 30]
[11, 25, 38]
[9, 23, 30]
[6, 25, 38]
[25, 38, 47]
[8, 25, 38]
[4, 25, 38]
[21, 25, 38]
[1, 25, 38]
[1, 25, 40]
[16, 19, 29]
[11, 16, 29]
[16, 22, 29]
[2, 16, 29]
[30, 44, 49]
[8, 40, 44]
[2, 8, 44]
[8, 20, 44]
[39, 41, 44]
[30, 36, 41]
[3, 7, 16]
[16, 35, 42]
[18, 40, 44]
[8, 18, 44]
[17, 18, 44]
[18, 41, 44]
[30, 41, 44]
[8, 42, 44]
[30, 42, 44]
[28, 30, 44]
[18, 28, 44]
[22, 30, 44]
[19, 30, 36]
[11, 30, 36]
[3, 30, 36]
[32, 34, 46]
[32, 34, 48]
[32, 35, 45]
[15, 32, 35]
[32, 39, 45]
[24, 32, 39]
[21, 32, 34]
[10, 32, 45]
[43, 44, 45]
[5, 44, 45]
[19, 44, 45]
[14, 32, 45]
[15, 32, 45]
[24, 32, 45]
[0, 32, 45]
[28, 32, 45]
[32, 36, 45]
[13, 32, 45]
[32, 44, 45]
[16, 32, 45]
[16, 36, 45]
[0, 16, 45]
[16, 28, 45]
[10, 18, 25]
[6, 25, 47]
[25, 40, 47]
[5, 23, 31]
[11, 17, 25]
[6, 17, 25]
[18, 23, 44]
[23, 44, 49]
[9, 23, 44]
[23, 39, 44]
[23, 24, 44]
[23, 41, 44]
[23, 44, 46]
[23, 32, 44]
[23, 33, 44]
[16, 23, 44]
[5, 23, 44]
[23, 43, 44]
[25, 41, 44]
[25, 44, 47]
[17, 25, 44]
[17, 25, 40]
[12, 25, 29]
[25, 29, 37]
[12, 17, 25]
[10, 18, 23]
[23, 29, 43]
[23, 29, 31]
[23, 29, 36]
[13, 23, 43]
[28, 34, 43]
[4, 23, 43]
[23, 24, 43]
[23, 38, 43]
[14, 23, 43]
[18, 23, 43]
[5, 23, 43]
[4, 14, 23]
[31, 36, 43]
[4, 23, 36]
[23, 36, 48]
[14, 23, 48]
[0, 14, 23]
[7, 14, 23]
[14, 23, 26]
[14, 23, 46]
[9, 14, 23]
[23, 38, 49]
[13, 18, 23]
[18, 23, 48]
[18, 23, 26]
[14, 18, 23]
[18, 23, 38]
[5, 18, 23]
[4, 18, 23]
[14, 23, 30]
[18, 23, 30]
[23, 30, 43]
[19, 39, 44]
[1, 19, 44]
[5, 39, 44]
[8, 19, 44]
[5, 18, 44]
[5, 42, 44]
[25, 40, 44]
[1, 25, 44]
[8, 25, 44]
[18, 25, 44]
[25, 33, 44]
[1, 5, 44]
[21, 25, 29]
[17, 25, 29]
[5, 8, 44]
[5, 41, 44]
[5, 43, 44]
[43, 44, 47]
[24, 43, 44]
[6, 8, 25]
[8, 25, 37]
[18, 43, 44]
[28, 43, 44]
[23, 31, 49]
[23, 26, 31]
[23, 27, 31]
[23, 31, 48]
[15, 23, 31]
[7, 23, 31]
[14, 23, 31]
[10, 23, 31]
[4, 23, 31]
[18, 23, 31]
[25, 26, 31]
[10, 25, 31]
[25, 31, 48]
[25, 29, 31]
[4, 25, 31]
[25, 31, 49]
[10, 25, 49]
[3, 17, 25]
[17, 21, 25]
[21, 25, 26]
[10, 21, 25]
[21, 25, 48]
[18, 25, 31]
[25, 30, 31]
[25, 31, 40]
[23, 31, 36]
[25, 31, 36]
[43, 44, 46]
[9, 43, 44]
[4, 25, 48]
[3, 25, 29]
[25, 26, 29]
[4, 6, 25]
[21, 25, 40]
[8, 25, 40]
[3, 8, 25]
[8, 13, 25]
[8, 25, 49]
[19, 30, 44]
[25, 30, 47]
[11, 25, 30]
[25, 30, 41]
[10, 12, 25]
[10, 13, 25]
[3, 25, 30]
[25, 29, 30]
[12, 25, 30]
[2, 16, 19]
[16, 28, 42]
[4, 16, 23]
[4, 16, 43]
[16, 23, 37]
[16, 23, 41]
[0, 16, 43]
[0, 5, 16]
[0, 16, 22]
[5, 16, 23]
[16, 23, 43]
[16, 18, 23]
[16, 28, 34]
[5, 16, 42]
[16, 25, 47]
[4, 16, 25]
[16, 43, 45]
[31, 33, 45]
[31, 33, 40]
[13, 33, 42]
[26, 33, 42]
[0, 3, 16]
[10, 23, 32]
[10, 32, 49]
[32, 35, 49]
[18, 21, 32]
[16, 18, 43]
[16, 18, 44]
[0, 18, 32]
[13, 18, 32]
[18, 32, 48]
[18, 32, 35]
[8, 18, 32]
[16, 29, 37]
[25, 36, 37]
[23, 26, 36]
[25, 26, 36]
[25, 36, 48]
[8, 16, 36]
[1, 16, 36]
[1, 25, 36]
[4, 25, 36]
[0, 33, 40]
[0, 33, 45]
[0, 6, 33]
[0, 5, 33]
[33, 39, 44]
[17, 33, 44]
[0, 14, 33]
[14, 21, 33]
[13, 33, 34]
[21, 33, 34]
[20, 33, 34]
[13, 18, 33]
[18, 21, 33]
[10, 18, 32]
[18, 23, 32]
[18, 28, 32]
[18, 32, 44]
[9, 32, 34]
[9, 32, 49]
[23, 31, 32]
[2, 24, 32]
[25, 29, 36]
[25, 36, 47]
[8, 25, 36]
[24, 32, 44]
[10, 24, 32]
[23, 24, 32]
[9, 24, 32]
[24, 33, 44]
[25, 36, 41]
[25, 30, 36]
[2, 32, 36]
[32, 36, 48]
[32, 36, 37]
[31, 32, 36]
[1, 32, 36]
[13, 32, 34]
[32, 34, 41]
[32, 34, 39]
[10, 32, 34]
[13, 32, 39]
[23, 32, 39]
[0, 32, 46]
[0, 1, 32]
[1, 32, 48]
[1, 27, 32]
[8, 32, 34]
[24, 32, 34]
[10, 32, 39]
[23, 32, 46]
[27, 33, 39]
[27, 33, 49]
[23, 27, 36]
[7, 23, 36]
[23, 36, 43]
[6, 33, 36]
[3, 33, 42]
[3, 25, 33]
[3, 17, 33]
[0, 3, 33]
[1, 32, 39]
[5, 33, 39]
[33, 39, 40]
[33, 34, 39]
[0, 19, 33]
[19, 21, 33]
[19, 33, 40]
[23, 36, 41]
[23, 30, 36]
[23, 33, 36]
[13, 33, 39]
[31, 33, 36]
[5, 33, 36]
[33, 36, 47]
[33, 36, 41]
[8, 32, 36]
[23, 32, 36]
[27, 32, 36]
[33, 36, 45]
[4, 33, 36]
[3, 33, 36]
[32, 41, 44]
[32, 35, 41]
[23, 32, 41]
[18, 32, 41]
[14, 32, 41]
[32, 41, 49]
[5, 33, 41]
[33, 34, 41]
[16, 41, 44]
[16, 32, 41]
[16, 29, 42]
[16, 23, 29]
[16, 28, 29]
[0, 16, 29]
[0, 1, 16]
[0, 16, 19]
[16, 43, 47]
[8, 16, 25]
[10, 16, 25]
[11, 16, 25]
[16, 35, 43]
[16, 42, 43]
[0, 31, 32]
[5, 16, 43]
[16, 28, 43]
[11, 16, 27]
[3, 16, 28]
[1, 16, 25]
[3, 16, 25]
[8, 16, 27]
[16, 27, 28]
[16, 27, 42]
[2, 15, 32]
[16, 29, 43]
[16, 42, 44]
[3, 16, 29]
[16, 23, 27]
[16, 27, 47]
[8, 16, 19]
[23, 32, 48]
[14, 23, 33]
[5, 18, 33]
[5, 33, 45]
[5, 20, 33]
[5, 27, 33]
[5, 33, 42]
[5, 6, 33]
[5, 21, 33]
[5, 33, 49]
[5, 13, 33]
[5, 31, 33]
[5, 28, 33]
[5, 33, 44]
[6, 17, 33]
[17, 33, 34]
[17, 21, 33]
[4, 33, 34]
[5, 16, 44]
[6, 33, 47]
[23, 32, 37]
[4, 25, 33]
[6, 25, 33]
[21, 25, 33]
[17, 25, 33]
[25, 33, 47]
[25, 26, 33]
[25, 33, 40]
[25, 33, 41]
[25, 30, 33]
[25, 31, 33]
[16, 25, 29]
[16, 25, 44]
[9, 27, 32]
[9, 17, 33]
[9, 33, 34]
[9, 21, 33]
[9, 33, 40]
[28, 33, 42]
[28, 33, 39]
[20, 28, 33]
[18, 28, 33]
[18, 26, 33]
[27, 28, 33]
[17, 28, 33]
[21, 26, 33]
[26, 33, 47]
[20, 33, 47]
[0, 26, 33]
[20, 33, 49]
[20, 33, 45]
[3, 33, 45]
[33, 39, 45]
[19, 33, 42]
[31, 33, 49]
[0, 31, 33]
[19, 31, 33]
[10, 32, 35]
[16, 18, 32]
[14, 18, 32]
[19, 33, 45]
[33, 40, 47]
[17, 33, 40]
[20, 30, 33]
[21, 33, 40]
[33, 40, 49]
[14, 33, 40]
[30, 33, 49]
[30, 33, 42]
[26, 33, 34]
[1, 13, 32]
[23, 32, 49]
[13, 23, 32]
[2, 13, 32]
[16, 36, 41]
[10, 13, 32]
[13, 15, 32]
[16, 32, 34]
[1, 16, 32]
[1, 16, 44]
[2, 16, 44]
[16, 22, 44]
[16, 44, 47]
[16, 43, 44]
[15, 32, 49]
[14, 32, 46]
[0, 14, 32]
[14, 31, 32]
[9, 23, 32]
[9, 32, 46]
[13, 27, 32]
[23, 27, 32]
[15, 27, 32]
[27, 32, 49]
[0, 16, 32]
[16, 32, 35]
[16, 36, 43]
[4, 16, 36]
[16, 23, 36]
[16, 24, 32]
[16, 36, 47]
[10, 16, 32]
[16, 32, 37]
[2, 16, 32]
[16, 27, 32]
[14, 32, 48]
[16, 29, 36]
[9, 30, 33]
[9, 33, 41]
[14, 18, 33]
[14, 30, 33]
[8, 16, 32]
[8, 32, 49]
[16, 25, 36]
[14, 21, 32]
[14, 32, 39]
[9, 14, 32]
[14, 23, 32]
[16, 28, 44]
[14, 32, 37]
[11, 16, 36]
[2, 16, 36]
[3, 16, 36]
[16, 19, 36]
[16, 27, 36]
[16, 32, 36]
[27, 28, 32]
[28, 32, 46]
[28, 32, 39]
[28, 32, 48]
[16, 44, 45]
[16, 24, 44]
[16, 19, 44]
[32, 39, 44]
[8, 27, 32]
[8, 16, 44]
[32, 44, 46]
[8, 14, 32]
[8, 32, 44]
[2, 32, 44]
[1, 32, 44]
[32, 44, 49]
[28, 32, 44]
[16, 32, 44]
[33, 41, 49]
[13, 30, 33]
[0, 30, 33]
[28, 30, 33]
[30, 33, 41]
[13, 33, 41]
[18, 33, 41]
[18, 30, 33]
[30, 33, 36]
[0, 33, 41]
[33, 39, 41]
[13, 25, 33]
[13, 27, 33]
[9, 13, 33]
[21, 27, 33]
[27, 33, 40]
[28, 33, 40]
[18, 33, 40]
[19, 27, 33]
[28, 33, 34]
[18, 31, 33]
[0, 18, 33]
[17, 18, 33]
[17, 33, 41]
[19, 33, 36]
[20, 33, 36]
[25, 33, 36]
[19, 30, 33]
[3, 30, 33]
[9, 33, 47]
[27, 31, 33]
[17, 27, 33]
[33, 44, 47]
[33, 42, 44]
[33, 41, 44]
[18, 33, 44]
[28, 33, 44]
[30, 33, 44]
[9, 33, 44]
[19, 33, 44]
[33, 44, 49]
[33, 44, 45]
[33, 40, 44]
[20, 33, 44]
