[16, 17]
[4, 17]
[4, 18]
[1, 18]
[9, 18]
[12, 18]
[13, 18]
[4, 10]
[3, 10]
[10, 16]
[3, 16]
[3, 17]
[1, 17]
[5, 17]
[8, 17]
[9, 17]
[11, 17]
[12, 17]
[13, 17]
[15, 17]
[2, 16]
[3, 4]
[1, 4]
[1, 3]
[3, 5]
[2, 5]
[2, 19]
[4, 19]
[17, 19]
[6, 19]
[29, 92]
[5, 92]
[12, 16]
[14, 20]
[6, 14]
[5, 14]
[3, 14]
[8, 14]
[10, 14]
[12, 14]
[4, 6]
[2, 6]
[1, 6]
[4, 7]
[4, 20]
[5, 20]
[7, 20]
[9, 20]
[10, 20]
[11, 20]
[12, 20]
[13, 20]
[15, 20]
[5, 7]
[27, 113]
[20, 37]
[20, 30]
[20, 41]
[20, 25]
[20, 24]
[20, 87]
[20, 81]
[20, 57]
[20, 74]
[20, 69]
[20, 84]
[20, 106]
[20, 90]
[20, 104]
[20, 105]
[20, 99]
[20, 100]
[20, 107]
[20, 43]
[20, 66]
[20, 63]
[20, 101]
[4, 97]
[6, 97]
[6, 28]
[18, 28]
[1, 7]
[3, 113]
[2, 113]
[7, 113]
[65, 113]
[55, 113]
[36, 113]
[17, 113]
[31, 113]
[3, 27]
[2, 27]
[7, 27]
[3, 21]
[1, 21]
[14, 21]
[7, 21]
[19, 21]
[14, 19]
[7, 19]
[6, 65]
[2, 65]
[21, 114]
[55, 114]
[27, 65]
[27, 55]
[17, 27]
[16, 65]
[14, 65]
[19, 65]
[18, 55]
[113, 114]
[36, 114]
[22, 114]
[17, 114]
[31, 114]
[70, 114]
[25, 114]
[43, 114]
[66, 114]
[110, 114]
[51, 114]
[13, 114]
[9, 114]
[75, 114]
[94, 114]
[30, 114]
[67, 114]
[106, 114]
[105, 114]
[100, 114]
[107, 114]
[95, 114]
[5, 114]
[20, 114]
[28, 114]
[89, 114]
[86, 114]
[83, 114]
[35, 114]
[76, 114]
[72, 114]
[71, 114]
[33, 114]
[32, 114]
[114, 115]
[2, 55]
[1, 55]
[6, 55]
[3, 116]
[2, 116]
[19, 116]
[7, 116]
[65, 116]
[21, 116]
[17, 116]
[4, 116]
[113, 116]
[70, 116]
[24, 116]
[25, 116]
[87, 116]
[57, 116]
[43, 116]
[90, 116]
[66, 116]
[98, 116]
[54, 116]
[30, 116]
[41, 116]
[53, 116]
[101, 116]
[99, 116]
[100, 116]
[95, 116]
[50, 116]
[39, 116]
[73, 116]
[62, 116]
[59, 116]
[86, 116]
[83, 116]
[35, 116]
[76, 116]
[72, 116]
[71, 116]
[32, 116]
[38, 116]
[29, 116]
[19, 53]
[19, 55]
[3, 55]
[14, 55]
[7, 55]
[23, 47]
[16, 23]
[3, 23]
[18, 73]
[3, 100]
[2, 100]
[1, 100]
[6, 100]
[7, 100]
[55, 100]
[21, 100]
[36, 100]
[4, 100]
[27, 100]
[31, 100]
[70, 100]
[10, 100]
[81, 100]
[87, 100]
[57, 100]
[90, 100]
[66, 100]
[100, 110]
[51, 100]
[9, 100]
[98, 100]
[54, 100]
[94, 100]
[60, 100]
[84, 100]
[41, 100]
[53, 100]
[67, 100]
[100, 101]
[99, 100]
[51, 113]
[55, 65]
[18, 36]
[10, 53]
[6, 53]
[27, 40]
[3, 40]
[1, 40]
[14, 40]
[16, 40]
[19, 40]
[36, 40]
[17, 40]
[31, 40]
[40, 113]
[40, 70]
[40, 81]
[24, 40]
[40, 57]
[40, 90]
[37, 40]
[40, 66]
[40, 63]
[13, 40]
[40, 98]
[10, 19]
[10, 65]
[10, 55]
[10, 21]
[10, 36]
[10, 27]
[10, 31]
[10, 113]
[10, 70]
[2, 36]
[1, 36]
[3, 36]
[15, 74]
[65, 74]
[3, 74]
[14, 36]
[7, 36]
[16, 36]
[19, 36]
[36, 55]
[3, 31]
[2, 31]
[1, 31]
[18, 24]
[1, 24]
[16, 81]
[3, 81]
[1, 81]
[19, 81]
[55, 81]
[14, 31]
[18, 31]
[19, 31]
[7, 31]
[16, 31]
[31, 36]
[17, 31]
[65, 70]
[6, 70]
[16, 70]
[55, 70]
[17, 70]
[31, 70]
[70, 113]
[70, 81]
[10, 81]
[24, 81]
[22, 81]
[7, 22]
[10, 24]
[3, 24]
[16, 24]
[24, 36]
[24, 27]
[24, 113]
[16, 25]
[3, 25]
[6, 25]
[2, 53]
[3, 53]
[14, 53]
[53, 55]
[4, 53]
[53, 70]
[53, 81]
[24, 53]
[53, 87]
[53, 69]
[53, 57]
[43, 53]
[53, 66]
[53, 63]
[53, 110]
[51, 53]
[13, 53]
[53, 54]
[53, 75]
[53, 94]
[30, 53]
[6, 9]
[18, 25]
[1, 25]
[8, 106]
[8, 74]
[8, 65]
[25, 65]
[19, 25]
[19, 22]
[17, 22]
[4, 22]
[22, 27]
[22, 113]
[22, 70]
[22, 24]
[22, 69]
[22, 43]
[22, 90]
[22, 63]
[22, 110]
[13, 22]
[9, 22]
[22, 98]
[22, 75]
[22, 94]
[22, 30]
[22, 60]
[22, 84]
[22, 53]
[7, 25]
[6, 8]
[7, 8]
[8, 21]
[4, 8]
[8, 31]
[8, 113]
[8, 70]
[8, 25]
[8, 43]
[8, 90]
[8, 110]
[8, 51]
[8, 13]
[8, 98]
[8, 40]
[8, 75]
[8, 60]
[8, 84]
[8, 41]
[8, 53]
[8, 105]
[8, 101]
[8, 100]
[8, 107]
[8, 95]
[8, 93]
[21, 25]
[10, 71]
[7, 71]
[1, 71]
[19, 71]
[65, 71]
[55, 71]
[17, 71]
[4, 71]
[31, 71]
[70, 71]
[71, 81]
[71, 74]
[66, 71]
[71, 110]
[13, 71]
[9, 71]
[71, 98]
[54, 71]
[40, 71]
[71, 94]
[30, 71]
[60, 71]
[71, 84]
[67, 71]
[71, 105]
[71, 99]
[71, 100]
[71, 107]
[71, 95]
[71, 93]
[5, 71]
[20, 71]
[50, 71]
[39, 71]
[71, 73]
[71, 83]
[71, 80]
[35, 71]
[71, 76]
[71, 72]
[25, 31]
[25, 70]
[27, 28]
[2, 28]
[3, 28]
[7, 28]
[19, 28]
[28, 65]
[17, 28]
[4, 28]
[24, 28]
[25, 28]
[28, 87]
[28, 69]
[28, 57]
[28, 74]
[28, 43]
[28, 90]
[28, 63]
[28, 51]
[13, 28]
[9, 28]
[28, 98]
[28, 54]
[28, 40]
[28, 94]
[25, 81]
[24, 25]
[27, 87]
[4, 87]
[21, 87]
[65, 87]
[2, 87]
[18, 87]
[87, 113]
[16, 87]
[36, 87]
[70, 87]
[10, 87]
[81, 87]
[24, 87]
[25, 87]
[6, 69]
[1, 69]
[18, 69]
[3, 69]
[10, 69]
[10, 95]
[19, 95]
[2, 95]
[1, 95]
[14, 95]
[7, 95]
[65, 95]
[55, 95]
[21, 95]
[36, 95]
[4, 95]
[24, 95]
[87, 95]
[69, 95]
[43, 95]
[63, 95]
[95, 110]
[13, 95]
[54, 95]
[94, 95]
[60, 95]
[84, 95]
[67, 95]
[95, 105]
[95, 104]
[13, 36]
[16, 69]
[7, 69]
[42, 95]
[42, 60]
[13, 42]
[7, 42]
[6, 42]
[16, 42]
[21, 42]
[4, 42]
[31, 42]
[42, 113]
[42, 70]
[42, 81]
[25, 42]
[42, 90]
[37, 42]
[42, 66]
[42, 63]
[40, 42]
[42, 94]
[30, 42]
[41, 42]
[42, 53]
[42, 105]
[42, 99]
[42, 93]
[42, 97]
[5, 42]
[20, 42]
[42, 50]
[39, 42]
[42, 59]
[42, 86]
[35, 42]
[42, 76]
[42, 72]
[29, 42]
[42, 117]
[42, 114]
[42, 112]
[42, 56]
[42, 109]
[42, 108]
[42, 96]
[42, 85]
[42, 64]
[0, 42]
[42, 58]
[42, 91]
[8, 42]
[42, 61]
[42, 49]
[7, 48]
[3, 48]
[6, 48]
[2, 48]
[16, 48]
[19, 48]
[48, 65]
[21, 48]
[4, 48]
[31, 48]
[48, 70]
[24, 48]
[25, 48]
[48, 87]
[48, 69]
[48, 74]
[43, 48]
[48, 90]
[48, 66]
[48, 54]
[48, 94]
[30, 48]
[41, 48]
[48, 53]
[48, 67]
[48, 106]
[48, 105]
[48, 100]
[48, 107]
[48, 95]
[5, 48]
[48, 50]
[48, 73]
[28, 48]
[48, 59]
[48, 86]
[48, 83]
[35, 48]
[32, 48]
[38, 48]
[29, 48]
[48, 119]
[48, 117]
[48, 116]
[48, 114]
[48, 111]
[48, 109]
[48, 108]
[48, 85]
[48, 82]
[15, 48]
[48, 58]
[11, 48]
[48, 61]
[48, 49]
[6, 98]
[18, 98]
[1, 98]
[14, 98]
[7, 98]
[65, 98]
[55, 98]
[21, 98]
[70, 98]
[10, 98]
[25, 98]
[57, 98]
[74, 98]
[90, 98]
[9, 98]
[18, 110]
[1, 110]
[6, 110]
[16, 110]
[19, 110]
[21, 110]
[4, 110]
[27, 110]
[110, 113]
[70, 110]
[81, 110]
[24, 110]
[25, 110]
[87, 110]
[69, 110]
[57, 110]
[43, 110]
[37, 110]
[63, 110]
[19, 69]
[65, 69]
[55, 69]
[21, 69]
[4, 69]
[31, 69]
[69, 81]
[25, 69]
[19, 57]
[7, 57]
[1, 57]
[22, 67]
[22, 101]
[22, 99]
[22, 107]
[22, 93]
[5, 22]
[20, 22]
[22, 50]
[22, 39]
[22, 73]
[22, 28]
[22, 59]
[22, 86]
[36, 57]
[27, 57]
[31, 57]
[57, 113]
[24, 57]
[16, 54]
[9, 55]
[1, 9]
[6, 109]
[18, 109]
[2, 109]
[16, 109]
[3, 109]
[57, 69]
[15, 16]
[16, 74]
[2, 74]
[6, 74]
[21, 74]
[36, 74]
[16, 107]
[18, 107]
[4, 74]
[4, 37]
[14, 29]
[29, 53]
[3, 29]
[1, 29]
[20, 29]
[10, 29]
[21, 29]
[29, 36]
[19, 29]
[27, 29]
[17, 29]
[29, 69]
[29, 40]
[29, 57]
[29, 31]
[29, 65]
[29, 81]
[29, 110]
[24, 29]
[29, 55]
[29, 66]
[29, 73]
[5, 29]
[9, 29]
[29, 74]
[29, 37]
[29, 63]
[29, 62]
[29, 94]
[29, 35]
[10, 39]
[13, 25]
[13, 57]
[13, 70]
[13, 87]
[13, 31]
[13, 65]
[13, 113]
[7, 13]
[13, 81]
[13, 110]
[13, 24]
[13, 55]
[13, 66]
[14, 66]
[10, 66]
[57, 74]
[13, 74]
[13, 47]
[47, 114]
[6, 47]
[1, 47]
[47, 100]
[20, 47]
[10, 47]
[21, 47]
[36, 47]
[47, 48]
[17, 47]
[47, 69]
[40, 47]
[8, 47]
[47, 70]
[47, 57]
[47, 87]
[47, 65]
[47, 113]
[7, 47]
[25, 47]
[47, 55]
[47, 66]
[47, 73]
[47, 106]
[18, 66]
[3, 66]
[18, 60]
[1, 60]
[1, 37]
[2, 37]
[23, 37]
[9, 37]
[14, 37]
[18, 37]
[6, 37]
[10, 37]
[21, 37]
[27, 37]
[37, 57]
[37, 87]
[31, 37]
[37, 65]
[25, 37]
[37, 55]
[37, 66]
[37, 73]
[37, 106]
[37, 74]
[20, 28]
[28, 100]
[28, 53]
[28, 95]
[28, 106]
[28, 50]
[28, 91]
[28, 34]
[28, 117]
[28, 67]
[28, 60]
[28, 89]
[28, 82]
[28, 49]
[28, 61]
[28, 105]
[0, 28]
[28, 104]
[28, 44]
[28, 103]
[28, 52]
[28, 88]
[23, 28]
[28, 85]
[21, 66]
[20, 111]
[57, 97]
[57, 66]
[57, 73]
[39, 57]
[63, 65]
[2, 63]
[36, 66]
[47, 92]
[5, 47]
[9, 47]
[47, 54]
[26, 47]
[47, 58]
[47, 96]
[33, 47]
[47, 80]
[47, 68]
[12, 47]
[1, 63]
[6, 63]
[10, 63]
[36, 63]
[16, 63]
[27, 63]
[31, 63]
[25, 63]
[63, 87]
[63, 81]
[7, 63]
[63, 66]
[21, 107]
[10, 107]
[36, 107]
[27, 107]
[65, 107]
[19, 107]
[25, 107]
[87, 107]
[81, 107]
[107, 110]
[53, 107]
[74, 107]
[66, 70]
[7, 66]
[66, 87]
[55, 66]
[31, 74]
[8, 15]
[74, 113]
[25, 74]
[74, 87]
[8, 22]
[3, 97]
[2, 97]
[5, 10]
[5, 98]
[5, 40]
[5, 53]
[5, 100]
[5, 95]
[5, 13]
[5, 107]
[5, 97]
[5, 39]
[5, 75]
[5, 111]
[5, 15]
[5, 73]
[5, 9]
[5, 30]
[5, 119]
[5, 83]
[5, 76]
[5, 106]
[5, 54]
[5, 26]
[5, 58]
[5, 80]
[5, 68]
[5, 12]
[5, 101]
[5, 102]
[5, 93]
[5, 35]
[5, 94]
[5, 50]
[5, 67]
[5, 60]
[5, 49]
[5, 105]
[5, 104]
[5, 44]
[5, 88]
[5, 59]
[5, 84]
[5, 41]
[5, 99]
[5, 79]
[5, 72]
[24, 74]
[66, 69]
[69, 74]
[22, 29]
[24, 107]
[15, 95]
[59, 95]
[16, 59]
[6, 59]
[17, 23]
[36, 97]
[27, 97]
[97, 100]
[31, 97]
[87, 97]
[97, 110]
[21, 59]
[21, 56]
[56, 114]
[16, 43]
[1, 43]
[27, 43]
[13, 97]
[16, 39]
[9, 19]
[9, 113]
[9, 21]
[23, 75]
[16, 75]
[3, 75]
[9, 10]
[9, 110]
[10, 106]
[2, 23]
[9, 70]
[9, 81]
[16, 99]
[65, 99]
[3, 99]
[9, 87]
[9, 13]
[9, 24]
[21, 106]
[2, 106]
[1, 106]
[36, 106]
[27, 106]
[12, 23]
[10, 12]
[81, 106]
[6, 99]
[14, 99]
[43, 99]
[4, 99]
[25, 99]
[99, 110]
[70, 99]
[99, 113]
[37, 99]
[36, 99]
[27, 99]
[31, 99]
[87, 99]
[19, 99]
[66, 99]
[10, 99]
[28, 99]
[69, 99]
[63, 99]
[99, 107]
[97, 99]
[39, 99]
[75, 99]
[83, 99]
[76, 99]
[54, 99]
[99, 102]
[93, 99]
[92, 99]
[94, 99]
[90, 99]
[60, 99]
[89, 99]
[99, 105]
[64, 99]
[96, 99]
[99, 115]
[11, 99]
[80, 99]
[15, 99]
[99, 109]
[82, 99]
[61, 99]
[51, 54]
[13, 51]
[4, 51]
[3, 51]
[2, 51]
[18, 51]
[21, 51]
[51, 65]
[36, 51]
[16, 51]
[31, 51]
[51, 87]
[51, 55]
[51, 66]
[7, 51]
[51, 57]
[24, 51]
[51, 69]
[51, 107]
[51, 97]
[39, 51]
[51, 73]
[30, 51]
[12, 51]
[51, 101]
[51, 102]
[51, 94]
[51, 90]
[51, 67]
[51, 105]
[51, 104]
[51, 115]
[9, 51]
[29, 51]
[47, 51]
[51, 83]
[51, 92]
[31, 106]
[87, 106]
[98, 106]
[40, 106]
[55, 106]
[66, 106]
[57, 106]
[24, 106]
[69, 106]
[97, 106]
[97, 113]
[53, 97]
[66, 97]
[69, 97]
[39, 40]
[18, 39]
[1, 39]
[39, 81]
[39, 98]
[19, 39]
[39, 55]
[7, 39]
[39, 63]
[27, 39]
[31, 39]
[39, 87]
[36, 39]
[39, 66]
[39, 69]
[39, 97]
[19, 75]
[2, 75]
[1, 75]
[6, 75]
[20, 35]
[20, 23]
[21, 75]
[17, 75]
[23, 81]
[65, 75]
[25, 75]
[7, 75]
[15, 107]
[63, 75]
[75, 110]
[70, 75]
[2, 59]
[17, 59]
[18, 59]
[75, 98]
[24, 75]
[13, 75]
[27, 75]
[75, 87]
[22, 118]
[22, 117]
[22, 82]
[75, 106]
[36, 75]
[69, 75]
[75, 97]
[56, 113]
[40, 56]
[39, 75]
[15, 24]
[15, 19]
[15, 65]
[65, 73]
[14, 73]
[21, 73]
[22, 38]
[22, 68]
[15, 31]
[13, 15]
[36, 73]
[36, 58]
[17, 58]
[3, 58]
[10, 73]
[10, 34]
[2, 34]
[1, 34]
[34, 62]
[43, 62]
[43, 64]
[3, 64]
[73, 95]
[14, 61]
[6, 61]
[73, 110]
[73, 74]
[73, 81]
[73, 98]
[19, 73]
[22, 108]
[22, 44]
[22, 33]
[22, 58]
[22, 80]
[15, 22]
[22, 49]
[22, 109]
[22, 56]
[22, 61]
[23, 29]
[7, 73]
[24, 73]
[73, 107]
[31, 73]
[73, 87]
[53, 73]
[66, 73]
[73, 97]
[39, 73]
[16, 30]
[30, 70]
[4, 30]
[16, 58]
[6, 58]
[58, 116]
[1, 58]
[58, 114]
[21, 58]
[58, 65]
[25, 58]
[58, 95]
[58, 110]
[58, 81]
[58, 98]
[40, 58]
[19, 58]
[7, 58]
[57, 58]
[24, 58]
[58, 107]
[58, 113]
[13, 58]
[27, 58]
[31, 58]
[58, 87]
[58, 106]
[58, 66]
[8, 58]
[58, 97]
[39, 58]
[58, 75]
[58, 73]
[30, 58]
[58, 102]
[43, 58]
[58, 67]
[58, 89]
[58, 104]
[41, 58]
[58, 91]
[58, 96]
[45, 58]
[9, 58]
[58, 83]
[58, 76]
[58, 92]
[58, 64]
[11, 58]
[58, 111]
[35, 58]
[58, 103]
[58, 88]
[58, 62]
[58, 72]
[58, 112]
[38, 58]
[58, 68]
[58, 108]
[33, 58]
[14, 30]
[6, 30]
[3, 30]
[30, 63]
[21, 30]
[30, 110]
[30, 37]
[30, 74]
[30, 98]
[30, 55]
[19, 30]
[30, 57]
[30, 107]
[30, 113]
[13, 30]
[30, 31]
[29, 30]
[30, 97]
[18, 86]
[2, 86]
[1, 86]
[17, 86]
[4, 86]
[16, 86]
[86, 110]
[70, 86]
[37, 86]
[74, 86]
[86, 98]
[55, 86]
[19, 86]
[10, 86]
[63, 86]
[75, 86]
[73, 86]
[21, 54]
[6, 54]
[1, 54]
[18, 54]
[14, 54]
[17, 54]
[54, 65]
[12, 21]
[6, 12]
[2, 12]
[12, 116]
[98, 102]
[14, 102]
[3, 102]
[6, 102]
[102, 116]
[1, 102]
[18, 102]
[4, 102]
[25, 102]
[100, 102]
[102, 110]
[37, 102]
[74, 102]
[40, 102]
[19, 102]
[24, 102]
[63, 102]
[102, 113]
[27, 102]
[31, 102]
[36, 102]
[69, 102]
[47, 102]
[102, 107]
[39, 102]
[12, 102]
[101, 102]
[93, 102]
[94, 102]
[43, 102]
[84, 102]
[96, 102]
[83, 102]
[92, 102]
[64, 102]
[11, 102]
[53, 102]
[102, 118]
[30, 102]
[102, 109]
[61, 102]
[73, 102]
[90, 97]
[12, 48]
[59, 100]
[14, 59]
[59, 70]
[16, 94]
[19, 94]
[3, 94]
[6, 94]
[17, 92]
[6, 15]
[3, 15]
[15, 25]
[15, 110]
[15, 37]
[15, 55]
[15, 27]
[17, 94]
[15, 100]
[2, 94]
[18, 94]
[15, 113]
[74, 94]
[94, 98]
[15, 106]
[40, 94]
[15, 69]
[15, 94]
[15, 71]
[13, 90]
[25, 90]
[16, 90]
[4, 90]
[18, 90]
[2, 90]
[57, 90]
[81, 90]
[7, 90]
[66, 90]
[70, 90]
[87, 90]
[47, 90]
[75, 90]
[39, 90]
[86, 90]
[19, 104]
[3, 104]
[6, 104]
[18, 104]
[4, 104]
[36, 104]
[16, 104]
[40, 104]
[65, 104]
[37, 104]
[27, 104]
[50, 53]
[35, 53]
[34, 53]
[45, 53]
[53, 76]
[90, 113]
[16, 93]
[81, 93]
[21, 93]
[6, 93]
[18, 93]
[4, 93]
[4, 23]
[30, 39]
[30, 43]
[30, 86]
[23, 80]
[80, 106]
[65, 93]
[23, 65]
[7, 23]
[10, 23]
[23, 36]
[23, 66]
[23, 40]
[23, 95]
[23, 110]
[23, 87]
[23, 51]
[13, 23]
[23, 69]
[9, 23]
[23, 118]
[23, 104]
[23, 105]
[23, 84]
[23, 82]
[0, 23]
[23, 62]
[30, 67]
[30, 103]
[43, 63]
[25, 43]
[37, 43]
[43, 55]
[19, 43]
[24, 43]
[4, 43]
[43, 81]
[7, 43]
[10, 43]
[43, 106]
[43, 66]
[43, 65]
[31, 43]
[39, 43]
[7, 67]
[67, 110]
[6, 67]
[1, 67]
[52, 53]
[17, 52]
[6, 52]
[3, 67]
[18, 67]
[21, 67]
[67, 74]
[67, 98]
[67, 70]
[57, 67]
[47, 67]
[63, 67]
[37, 67]
[55, 67]
[27, 67]
[67, 86]
[4, 67]
[67, 81]
[67, 106]
[65, 67]
[43, 107]
[16, 103]
[18, 103]
[3, 103]
[35, 65]
[2, 35]
[1, 35]
[6, 35]
[21, 35]
[35, 74]
[35, 98]
[35, 36]
[35, 70]
[16, 35]
[35, 100]
[17, 35]
[35, 40]
[35, 95]
[35, 110]
[35, 87]
[28, 35]
[35, 37]
[35, 55]
[19, 35]
[7, 35]
[10, 35]
[35, 106]
[35, 66]
[35, 67]
[30, 35]
[4, 103]
[17, 103]
[14, 103]
[54, 98]
[43, 75]
[1, 103]
[103, 116]
[57, 103]
[103, 114]
[3, 111]
[1, 111]
[6, 111]
[91, 111]
[81, 91]
[2, 91]
[2, 38]
[1, 38]
[38, 91]
[9, 38]
[9, 111]
[9, 86]
[9, 67]
[1, 91]
[18, 38]
[110, 111]
[99, 111]
[45, 81]
[45, 63]
[63, 117]
[12, 63]
[45, 116]
[38, 73]
[38, 98]
[38, 99]
[21, 38]
[38, 74]
[16, 38]
[38, 100]
[38, 63]
[38, 55]
[19, 38]
[7, 38]
[14, 38]
[31, 38]
[38, 70]
[38, 113]
[17, 38]
[27, 38]
[10, 38]
[38, 66]
[38, 65]
[38, 53]
[38, 39]
[38, 43]
[38, 107]
[38, 67]
[30, 38]
[38, 90]
[38, 97]
[35, 38]
[38, 115]
[38, 72]
[29, 38]
[38, 59]
[38, 78]
[38, 76]
[20, 38]
[38, 118]
[38, 84]
[38, 82]
[38, 62]
[12, 38]
[38, 101]
[38, 89]
[38, 79]
[38, 44]
[38, 112]
[74, 103]
[95, 103]
[47, 103]
[55, 103]
[7, 103]
[103, 106]
[98, 103]
[70, 103]
[103, 110]
[25, 103]
[37, 103]
[86, 103]
[65, 103]
[39, 103]
[67, 103]
[51, 103]
[35, 51]
[35, 75]
[75, 103]
[43, 69]
[13, 67]
[94, 113]
[87, 94]
[24, 94]
[57, 94]
[47, 94]
[25, 94]
[65, 94]
[75, 94]
[43, 94]
[30, 94]
[67, 94]
[43, 73]
[73, 103]
[73, 90]
[29, 86]
[29, 111]
[36, 54]
[9, 69]
[9, 75]
[9, 94]
[9, 35]
[50, 106]
[3, 50]
[1, 50]
[29, 41]
[29, 78]
[29, 76]
[11, 29]
[29, 104]
[54, 57]
[29, 105]
[27, 54]
[54, 70]
[54, 107]
[16, 60]
[2, 60]
[8, 92]
[60, 74]
[10, 60]
[60, 63]
[4, 60]
[36, 60]
[40, 60]
[60, 106]
[60, 110]
[19, 60]
[60, 113]
[7, 60]
[25, 60]
[14, 60]
[60, 87]
[60, 69]
[60, 66]
[60, 97]
[27, 60]
[13, 60]
[39, 60]
[60, 75]
[47, 60]
[43, 60]
[60, 103]
[60, 67]
[60, 86]
[30, 60]
[30, 73]
[67, 73]
[60, 73]
[54, 73]
[54, 110]
[54, 113]
[10, 54]
[25, 54]
[37, 54]
[54, 87]
[24, 54]
[54, 69]
[54, 66]
[13, 54]
[39, 54]
[54, 97]
[54, 94]
[54, 90]
[30, 54]
[54, 86]
[54, 67]
[20, 103]
[18, 50]
[21, 50]
[16, 50]
[50, 55]
[50, 95]
[40, 50]
[19, 50]
[31, 50]
[7, 50]
[50, 75]
[36, 50]
[50, 57]
[43, 50]
[50, 113]
[10, 50]
[25, 50]
[50, 107]
[37, 50]
[24, 50]
[50, 69]
[50, 66]
[27, 50]
[13, 50]
[39, 50]
[47, 50]
[23, 50]
[50, 60]
[50, 67]
[50, 73]
[50, 54]
[30, 50]
[50, 101]
[2, 101]
[1, 101]
[6, 101]
[21, 101]
[63, 101]
[4, 101]
[81, 101]
[40, 101]
[19, 101]
[75, 101]
[70, 101]
[101, 113]
[10, 101]
[25, 101]
[37, 101]
[87, 101]
[24, 101]
[69, 101]
[39, 101]
[47, 101]
[23, 101]
[60, 101]
[94, 101]
[86, 101]
[67, 101]
[101, 103]
[83, 101]
[2, 83]
[1, 83]
[6, 83]
[3, 83]
[18, 83]
[16, 83]
[63, 83]
[4, 83]
[8, 83]
[83, 95]
[83, 106]
[31, 83]
[7, 83]
[75, 83]
[17, 83]
[70, 83]
[83, 98]
[83, 113]
[10, 83]
[83, 107]
[83, 87]
[66, 83]
[65, 83]
[13, 83]
[83, 97]
[60, 83]
[83, 94]
[83, 86]
[83, 103]
[30, 83]
[50, 83]
[83, 115]
[1, 115]
[6, 115]
[18, 115]
[100, 115]
[5, 115]
[4, 115]
[81, 115]
[95, 115]
[40, 115]
[106, 115]
[19, 115]
[7, 115]
[53, 115]
[14, 115]
[17, 115]
[70, 115]
[110, 115]
[10, 115]
[25, 115]
[107, 115]
[24, 115]
[69, 115]
[65, 115]
[27, 115]
[13, 115]
[97, 115]
[60, 115]
[67, 115]
[101, 115]
[41, 101]
[1, 41]
[6, 41]
[3, 41]
[18, 41]
[21, 41]
[16, 41]
[41, 63]
[4, 41]
[41, 81]
[41, 55]
[40, 41]
[41, 106]
[19, 41]
[7, 41]
[41, 75]
[41, 70]
[41, 57]
[41, 110]
[41, 113]
[10, 41]
[41, 107]
[37, 41]
[24, 41]
[41, 69]
[41, 65]
[27, 41]
[39, 41]
[41, 97]
[28, 41]
[41, 60]
[41, 73]
[41, 54]
[31, 104]
[75, 104]
[43, 104]
[104, 107]
[69, 104]
[47, 104]
[97, 104]
[94, 104]
[86, 104]
[73, 104]
[103, 104]
[30, 104]
[83, 104]
[104, 115]
[50, 90]
[41, 90]
[41, 105]
[2, 105]
[6, 105]
[18, 105]
[21, 105]
[16, 105]
[4, 105]
[81, 105]
[55, 105]
[40, 105]
[19, 105]
[57, 105]
[105, 110]
[39, 105]
[36, 105]
[37, 105]
[27, 105]
[105, 106]
[105, 113]
[69, 105]
[47, 105]
[97, 105]
[90, 105]
[60, 105]
[94, 105]
[86, 105]
[67, 105]
[54, 105]
[83, 105]
[105, 115]
[104, 105]
[93, 105]
[93, 100]
[55, 93]
[93, 95]
[40, 93]
[19, 93]
[57, 93]
[93, 98]
[25, 93]
[66, 93]
[31, 93]
[43, 93]
[93, 113]
[93, 107]
[69, 93]
[47, 93]
[23, 93]
[90, 93]
[60, 93]
[86, 93]
[73, 93]
[54, 93]
[30, 93]
[50, 93]
[93, 101]
[41, 93]
[93, 104]
[49, 93]
[1, 49]
[6, 49]
[3, 49]
[18, 49]
[21, 49]
[16, 49]
[49, 63]
[4, 49]
[40, 49]
[49, 58]
[49, 70]
[49, 87]
[49, 100]
[49, 95]
[19, 49]
[37, 49]
[8, 49]
[49, 53]
[43, 49]
[49, 113]
[49, 107]
[49, 69]
[23, 49]
[49, 60]
[49, 94]
[49, 73]
[41, 49]
[49, 105]
[9, 49]
[9, 54]
[9, 30]
[9, 83]
[9, 104]
[104, 118]
[1, 118]
[116, 118]
[18, 118]
[21, 118]
[74, 118]
[63, 118]
[4, 118]
[40, 118]
[51, 118]
[17, 118]
[70, 118]
[10, 118]
[24, 118]
[66, 118]
[36, 118]
[95, 118]
[19, 118]
[13, 118]
[27, 118]
[31, 118]
[97, 118]
[86, 118]
[43, 118]
[69, 118]
[94, 118]
[73, 118]
[30, 118]
[50, 118]
[101, 118]
[83, 118]
[105, 118]
[49, 118]
[8, 71]
[23, 71]
[71, 115]
[71, 117]
[71, 78]
[11, 71]
[71, 111]
[35, 101]
[35, 104]
[12, 65]
[35, 60]
[12, 81]
[15, 101]
[12, 113]
[12, 25]
[12, 27]
[12, 36]
[7, 12]
[12, 37]
[12, 98]
[12, 57]
[12, 43]
[12, 24]
[12, 106]
[4, 12]
[12, 100]
[12, 95]
[12, 30]
[12, 67]
[12, 86]
[12, 90]
[12, 73]
[12, 69]
[12, 105]
[12, 41]
[9, 12]
[12, 93]
[0, 27]
[0, 16]
[15, 53]
[15, 97]
[17, 76]
[17, 111]
[17, 79]
[17, 112]
[17, 78]
[17, 32]
[17, 85]
[17, 91]
[17, 45]
[17, 62]
[17, 34]
[17, 64]
[17, 26]
[17, 88]
[17, 72]
[17, 108]
[17, 46]
[17, 77]
[17, 56]
[17, 44]
[17, 96]
[17, 82]
[17, 68]
[17, 89]
[0, 3]
[0, 2]
[0, 66]
[0, 1]
[0, 31]
[17, 33]
[0, 55]
[17, 80]
[0, 70]
[0, 18]
[0, 21]
[0, 51]
[92, 100]
[21, 92]
[42, 92]
[66, 92]
[48, 92]
[1, 92]
[3, 92]
[70, 92]
[92, 107]
[63, 92]
[39, 92]
[36, 92]
[37, 92]
[92, 98]
[43, 92]
[23, 92]
[4, 92]
[50, 92]
[92, 95]
[92, 104]
[92, 101]
[90, 92]
[73, 92]
[49, 92]
[12, 92]
[52, 92]
[11, 92]
[0, 6]
[0, 81]
[0, 113]
[21, 91]
[14, 91]
[0, 36]
[35, 115]
[0, 7]
[0, 98]
[35, 105]
[35, 41]
[35, 54]
[35, 49]
[12, 35]
[0, 57]
[0, 24]
[0, 13]
[0, 4]
[0, 20]
[0, 73]
[0, 103]
[0, 60]
[0, 101]
[0, 105]
[0, 54]
[20, 52]
[19, 52]
[8, 52]
[2, 52]
[48, 52]
[11, 12]
[8, 11]
[1, 52]
[52, 116]
[2, 11]
[31, 52]
[11, 66]
[52, 74]
[1, 11]
[52, 110]
[11, 114]
[10, 52]
[52, 58]
[16, 52]
[3, 52]
[12, 111]
[25, 111]
[7, 111]
[36, 111]
[40, 111]
[55, 111]
[24, 111]
[23, 45]
[19, 45]
[45, 66]
[45, 114]
[45, 74]
[18, 45]
[14, 45]
[45, 107]
[45, 87]
[5, 45]
[21, 45]
[36, 45]
[45, 65]
[45, 98]
[25, 45]
[45, 106]
[13, 45]
[4, 45]
[45, 100]
[45, 95]
[30, 45]
[45, 67]
[45, 97]
[45, 94]
[45, 90]
[45, 73]
[45, 69]
[45, 118]
[45, 75]
[45, 104]
[45, 60]
[41, 45]
[45, 54]
[45, 93]
[45, 49]
[12, 45]
[45, 71]
[11, 45]
[45, 92]
[45, 61]
[45, 76]
[45, 112]
[45, 78]
[32, 45]
[45, 85]
[45, 91]
[50, 52]
[52, 55]
[24, 52]
[52, 70]
[24, 91]
[16, 91]
[31, 91]
[91, 114]
[74, 91]
[55, 91]
[40, 91]
[70, 91]
[63, 91]
[87, 91]
[5, 91]
[39, 91]
[65, 91]
[57, 91]
[23, 91]
[13, 91]
[91, 95]
[91, 94]
[90, 91]
[91, 103]
[69, 91]
[91, 104]
[91, 101]
[41, 91]
[9, 91]
[12, 91]
[35, 91]
[71, 91]
[52, 91]
[84, 91]
[11, 91]
[91, 92]
[15, 91]
[91, 119]
[59, 91]
[91, 117]
[79, 91]
[32, 91]
[85, 91]
[10, 11]
[3, 11]
[52, 63]
[22, 52]
[52, 87]
[5, 52]
[52, 99]
[51, 52]
[39, 52]
[47, 52]
[52, 81]
[52, 113]
[27, 52]
[36, 52]
[7, 52]
[25, 52]
[52, 57]
[52, 106]
[13, 52]
[52, 67]
[52, 86]
[52, 94]
[52, 73]
[52, 103]
[52, 69]
[52, 83]
[52, 118]
[52, 60]
[52, 115]
[41, 52]
[52, 54]
[35, 52]
[52, 71]
[19, 84]
[74, 84]
[2, 84]
[66, 84]
[1, 84]
[84, 110]
[10, 84]
[55, 84]
[70, 84]
[18, 84]
[28, 84]
[14, 84]
[84, 87]
[47, 84]
[21, 84]
[27, 84]
[7, 84]
[65, 84]
[57, 84]
[13, 84]
[4, 84]
[30, 84]
[67, 84]
[84, 97]
[84, 94]
[84, 90]
[73, 84]
[84, 103]
[83, 84]
[60, 84]
[84, 115]
[9, 84]
[54, 84]
[49, 84]
[12, 84]
[0, 84]
[52, 84]
[11, 55]
[11, 28]
[11, 87]
[5, 11]
[11, 47]
[11, 81]
[11, 27]
[7, 11]
[11, 37]
[11, 98]
[11, 57]
[11, 24]
[11, 106]
[11, 13]
[4, 11]
[11, 50]
[11, 100]
[23, 102]
[102, 103]
[11, 115]
[11, 95]
[11, 30]
[11, 67]
[70, 111]
[18, 111]
[107, 111]
[11, 86]
[11, 97]
[19, 111]
[16, 111]
[27, 111]
[65, 111]
[50, 111]
[30, 111]
[67, 111]
[94, 111]
[104, 111]
[60, 111]
[101, 111]
[111, 115]
[41, 111]
[54, 111]
[93, 111]
[35, 111]
[52, 111]
[92, 111]
[61, 111]
[15, 111]
[111, 119]
[76, 111]
[11, 90]
[11, 73]
[23, 44]
[44, 57]
[19, 44]
[40, 44]
[44, 66]
[44, 48]
[44, 74]
[44, 70]
[18, 44]
[14, 44]
[44, 107]
[44, 63]
[44, 87]
[44, 99]
[44, 51]
[44, 47]
[44, 113]
[7, 44]
[37, 44]
[44, 98]
[44, 106]
[13, 44]
[4, 44]
[20, 44]
[44, 95]
[44, 67]
[44, 86]
[44, 94]
[44, 90]
[44, 73]
[44, 69]
[44, 83]
[44, 118]
[44, 93]
[44, 49]
[0, 44]
[44, 52]
[44, 84]
[11, 44]
[44, 92]
[44, 61]
[44, 102]
[15, 44]
[44, 119]
[44, 59]
[44, 79]
[44, 112]
[44, 45]
[44, 62]
[29, 44]
[34, 44]
[44, 88]
[44, 56]
[11, 103]
[11, 118]
[11, 75]
[11, 60]
[11, 41]
[11, 93]
[11, 52]
[11, 84]
[21, 61]
[3, 61]
[61, 65]
[10, 61]
[61, 74]
[61, 116]
[8, 61]
[55, 61]
[16, 61]
[61, 87]
[5, 61]
[19, 61]
[47, 61]
[58, 61]
[61, 113]
[27, 61]
[36, 61]
[37, 61]
[61, 98]
[25, 61]
[43, 61]
[23, 61]
[38, 71]
[33, 38]
[38, 80]
[4, 61]
[12, 61]
[50, 61]
[61, 100]
[61, 86]
[61, 73]
[61, 83]
[61, 118]
[61, 101]
[54, 61]
[61, 93]
[0, 61]
[35, 61]
[61, 71]
[52, 61]
[61, 84]
[47, 59]
[39, 59]
[11, 61]
[61, 92]
[4, 109]
[49, 102]
[15, 32]
[15, 60]
[15, 115]
[74, 76]
[31, 76]
[15, 41]
[15, 54]
[15, 73]
[12, 15]
[15, 92]
[15, 61]
[15, 117]
[15, 79]
[15, 85]
[15, 88]
[15, 46]
[15, 77]
[15, 96]
[15, 89]
[32, 39]
[6, 32]
[13, 76]
[8, 76]
[3, 76]
[70, 76]
[76, 107]
[63, 76]
[16, 76]
[76, 87]
[39, 76]
[50, 76]
[75, 76]
[76, 104]
[7, 76]
[37, 76]
[76, 98]
[43, 76]
[24, 76]
[4, 76]
[30, 76]
[67, 76]
[76, 90]
[76, 94]
[76, 105]
[76, 113]
[27, 76]
[25, 76]
[76, 106]
[76, 97]
[76, 84]
[60, 76]
[8, 78]
[2, 78]
[48, 78]
[42, 78]
[35, 78]
[43, 78]
[65, 78]
[78, 81]
[31, 78]
[78, 110]
[3, 78]
[70, 78]
[78, 107]
[63, 78]
[16, 78]
[5, 78]
[51, 78]
[6, 78]
[13, 78]
[50, 78]
[11, 78]
[29, 93]
[36, 78]
[37, 78]
[78, 98]
[57, 78]
[24, 78]
[4, 78]
[78, 95]
[67, 78]
[78, 86]
[78, 83]
[78, 105]
[27, 78]
[25, 78]
[78, 93]
[78, 84]
[60, 78]
[62, 106]
[14, 62]
[2, 62]
[31, 62]
[18, 62]
[62, 110]
[21, 62]
[28, 62]
[62, 107]
[19, 62]
[62, 63]
[56, 115]
[62, 87]
[51, 62]
[47, 62]
[20, 62]
[62, 118]
[50, 62]
[62, 75]
[27, 62]
[23, 79]
[6, 79]
[16, 79]
[31, 79]
[79, 114]
[2, 79]
[66, 79]
[1, 79]
[10, 79]
[70, 79]
[28, 79]
[79, 107]
[13, 79]
[20, 79]
[75, 79]
[79, 81]
[36, 79]
[37, 79]
[57, 79]
[43, 79]
[4, 79]
[79, 100]
[79, 86]
[79, 90]
[79, 94]
[79, 105]
[25, 79]
[79, 106]
[79, 103]
[79, 93]
[79, 84]
[11, 79]
[0, 79]
[35, 79]
[78, 79]
[79, 115]
[54, 79]
[73, 79]
[41, 79]
[69, 79]
[79, 101]
[12, 79]
[79, 92]
[61, 79]
[34, 54]
[36, 62]
[7, 62]
[62, 98]
[62, 97]
[62, 100]
[62, 95]
[62, 83]
[62, 94]
[62, 105]
[62, 103]
[62, 93]
[0, 62]
[35, 62]
[45, 62]
[62, 91]
[62, 78]
[34, 106]
[34, 116]
[34, 66]
[34, 74]
[34, 114]
[29, 34]
[31, 34]
[34, 55]
[34, 110]
[34, 71]
[13, 34]
[19, 34]
[5, 34]
[16, 34]
[34, 40]
[34, 70]
[23, 34]
[34, 107]
[34, 39]
[34, 50]
[34, 104]
[34, 37]
[34, 98]
[34, 57]
[24, 34]
[34, 67]
[34, 83]
[34, 94]
[34, 118]
[34, 105]
[9, 34]
[34, 52]
[34, 113]
[57, 64]
[14, 64]
[27, 34]
[34, 93]
[11, 34]
[0, 34]
[34, 91]
[23, 64]
[18, 64]
[8, 64]
[2, 64]
[64, 66]
[1, 64]
[31, 64]
[64, 110]
[10, 64]
[40, 64]
[64, 107]
[16, 64]
[64, 87]
[6, 64]
[50, 64]
[37, 64]
[64, 98]
[64, 106]
[4, 64]
[64, 95]
[64, 67]
[64, 86]
[64, 83]
[64, 94]
[64, 118]
[9, 64]
[64, 71]
[25, 64]
[64, 103]
[64, 93]
[64, 84]
[60, 64]
[64, 91]
[64, 76]
[64, 78]
[62, 64]
[74, 82]
[82, 110]
[18, 82]
[40, 82]
[35, 82]
[47, 82]
[82, 107]
[16, 82]
[51, 82]
[21, 82]
[13, 82]
[50, 82]
[82, 104]
[7, 82]
[57, 82]
[24, 82]
[4, 82]
[82, 100]
[82, 95]
[30, 82]
[82, 86]
[82, 90]
[82, 83]
[78, 92]
[76, 115]
[82, 94]
[82, 118]
[82, 105]
[71, 82]
[27, 82]
[34, 82]
[25, 82]
[82, 103]
[82, 93]
[60, 82]
[45, 82]
[82, 91]
[76, 82]
[34, 115]
[78, 115]
[62, 115]
[64, 115]
[34, 73]
[64, 73]
[73, 82]
[34, 111]
[78, 111]
[34, 41]
[41, 76]
[41, 62]
[41, 82]
[23, 32]
[78, 101]
[12, 78]
[61, 62]
[12, 34]
[34, 92]
[64, 69]
[64, 101]
[64, 92]
[69, 82]
[82, 92]
[61, 82]
[49, 82]
[49, 79]
[44, 82]
[32, 74]
[2, 32]
[32, 66]
[1, 32]
[32, 110]
[32, 97]
[32, 40]
[18, 32]
[6, 80]
[2, 80]
[1, 80]
[31, 80]
[80, 110]
[8, 80]
[10, 80]
[40, 80]
[70, 80]
[63, 80]
[80, 87]
[51, 80]
[58, 80]
[65, 80]
[80, 95]
[67, 80]
[80, 94]
[9, 80]
[53, 80]
[80, 97]
[13, 80]
[7, 80]
[24, 80]
[80, 115]
[80, 105]
[60, 80]
[45, 80]
[80, 91]
[50, 80]
[37, 80]
[43, 80]
[80, 86]
[80, 118]
[0, 80]
[25, 80]
[80, 93]
[36, 80]
[4, 80]
[73, 80]
[11, 80]
[54, 80]
[69, 80]
[78, 80]
[41, 80]
[62, 80]
[12, 80]
[61, 80]
[80, 101]
[64, 80]
[49, 80]
[34, 80]
[80, 117]
[80, 88]
[77, 80]
[80, 102]
[15, 80]
[59, 80]
[26, 80]
[80, 82]
[46, 80]
[80, 112]
[33, 80]
[21, 89]
[16, 89]
[18, 89]
[66, 89]
[1, 89]
[14, 89]
[89, 107]
[87, 89]
[6, 89]
[39, 89]
[47, 89]
[89, 104]
[89, 95]
[30, 89]
[9, 89]
[89, 106]
[89, 97]
[57, 89]
[24, 89]
[89, 115]
[89, 105]
[60, 89]
[50, 89]
[37, 89]
[89, 100]
[86, 89]
[83, 89]
[23, 89]
[89, 98]
[35, 89]
[89, 111]
[52, 89]
[0, 89]
[25, 89]
[4, 89]
[73, 89]
[21, 119]
[22, 119]
[40, 119]
[3, 119]
[8, 119]
[74, 119]
[1, 119]
[66, 119]
[14, 119]
[31, 119]
[10, 119]
[18, 119]
[6, 119]
[58, 119]
[75, 119]
[104, 119]
[65, 119]
[95, 119]
[67, 119]
[90, 119]
[106, 119]
[53, 119]
[13, 119]
[20, 119]
[7, 119]
[57, 119]
[24, 119]
[50, 119]
[96, 106]
[19, 96]
[18, 96]
[74, 96]
[31, 96]
[66, 96]
[1, 96]
[35, 119]
[37, 119]
[43, 119]
[83, 119]
[23, 119]
[98, 119]
[52, 119]
[76, 119]
[118, 119]
[93, 119]
[4, 119]
[73, 119]
[29, 89]
[16, 32]
[14, 32]
[32, 99]
[32, 51]
[32, 75]
[32, 104]
[32, 95]
[32, 90]
[32, 115]
[9, 32]
[20, 32]
[32, 113]
[27, 32]
[32, 98]
[32, 52]
[32, 36]
[4, 32]
[32, 71]
[32, 111]
[0, 32]
[11, 32]
[32, 54]
[8, 85]
[85, 116]
[31, 85]
[78, 119]
[32, 62]
[32, 73]
[32, 61]
[32, 101]
[14, 96]
[85, 103]
[14, 85]
[10, 85]
[3, 85]
[15, 49]
[9, 85]
[40, 85]
[22, 46]
[28, 46]
[8, 46]
[42, 46]
[46, 66]
[2, 46]
[46, 116]
[46, 74]
[3, 46]
[40, 46]
[46, 70]
[18, 46]
[46, 63]
[16, 46]
[46, 87]
[5, 46]
[46, 99]
[46, 51]
[21, 46]
[46, 65]
[46, 94]
[46, 53]
[13, 46]
[20, 46]
[7, 46]
[46, 57]
[24, 46]
[46, 103]
[46, 50]
[46, 100]
[46, 83]
[46, 76]
[46, 91]
[46, 79]
[27, 46]
[45, 46]
[46, 52]
[46, 115]
[46, 92]
[23, 46]
[46, 71]
[0, 46]
[46, 54]
[46, 62]
[46, 73]
[46, 61]
[46, 64]
[46, 101]
[46, 82]
[46, 49]
[46, 85]
[12, 46]
[46, 89]
[46, 119]
[29, 46]
[46, 68]
[46, 96]
[46, 56]
[46, 109]
[46, 112]
[46, 88]
[46, 77]
[70, 85]
[18, 85]
[63, 85]
[85, 99]
[14, 56]
[8, 56]
[56, 66]
[2, 56]
[56, 116]
[56, 74]
[55, 56]
[56, 63]
[56, 87]
[51, 56]
[47, 56]
[56, 58]
[56, 75]
[56, 104]
[56, 65]
[30, 56]
[56, 67]
[56, 90]
[56, 94]
[56, 106]
[53, 56]
[13, 56]
[7, 56]
[56, 60]
[50, 56]
[56, 100]
[56, 83]
[35, 56]
[56, 84]
[56, 76]
[56, 91]
[56, 79]
[56, 118]
[56, 98]
[52, 56]
[56, 92]
[23, 56]
[36, 56]
[4, 56]
[56, 71]
[56, 78]
[56, 111]
[56, 93]
[0, 56]
[11, 56]
[54, 56]
[56, 62]
[56, 61]
[56, 64]
[34, 56]
[32, 56]
[56, 69]
[56, 82]
[12, 56]
[56, 117]
[56, 88]
[56, 89]
[29, 56]
[56, 72]
[56, 108]
[56, 96]
[85, 95]
[6, 85]
[39, 85]
[21, 85]
[20, 85]
[85, 90]
[85, 106]
[53, 85]
[11, 85]
[27, 85]
[85, 97]
[81, 85]
[7, 85]
[71, 85]
[85, 113]
[50, 85]
[43, 85]
[85, 86]
[83, 85]
[35, 85]
[84, 85]
[85, 118]
[25, 85]
[79, 85]
[73, 85]
[85, 92]
[4, 85]
[78, 85]
[26, 42]
[26, 66]
[2, 26]
[26, 114]
[26, 31]
[26, 110]
[8, 26]
[16, 26]
[26, 99]
[26, 51]
[6, 26]
[26, 39]
[26, 58]
[21, 26]
[26, 104]
[26, 65]
[26, 95]
[85, 111]
[85, 93]
[0, 85]
[15, 119]
[15, 26]
[15, 29]
[15, 68]
[15, 112]
[15, 102]
[54, 85]
[34, 85]
[32, 85]
[69, 85]
[19, 117]
[40, 117]
[88, 97]
[88, 114]
[66, 88]
[31, 88]
[74, 88]
[10, 88]
[3, 88]
[18, 88]
[14, 88]
[88, 115]
[88, 107]
[63, 88]
[16, 88]
[87, 88]
[88, 99]
[19, 88]
[6, 88]
[39, 88]
[47, 88]
[88, 90]
[88, 94]
[53, 88]
[13, 88]
[20, 88]
[7, 88]
[88, 113]
[88, 105]
[86, 88]
[76, 88]
[88, 91]
[25, 88]
[27, 88]
[88, 98]
[52, 88]
[79, 88]
[41, 88]
[73, 88]
[88, 101]
[23, 88]
[4, 88]
[78, 88]
[88, 111]
[11, 88]
[54, 88]
[64, 88]
[69, 88]
[39, 117]
[110, 117]
[1, 117]
[21, 117]
[55, 117]
[70, 117]
[18, 117]
[14, 117]
[107, 117]
[16, 117]
[87, 117]
[51, 117]
[6, 117]
[47, 117]
[95, 117]
[67, 117]
[90, 117]
[9, 117]
[81, 117]
[106, 117]
[97, 117]
[7, 117]
[113, 117]
[103, 117]
[43, 117]
[83, 117]
[35, 117]
[84, 117]
[117, 118]
[25, 117]
[98, 117]
[41, 117]
[101, 117]
[92, 117]
[36, 117]
[4, 117]
[85, 117]
[78, 117]
[35, 102]
[54, 117]
[93, 117]
[0, 117]
[62, 117]
[64, 117]
[34, 117]
[88, 117]
[82, 88]
[82, 117]
[8, 77]
[74, 77]
[77, 116]
[66, 77]
[77, 114]
[77, 110]
[10, 77]
[3, 77]
[55, 77]
[70, 77]
[28, 77]
[77, 107]
[22, 77]
[16, 77]
[19, 77]
[6, 77]
[24, 77]
[39, 77]
[58, 77]
[65, 77]
[21, 77]
[75, 77]
[30, 77]
[67, 77]
[77, 90]
[77, 94]
[9, 77]
[20, 77]
[77, 81]
[57, 77]
[77, 113]
[77, 105]
[77, 103]
[60, 77]
[50, 77]
[77, 100]
[77, 86]
[77, 83]
[77, 118]
[25, 77]
[77, 101]
[27, 77]
[26, 30]
[52, 77]
[26, 67]
[26, 90]
[26, 97]
[20, 26]
[26, 81]
[26, 57]
[26, 103]
[26, 60]
[26, 43]
[26, 83]
[26, 91]
[26, 118]
[77, 115]
[36, 77]
[4, 77]
[77, 111]
[34, 77]
[23, 77]
[69, 77]
[77, 78]
[35, 77]
[77, 84]
[76, 77]
[77, 92]
[26, 27]
[26, 45]
[26, 41]
[26, 36]
[26, 111]
[26, 69]
[26, 35]
[26, 84]
[26, 76]
[26, 92]
[26, 78]
[26, 93]
[0, 26]
[26, 62]
[26, 61]
[26, 64]
[26, 34]
[26, 85]
[26, 88]
[26, 117]
[26, 82]
[26, 77]
[26, 56]
[26, 109]
[26, 29]
[26, 112]
[26, 102]
[26, 59]
[11, 77]
[77, 93]
[62, 77]
[64, 77]
[32, 77]
[49, 85]
[49, 77]
[41, 119]
[101, 119]
[61, 119]
[45, 89]
[11, 89]
[89, 101]
[34, 119]
[32, 119]
[85, 119]
[117, 119]
[82, 119]
[64, 89]
[41, 89]
[34, 89]
[85, 89]
[77, 89]
[82, 89]
[43, 96]
[96, 105]
[10, 96]
[3, 96]
[88, 96]
[83, 96]
[70, 96]
[75, 96]
[95, 96]
[30, 96]
[96, 119]
[67, 96]
[94, 96]
[9, 96]
[13, 96]
[81, 96]
[57, 96]
[24, 96]
[50, 96]
[91, 96]
[96, 118]
[96, 98]
[96, 115]
[36, 96]
[84, 96]
[56, 77]
[79, 96]
[23, 96]
[76, 96]
[93, 96]
[45, 96]
[71, 96]
[54, 96]
[11, 96]
[4, 96]
[78, 96]
[61, 96]
[32, 96]
[96, 117]
[89, 96]
[12, 72]
[72, 73]
[9, 72]
[72, 99]
[63, 72]
[55, 72]
[72, 110]
[72, 74]
[2, 72]
[66, 72]
[72, 97]
[40, 72]
[70, 72]
[72, 94]
[28, 72]
[14, 72]
[16, 72]
[72, 87]
[51, 72]
[21, 72]
[30, 72]
[72, 90]
[72, 106]
[53, 72]
[13, 72]
[20, 72]
[72, 81]
[57, 72]
[24, 72]
[72, 105]
[37, 72]
[43, 72]
[72, 100]
[72, 91]
[72, 98]
[35, 72]
[72, 115]
[36, 72]
[72, 79]
[0, 72]
[62, 72]
[97, 108]
[74, 108]
[108, 116]
[2, 108]
[66, 108]
[1, 108]
[33, 74]
[2, 33]
[1, 33]
[33, 110]
[33, 55]
[33, 70]
[18, 33]
[14, 33]
[33, 107]
[5, 33]
[19, 33]
[6, 33]
[33, 65]
[33, 95]
[33, 67]
[33, 90]
[33, 106]
[33, 53]
[20, 33]
[33, 81]
[33, 57]
[24, 33]
[33, 105]
[33, 43]
[33, 86]
[33, 118]
[25, 33]
[33, 115]
[0, 33]
[33, 76]
[33, 52]
[33, 93]
[33, 73]
[33, 54]
[11, 33]
[33, 62]
[12, 33]
[4, 33]
[33, 78]
[33, 69]
[33, 119]
[33, 41]
[33, 45]
[33, 71]
[33, 88]
[33, 49]
[33, 117]
[33, 89]
[26, 33]
[33, 102]
[33, 46]
[33, 61]
[33, 34]
[32, 33]
[33, 85]
[33, 96]
[33, 109]
[108, 114]
[3, 108]
[18, 108]
[55, 108]
[40, 108]
[19, 108]
[28, 108]
[70, 108]
[29, 119]
[35, 112]
[112, 115]
[14, 112]
[28, 112]
[2, 112]
[31, 112]
[10, 112]
[3, 112]
[40, 112]
[18, 112]
[16, 112]
[87, 112]
[5, 112]
[51, 112]
[30, 112]
[30, 59]
[28, 59]
[39, 112]
[104, 112]
[65, 112]
[53, 112]
[20, 112]
[81, 112]
[103, 112]
[60, 112]
[100, 112]
[112, 118]
[27, 112]
[98, 112]
[111, 112]
[79, 112]
[0, 112]
[76, 112]
[52, 112]
[23, 112]
[73, 112]
[4, 112]
[101, 112]
[71, 112]
[69, 112]
[61, 112]
[41, 112]
[88, 112]
[77, 112]
[49, 112]
[106, 108]
[107, 108]
[87, 108]
[99, 108]
[6, 108]
[21, 108]
[75, 108]
[65, 108]
[90, 108]
[94, 108]
[9, 108]
[20, 108]
[7, 108]
[108, 113]
[103, 108]
[60, 108]
[50, 108]
[43, 108]
[100, 108]
[83, 108]
[108, 118]
[27, 108]
[98, 108]
[36, 108]
[35, 108]
[76, 108]
[52, 108]
[23, 108]
[73, 108]
[54, 108]
[11, 108]
[12, 108]
[101, 108]
[69, 108]
[85, 108]
[88, 108]
[49, 108]
[108, 117]
[29, 88]
[29, 77]
[29, 49]
[29, 117]
[29, 108]
[10, 68]
[68, 114]
[48, 68]
[1, 68]
[68, 116]
[68, 74]
[36, 68]
[57, 68]
[20, 68]
[53, 68]
[65, 68]
[21, 68]
[68, 70]
[68, 87]
[51, 68]
[68, 95]
[30, 68]
[67, 68]
[68, 90]
[68, 97]
[13, 68]
[68, 81]
[68, 113]
[43, 68]
[68, 100]
[68, 86]
[68, 111]
[68, 79]
[68, 92]
[0, 68]
[35, 68]
[68, 76]
[52, 68]
[23, 68]
[44, 68]
[11, 68]
[68, 93]
[68, 101]
[45, 68]
[68, 69]
[61, 68]
[32, 68]
[68, 88]
[49, 68]
[68, 117]
[68, 89]
[29, 68]
[0, 102]
[102, 119]
[23, 109]
[17, 109]
[90, 109]
[104, 109]
[74, 109]
[109, 110]
[8, 109]
[10, 109]
[55, 109]
[14, 109]
[107, 109]
[21, 109]
[75, 109]
[67, 109]
[9, 109]
[97, 109]
[13, 109]
[81, 109]
[7, 109]
[24, 109]
[109, 113]
[37, 109]
[43, 109]
[86, 109]
[109, 118]
[25, 109]
[98, 109]
[109, 115]
[109, 111]
[38, 109]
[54, 109]
[45, 109]
[71, 109]
[69, 109]
[76, 109]
[92, 109]
[101, 109]
[78, 109]
[32, 109]
[88, 109]
[109, 117]
[89, 109]
[93, 109]
[11, 109]
[44, 109]
[34, 109]
[82, 109]
[61, 109]
[96, 112]
[109, 112]
[29, 64]
[29, 82]
[29, 96]
[29, 109]
[64, 68]
[68, 82]
[102, 112]
[29, 102]
[68, 102]
[108, 109]
[64, 108]
[102, 108]
[20, 59]
[59, 106]
[59, 99]
[40, 59]
[59, 87]
[57, 59]
[59, 113]
[59, 105]
[59, 60]
[43, 59]
[59, 83]
[52, 59]
[59, 75]
[59, 67]
[9, 59]
[59, 97]
[54, 59]
[59, 101]
[59, 93]
[59, 69]
[59, 84]
[59, 85]
[59, 76]
[59, 62]
[59, 77]
[59, 61]
[59, 88]
[59, 89]
[0, 59]
[15, 59]
[12, 59]
[59, 119]
[29, 59]
[59, 68]
[59, 82]
[59, 102]
[59, 108]
[4, 72]
[41, 72]
[72, 85]
[61, 72]
[56, 112]
[56, 102]
[72, 88]
[34, 72]
[72, 89]
[72, 119]
[49, 72]
[72, 82]
[29, 72]
[72, 112]
[72, 108]
[72, 102]
[56, 59]
[59, 72]
[56, 109]
[72, 109]
[59, 109]
