[23, 24]
[8, 24]
[8, 25]
[4, 25]
[1, 25]
[7, 25]
[10, 25]
[13, 25]
[16, 25]
[19, 25]
[20, 25]
[22, 25]
[23, 25]
[4, 13]
[3, 13]
[3, 78]
[2, 78]
[12, 78]
[5, 78]
[8, 78]
[9, 78]
[16, 78]
[17, 78]
[18, 78]
[28, 78]
[33, 78]
[34, 78]
[36, 78]
[37, 78]
[39, 78]
[41, 78]
[46, 78]
[51, 78]
[53, 78]
[54, 78]
[56, 78]
[58, 78]
[59, 78]
[61, 78]
[62, 78]
[64, 78]
[65, 78]
[66, 78]
[69, 78]
[72, 78]
[75, 78]
[76, 78]
[77, 78]
[7, 24]
[6, 24]
[9, 24]
[10, 24]
[16, 24]
[17, 24]
[18, 24]
[21, 24]
[22, 24]
[4, 15]
[2, 15]
[9, 15]
[11, 15]
[13, 15]
[4, 7]
[2, 7]
[6, 7]
[2, 4]
[2, 3]
[1, 2]
[3, 12]
[5, 12]
[11, 12]
[7, 12]
[4, 28]
[4, 5]
[3, 5]
[10, 12]
[3, 11]
[2, 11]
[2, 22]
[5, 22]
[15, 23]
[23, 46]
[78, 121]
[78, 94]
[24, 30]
[2, 30]
[1, 30]
[29, 30]
[3, 29]
[3, 30]
[15, 30]
[2, 29]
[11, 30]
[24, 29]
[30, 46]
[5, 29]
[30, 70]
[25, 29]
[22, 79]
[31, 79]
[6, 79]
[3, 79]
[2, 79]
[24, 79]
[11, 79]
[52, 79]
[62, 79]
[32, 79]
[34, 79]
[72, 79]
[44, 79]
[61, 79]
[79, 121]
[79, 104]
[79, 111]
[79, 94]
[79, 88]
[79, 85]
[79, 108]
[79, 90]
[79, 87]
[79, 98]
[79, 126]
[79, 119]
[79, 128]
[79, 143]
[79, 134]
[79, 80]
[29, 79]
[47, 79]
[58, 79]
[57, 79]
[59, 79]
[36, 79]
[79, 127]
[79, 125]
[79, 117]
[79, 116]
[79, 113]
[79, 107]
[79, 101]
[79, 92]
[79, 154]
[79, 145]
[79, 130]
[79, 152]
[79, 165]
[7, 79]
[8, 79]
[54, 79]
[75, 79]
[19, 79]
[21, 79]
[60, 79]
[55, 79]
[50, 79]
[37, 79]
[74, 79]
[68, 79]
[79, 114]
[79, 102]
[79, 96]
[79, 91]
[79, 166]
[79, 158]
[29, 109]
[31, 109]
[24, 109]
[1, 109]
[11, 109]
[71, 109]
[62, 109]
[34, 109]
[72, 109]
[44, 109]
[61, 109]
[104, 109]
[109, 142]
[94, 109]
[109, 132]
[88, 109]
[108, 109]
[87, 109]
[98, 109]
[109, 123]
[109, 126]
[109, 131]
[109, 119]
[109, 143]
[22, 109]
[47, 109]
[57, 109]
[76, 109]
[63, 109]
[109, 127]
[109, 117]
[109, 116]
[109, 113]
[97, 109]
[109, 160]
[109, 145]
[109, 130]
[109, 152]
[81, 109]
[109, 157]
[7, 109]
[8, 109]
[54, 109]
[19, 109]
[50, 109]
[43, 109]
[37, 109]
[109, 120]
[109, 114]
[109, 110]
[2, 148]
[25, 148]
[23, 148]
[11, 148]
[3, 148]
[15, 148]
[70, 148]
[45, 148]
[31, 148]
[104, 148]
[142, 148]
[94, 148]
[105, 148]
[88, 148]
[108, 148]
[98, 148]
[123, 148]
[131, 148]
[119, 148]
[128, 148]
[143, 148]
[80, 148]
[9, 148]
[29, 148]
[47, 148]
[57, 148]
[76, 148]
[63, 148]
[127, 148]
[116, 148]
[113, 148]
[107, 148]
[101, 148]
[97, 148]
[146, 148]
[136, 148]
[3, 77]
[5, 77]
[15, 76]
[5, 76]
[1, 76]
[78, 159]
[25, 36]
[36, 44]
[23, 52]
[23, 32]
[23, 31]
[23, 30]
[23, 34]
[23, 71]
[23, 61]
[23, 93]
[23, 134]
[23, 123]
[23, 143]
[23, 90]
[23, 85]
[23, 126]
[23, 108]
[23, 105]
[5, 6]
[1, 6]
[3, 6]
[1, 11]
[3, 22]
[5, 11]
[11, 45]
[15, 45]
[15, 26]
[5, 26]
[1, 26]
[1, 45]
[6, 45]
[11, 26]
[25, 26]
[22, 26]
[26, 45]
[91, 139]
[29, 91]
[31, 91]
[6, 91]
[1, 91]
[24, 91]
[15, 91]
[45, 91]
[62, 91]
[91, 104]
[7, 91]
[32, 91]
[71, 91]
[91, 134]
[91, 123]
[90, 91]
[91, 126]
[91, 108]
[91, 105]
[63, 91]
[57, 91]
[91, 118]
[91, 113]
[91, 92]
[91, 136]
[91, 164]
[91, 148]
[19, 91]
[60, 91]
[74, 91]
[43, 91]
[55, 91]
[68, 91]
[0, 91]
[91, 141]
[91, 158]
[91, 155]
[91, 137]
[91, 144]
[91, 135]
[13, 91]
[49, 91]
[42, 91]
[35, 91]
[67, 91]
[91, 149]
[86, 91]
[91, 167]
[91, 129]
[58, 91]
[59, 91]
[51, 91]
[75, 91]
[69, 91]
[66, 91]
[64, 91]
[41, 91]
[65, 91]
[91, 119]
[91, 111]
[91, 159]
[91, 142]
[91, 131]
[91, 132]
[76, 91]
[91, 125]
[91, 117]
[91, 116]
[91, 160]
[91, 157]
[91, 154]
[91, 152]
[91, 145]
[91, 146]
[16, 91]
[91, 122]
[91, 120]
[91, 112]
[91, 109]
[89, 91]
[21, 23]
[3, 62]
[78, 116]
[78, 128]
[23, 33]
[7, 33]
[6, 22]
[78, 119]
[6, 33]
[5, 62]
[26, 62]
[15, 29]
[11, 29]
[29, 72]
[29, 44]
[29, 77]
[29, 88]
[29, 32]
[29, 71]
[29, 61]
[29, 143]
[29, 134]
[23, 29]
[29, 73]
[22, 72]
[22, 45]
[22, 77]
[22, 104]
[22, 80]
[22, 52]
[22, 31]
[22, 71]
[22, 32]
[22, 126]
[22, 90]
[2, 62]
[24, 72]
[2, 72]
[24, 93]
[1, 72]
[5, 72]
[3, 72]
[78, 132]
[44, 62]
[2, 44]
[78, 131]
[45, 62]
[62, 77]
[11, 77]
[6, 77]
[78, 87]
[15, 70]
[26, 77]
[78, 98]
[78, 142]
[44, 126]
[45, 126]
[3, 126]
[77, 126]
[104, 126]
[52, 126]
[34, 126]
[46, 126]
[105, 126]
[123, 126]
[45, 70]
[26, 72]
[26, 33]
[33, 164]
[26, 164]
[26, 80]
[7, 26]
[33, 62]
[26, 71]
[20, 98]
[98, 164]
[31, 98]
[20, 31]
[7, 20]
[126, 164]
[20, 58]
[20, 126]
[20, 45]
[45, 76]
[25, 76]
[78, 127]
[78, 160]
[26, 136]
[5, 136]
[2, 136]
[1, 136]
[24, 136]
[25, 136]
[3, 136]
[11, 136]
[6, 136]
[72, 136]
[62, 136]
[70, 136]
[32, 136]
[71, 136]
[29, 136]
[44, 136]
[77, 136]
[104, 136]
[46, 136]
[123, 136]
[93, 136]
[88, 136]
[22, 136]
[47, 136]
[63, 136]
[73, 136]
[107, 136]
[113, 136]
[101, 136]
[118, 136]
[5, 70]
[26, 32]
[22, 30]
[22, 61]
[22, 143]
[3, 70]
[72, 77]
[76, 92]
[15, 92]
[24, 92]
[2, 92]
[25, 92]
[11, 92]
[6, 92]
[70, 92]
[80, 92]
[32, 92]
[44, 92]
[92, 104]
[92, 93]
[85, 92]
[88, 92]
[30, 92]
[92, 134]
[92, 143]
[22, 92]
[57, 92]
[92, 113]
[92, 97]
[70, 77]
[77, 80]
[31, 77]
[32, 77]
[77, 108]
[24, 80]
[26, 108]
[78, 79]
[24, 31]
[2, 31]
[30, 62]
[27, 30]
[11, 27]
[30, 45]
[3, 27]
[30, 44]
[2, 27]
[30, 123]
[1, 27]
[5, 31]
[27, 31]
[25, 27]
[31, 72]
[72, 123]
[79, 155]
[27, 79]
[79, 139]
[11, 80]
[1, 80]
[31, 70]
[11, 52]
[6, 80]
[45, 80]
[44, 80]
[80, 123]
[80, 90]
[80, 134]
[3, 52]
[78, 111]
[78, 117]
[78, 99]
[78, 109]
[78, 91]
[78, 154]
[78, 125]
[78, 84]
[78, 146]
[78, 152]
[78, 120]
[78, 114]
[78, 82]
[78, 150]
[78, 147]
[78, 140]
[78, 115]
[78, 162]
[78, 157]
[78, 112]
[78, 103]
[78, 169]
[78, 163]
[78, 161]
[78, 168]
[78, 145]
[78, 89]
[78, 151]
[78, 124]
[78, 165]
[78, 122]
[78, 138]
[78, 95]
[78, 153]
[78, 83]
[6, 52]
[2, 52]
[46, 77]
[77, 123]
[77, 85]
[77, 113]
[68, 77]
[40, 77]
[77, 102]
[77, 156]
[77, 135]
[77, 137]
[47, 77]
[61, 77]
[36, 77]
[77, 107]
[55, 77]
[77, 139]
[0, 77]
[42, 77]
[49, 77]
[38, 77]
[77, 129]
[77, 100]
[77, 133]
[3, 71]
[5, 71]
[26, 92]
[9, 26]
[1, 71]
[26, 58]
[20, 26]
[20, 23]
[23, 60]
[7, 60]
[26, 59]
[20, 60]
[11, 60]
[14, 26]
[20, 29]
[15, 71]
[26, 74]
[2, 20]
[44, 71]
[26, 155]
[20, 72]
[23, 112]
[24, 112]
[2, 112]
[1, 112]
[3, 112]
[15, 112]
[11, 112]
[6, 112]
[45, 112]
[22, 112]
[71, 112]
[80, 112]
[108, 112]
[112, 134]
[57, 112]
[97, 112]
[72, 112]
[68, 112]
[112, 135]
[112, 137]
[7, 112]
[59, 112]
[112, 164]
[74, 112]
[77, 112]
[112, 148]
[0, 112]
[38, 112]
[100, 112]
[112, 158]
[112, 130]
[112, 123]
[90, 112]
[30, 112]
[63, 112]
[112, 113]
[112, 156]
[107, 112]
[9, 112]
[58, 112]
[112, 155]
[48, 112]
[86, 112]
[112, 167]
[47, 112]
[112, 129]
[112, 143]
[21, 112]
[112, 141]
[73, 112]
[76, 112]
[50, 112]
[96, 112]
[112, 144]
[67, 112]
[112, 149]
[27, 112]
[12, 112]
[56, 112]
[18, 112]
[33, 112]
[66, 112]
[39, 112]
[37, 112]
[69, 112]
[87, 112]
[112, 131]
[98, 112]
[112, 142]
[28, 112]
[16, 112]
[53, 112]
[111, 112]
[112, 117]
[112, 119]
[99, 112]
[112, 146]
[112, 152]
[112, 114]
[103, 112]
[20, 44]
[29, 98]
[20, 46]
[20, 32]
[20, 104]
[20, 34]
[20, 93]
[20, 123]
[20, 90]
[20, 30]
[20, 63]
[20, 85]
[20, 81]
[20, 113]
[20, 61]
[20, 107]
[9, 20]
[20, 136]
[20, 47]
[20, 143]
[20, 144]
[20, 149]
[20, 132]
[20, 131]
[4, 20]
[20, 94]
[42, 79]
[25, 58]
[3, 58]
[82, 167]
[44, 64]
[7, 64]
[6, 64]
[5, 64]
[2, 64]
[24, 64]
[15, 64]
[64, 71]
[64, 92]
[52, 64]
[64, 134]
[57, 64]
[40, 64]
[42, 64]
[64, 88]
[64, 101]
[64, 68]
[64, 139]
[49, 64]
[43, 64]
[64, 158]
[64, 166]
[13, 64]
[8, 64]
[51, 64]
[64, 65]
[60, 64]
[34, 64]
[64, 90]
[30, 64]
[64, 85]
[61, 64]
[64, 144]
[64, 132]
[14, 64]
[64, 86]
[64, 141]
[64, 96]
[4, 64]
[3, 59]
[5, 59]
[1, 59]
[25, 59]
[15, 59]
[59, 108]
[59, 134]
[57, 59]
[59, 97]
[59, 72]
[40, 59]
[62, 108]
[2, 108]
[22, 76]
[4, 10]
[10, 70]
[3, 10]
[10, 76]
[10, 30]
[10, 109]
[10, 77]
[10, 136]
[10, 11]
[10, 22]
[10, 80]
[10, 44]
[10, 27]
[10, 55]
[10, 123]
[12, 23]
[5, 75]
[3, 75]
[2, 75]
[23, 75]
[4, 75]
[11, 58]
[58, 59]
[4, 29]
[12, 29]
[21, 29]
[29, 149]
[29, 115]
[29, 37]
[29, 39]
[29, 86]
[14, 29]
[8, 29]
[29, 124]
[29, 89]
[29, 119]
[29, 154]
[29, 107]
[29, 67]
[29, 146]
[29, 140]
[29, 133]
[29, 142]
[29, 84]
[29, 150]
[29, 102]
[29, 100]
[29, 35]
[29, 141]
[29, 38]
[29, 144]
[29, 81]
[29, 151]
[29, 152]
[29, 51]
[29, 111]
[29, 117]
[29, 138]
[12, 21]
[12, 20]
[12, 109]
[12, 136]
[12, 64]
[12, 80]
[12, 126]
[12, 27]
[12, 123]
[12, 110]
[12, 85]
[12, 60]
[12, 90]
[12, 128]
[12, 99]
[12, 55]
[12, 82]
[12, 98]
[12, 19]
[12, 113]
[12, 105]
[12, 33]
[12, 71]
[12, 44]
[12, 143]
[62, 76]
[76, 136]
[59, 136]
[11, 76]
[30, 80]
[75, 148]
[26, 126]
[59, 126]
[27, 76]
[19, 26]
[32, 76]
[2, 32]
[2, 73]
[3, 73]
[26, 73]
[5, 73]
[74, 99]
[11, 74]
[23, 73]
[25, 73]
[23, 56]
[22, 73]
[73, 77]
[59, 73]
[74, 110]
[7, 74]
[1, 74]
[74, 148]
[74, 92]
[10, 74]
[62, 74]
[74, 80]
[74, 123]
[74, 85]
[52, 74]
[60, 74]
[58, 74]
[74, 128]
[46, 74]
[74, 93]
[74, 82]
[34, 74]
[7, 19]
[5, 19]
[19, 22]
[6, 19]
[19, 92]
[19, 64]
[19, 59]
[10, 19]
[19, 136]
[19, 80]
[19, 126]
[19, 27]
[19, 110]
[19, 85]
[19, 31]
[19, 58]
[19, 120]
[19, 36]
[19, 99]
[19, 93]
[19, 82]
[27, 77]
[7, 27]
[27, 109]
[10, 58]
[58, 62]
[58, 70]
[58, 92]
[58, 110]
[58, 85]
[27, 45]
[45, 52]
[31, 44]
[31, 52]
[52, 70]
[15, 52]
[27, 136]
[27, 52]
[77, 82]
[82, 112]
[7, 82]
[24, 82]
[19, 44]
[22, 82]
[19, 72]
[4, 44]
[4, 27]
[4, 52]
[4, 98]
[82, 109]
[52, 82]
[64, 82]
[58, 71]
[58, 88]
[13, 58]
[57, 58]
[58, 157]
[58, 131]
[58, 161]
[58, 167]
[58, 132]
[58, 75]
[36, 58]
[58, 89]
[6, 98]
[3, 98]
[22, 98]
[64, 98]
[27, 98]
[31, 59]
[52, 76]
[31, 62]
[26, 82]
[10, 98]
[10, 60]
[28, 58]
[12, 14]
[82, 92]
[82, 126]
[76, 98]
[82, 136]
[27, 82]
[59, 82]
[62, 82]
[4, 62]
[82, 98]
[80, 98]
[15, 60]
[60, 70]
[1, 60]
[30, 60]
[24, 110]
[10, 87]
[30, 72]
[4, 72]
[72, 82]
[75, 93]
[70, 75]
[6, 75]
[15, 75]
[25, 75]
[22, 75]
[26, 75]
[75, 92]
[12, 75]
[75, 76]
[75, 136]
[62, 75]
[75, 80]
[52, 75]
[75, 82]
[45, 75]
[44, 75]
[71, 75]
[75, 98]
[55, 75]
[75, 111]
[75, 110]
[11, 93]
[75, 165]
[54, 75]
[75, 160]
[31, 60]
[15, 18]
[3, 18]
[72, 74]
[60, 76]
[63, 87]
[6, 123]
[2, 123]
[3, 123]
[7, 8]
[1, 8]
[9, 80]
[9, 59]
[26, 118]
[11, 118]
[5, 118]
[1, 118]
[24, 118]
[15, 118]
[25, 118]
[23, 118]
[118, 126]
[27, 118]
[22, 118]
[31, 118]
[80, 118]
[12, 118]
[118, 123]
[90, 118]
[118, 143]
[87, 118]
[8, 118]
[20, 118]
[57, 118]
[118, 161]
[45, 118]
[104, 118]
[118, 134]
[73, 118]
[47, 118]
[117, 118]
[21, 118]
[55, 118]
[99, 118]
[113, 118]
[85, 118]
[46, 118]
[108, 118]
[71, 118]
[32, 118]
[10, 118]
[118, 157]
[19, 118]
[105, 118]
[103, 118]
[16, 118]
[118, 154]
[35, 118]
[38, 118]
[118, 166]
[118, 150]
[97, 118]
[66, 118]
[118, 133]
[118, 151]
[82, 118]
[96, 118]
[118, 124]
[51, 118]
[118, 137]
[114, 118]
[110, 118]
[118, 128]
[111, 118]
[118, 160]
[13, 118]
[118, 131]
[75, 118]
[33, 118]
[49, 118]
[41, 118]
[118, 125]
[118, 129]
[9, 23]
[9, 70]
[1, 9]
[9, 92]
[9, 126]
[9, 31]
[9, 60]
[9, 90]
[4, 9]
[27, 123]
[5, 123]
[11, 123]
[21, 77]
[7, 21]
[20, 27]
[21, 27]
[11, 21]
[52, 123]
[76, 123]
[6, 21]
[61, 76]
[31, 61]
[21, 31]
[21, 22]
[75, 99]
[75, 113]
[24, 61]
[21, 62]
[3, 61]
[21, 92]
[61, 80]
[21, 80]
[52, 61]
[27, 61]
[75, 85]
[15, 17]
[17, 70]
[26, 104]
[60, 90]
[76, 90]
[6, 90]
[3, 90]
[5, 90]
[30, 51]
[23, 51]
[1, 90]
[24, 90]
[51, 58]
[58, 116]
[70, 116]
[90, 126]
[31, 90]
[51, 77]
[6, 51]
[5, 51]
[31, 51]
[22, 51]
[12, 51]
[51, 80]
[51, 136]
[51, 61]
[51, 60]
[10, 51]
[51, 90]
[4, 51]
[51, 143]
[8, 51]
[51, 93]
[51, 115]
[51, 57]
[51, 68]
[51, 134]
[51, 99]
[46, 51]
[44, 51]
[51, 71]
[51, 54]
[32, 51]
[51, 157]
[51, 74]
[43, 51]
[51, 139]
[51, 166]
[51, 150]
[42, 51]
[51, 82]
[51, 135]
[51, 100]
[6, 34]
[2, 34]
[59, 90]
[61, 90]
[4, 60]
[27, 143]
[26, 143]
[70, 143]
[2, 143]
[48, 140]
[20, 140]
[19, 140]
[27, 140]
[7, 140]
[1, 140]
[70, 140]
[6, 140]
[15, 140]
[77, 140]
[64, 140]
[11, 140]
[58, 140]
[31, 140]
[59, 140]
[72, 140]
[62, 140]
[12, 140]
[52, 140]
[123, 140]
[76, 140]
[61, 140]
[8, 140]
[63, 140]
[34, 140]
[140, 161]
[45, 140]
[104, 140]
[68, 140]
[107, 140]
[55, 140]
[113, 140]
[46, 140]
[108, 140]
[44, 140]
[71, 140]
[54, 140]
[32, 140]
[88, 140]
[140, 157]
[140, 154]
[38, 140]
[140, 166]
[97, 140]
[130, 140]
[66, 140]
[42, 140]
[135, 140]
[124, 140]
[51, 140]
[40, 140]
[9, 140]
[120, 140]
[87, 140]
[75, 140]
[81, 140]
[41, 140]
[0, 140]
[119, 140]
[84, 140]
[65, 140]
[117, 140]
[36, 140]
[56, 140]
[103, 140]
[35, 140]
[59, 143]
[72, 143]
[27, 169]
[15, 169]
[2, 169]
[1, 169]
[79, 169]
[91, 169]
[24, 169]
[6, 169]
[25, 169]
[77, 169]
[64, 169]
[58, 169]
[148, 169]
[109, 169]
[126, 169]
[31, 169]
[72, 169]
[30, 169]
[136, 169]
[52, 169]
[123, 169]
[61, 169]
[60, 169]
[10, 169]
[8, 169]
[93, 169]
[34, 169]
[17, 169]
[68, 169]
[47, 169]
[144, 169]
[107, 169]
[99, 169]
[46, 169]
[32, 169]
[88, 169]
[157, 169]
[105, 169]
[43, 169]
[101, 169]
[166, 169]
[150, 169]
[66, 169]
[82, 169]
[135, 169]
[124, 169]
[51, 169]
[110, 169]
[28, 169]
[9, 169]
[120, 169]
[87, 169]
[165, 169]
[13, 169]
[131, 169]
[75, 169]
[49, 169]
[80, 143]
[46, 75]
[1, 17]
[30, 143]
[52, 143]
[61, 74]
[3, 34]
[88, 124]
[26, 88]
[6, 88]
[2, 88]
[5, 88]
[24, 88]
[88, 126]
[27, 88]
[76, 88]
[80, 88]
[45, 88]
[88, 98]
[72, 88]
[28, 88]
[88, 120]
[36, 88]
[88, 99]
[85, 88]
[82, 88]
[61, 88]
[88, 128]
[88, 143]
[63, 88]
[88, 115]
[88, 161]
[88, 104]
[68, 88]
[88, 134]
[47, 88]
[88, 107]
[88, 149]
[71, 88]
[6, 55]
[5, 55]
[75, 108]
[7, 55]
[3, 55]
[26, 55]
[55, 70]
[51, 120]
[51, 128]
[30, 55]
[55, 92]
[55, 126]
[55, 123]
[55, 59]
[55, 90]
[52, 55]
[55, 76]
[98, 123]
[90, 98]
[30, 124]
[112, 124]
[3, 124]
[5, 124]
[7, 124]
[91, 124]
[70, 124]
[25, 124]
[77, 124]
[23, 124]
[124, 126]
[22, 124]
[62, 124]
[59, 124]
[12, 124]
[90, 124]
[27, 124]
[52, 124]
[124, 136]
[58, 124]
[34, 124]
[113, 124]
[93, 124]
[46, 124]
[108, 124]
[45, 124]
[8, 124]
[57, 124]
[44, 124]
[32, 124]
[61, 124]
[63, 124]
[124, 161]
[104, 124]
[47, 124]
[107, 124]
[124, 149]
[83, 124]
[38, 124]
[106, 124]
[2, 106]
[3, 106]
[5, 106]
[1, 106]
[7, 106]
[79, 106]
[24, 106]
[25, 106]
[29, 106]
[106, 109]
[23, 106]
[92, 106]
[106, 126]
[31, 106]
[22, 106]
[30, 106]
[11, 106]
[12, 106]
[76, 106]
[106, 123]
[4, 106]
[55, 106]
[82, 106]
[27, 106]
[98, 106]
[34, 106]
[106, 113]
[46, 106]
[106, 108]
[72, 106]
[19, 106]
[8, 106]
[106, 144]
[44, 106]
[54, 106]
[99, 106]
[85, 106]
[63, 106]
[106, 161]
[47, 106]
[105, 106]
[106, 154]
[97, 106]
[106, 130]
[2, 130]
[3, 130]
[15, 130]
[25, 130]
[77, 130]
[29, 130]
[26, 130]
[23, 130]
[11, 130]
[59, 130]
[76, 130]
[80, 130]
[123, 130]
[4, 130]
[60, 130]
[90, 130]
[55, 130]
[82, 130]
[27, 130]
[98, 130]
[113, 130]
[46, 130]
[108, 130]
[72, 130]
[19, 130]
[130, 144]
[10, 130]
[44, 130]
[32, 130]
[130, 161]
[105, 130]
[130, 154]
[38, 130]
[2, 38]
[3, 38]
[5, 38]
[1, 38]
[7, 38]
[38, 79]
[6, 38]
[25, 38]
[38, 92]
[38, 126]
[22, 38]
[30, 38]
[38, 59]
[12, 38]
[38, 80]
[4, 38]
[38, 60]
[38, 90]
[38, 93]
[38, 108]
[8, 38]
[38, 144]
[38, 54]
[38, 99]
[38, 85]
[38, 63]
[38, 161]
[38, 107]
[38, 83]
[2, 83]
[5, 83]
[1, 83]
[7, 83]
[83, 91]
[24, 83]
[70, 83]
[6, 83]
[15, 83]
[25, 83]
[77, 83]
[64, 83]
[29, 83]
[26, 83]
[23, 83]
[22, 83]
[12, 83]
[52, 83]
[80, 83]
[4, 83]
[83, 90]
[27, 83]
[34, 83]
[83, 113]
[46, 83]
[72, 83]
[8, 83]
[57, 83]
[17, 83]
[83, 144]
[32, 83]
[83, 107]
[83, 149]
[83, 88]
[83, 105]
[2, 105]
[24, 105]
[70, 105]
[6, 105]
[77, 105]
[26, 105]
[31, 105]
[11, 105]
[52, 105]
[58, 105]
[4, 105]
[60, 105]
[27, 105]
[34, 105]
[46, 105]
[72, 105]
[8, 105]
[57, 105]
[105, 144]
[10, 105]
[44, 105]
[32, 105]
[85, 105]
[61, 105]
[47, 105]
[28, 105]
[36, 105]
[19, 105]
[63, 105]
[88, 105]
[2, 113]
[3, 113]
[5, 113]
[1, 113]
[6, 113]
[25, 113]
[30, 113]
[62, 113]
[31, 113]
[76, 113]
[98, 113]
[1, 108]
[24, 108]
[70, 108]
[30, 108]
[31, 108]
[11, 108]
[76, 108]
[80, 108]
[108, 123]
[17, 108]
[54, 108]
[34, 108]
[72, 108]
[57, 108]
[85, 108]
[58, 108]
[63, 108]
[2, 63]
[5, 63]
[15, 63]
[25, 63]
[63, 126]
[63, 98]
[63, 113]
[63, 80]
[45, 63]
[54, 63]
[60, 63]
[27, 63]
[34, 63]
[57, 63]
[63, 85]
[2, 85]
[3, 85]
[24, 85]
[62, 85]
[52, 85]
[85, 113]
[11, 85]
[45, 85]
[17, 85]
[60, 85]
[27, 85]
[34, 85]
[31, 85]
[57, 85]
[32, 85]
[3, 32]
[5, 32]
[6, 32]
[15, 32]
[1, 32]
[24, 32]
[32, 70]
[12, 32]
[32, 52]
[32, 98]
[32, 123]
[17, 32]
[4, 32]
[32, 34]
[31, 32]
[32, 57]
[32, 44]
[32, 104]
[32, 61]
[32, 99]
[32, 55]
[32, 46]
[32, 144]
[32, 36]
[32, 149]
[32, 161]
[27, 32]
[32, 47]
[3, 47]
[5, 47]
[6, 47]
[25, 47]
[23, 47]
[24, 47]
[47, 70]
[26, 47]
[47, 113]
[11, 47]
[47, 80]
[45, 47]
[47, 54]
[47, 63]
[47, 59]
[10, 47]
[47, 90]
[47, 98]
[4, 47]
[34, 47]
[44, 47]
[47, 61]
[47, 99]
[47, 55]
[47, 144]
[47, 149]
[47, 161]
[36, 47]
[47, 120]
[47, 166]
[42, 47]
[47, 56]
[47, 103]
[47, 152]
[47, 134]
[47, 157]
[47, 76]
[47, 87]
[2, 87]
[3, 87]
[64, 87]
[23, 87]
[22, 87]
[1, 87]
[70, 87]
[62, 87]
[26, 87]
[87, 126]
[87, 113]
[60, 87]
[87, 108]
[52, 87]
[57, 87]
[87, 104]
[46, 87]
[8, 87]
[87, 106]
[87, 130]
[87, 90]
[51, 87]
[87, 98]
[4, 87]
[44, 87]
[55, 87]
[87, 161]
[83, 87]
[87, 154]
[71, 87]
[87, 105]
[74, 87]
[87, 166]
[36, 87]
[87, 144]
[12, 87]
[87, 120]
[87, 103]
[87, 134]
[87, 157]
[18, 87]
[87, 167]
[87, 101]
[87, 139]
[87, 143]
[21, 87]
[37, 87]
[9, 87]
[73, 87]
[87, 124]
[87, 110]
[42, 87]
[40, 87]
[87, 131]
[65, 87]
[87, 164]
[87, 159]
[87, 168]
[87, 100]
[13, 87]
[87, 119]
[39, 87]
[87, 165]
[41, 87]
[87, 94]
[87, 96]
[33, 87]
[87, 95]
[87, 162]
[50, 87]
[87, 147]
[87, 142]
[20, 87]
[20, 148]
[20, 76]
[20, 109]
[20, 152]
[20, 36]
[16, 20]
[20, 120]
[20, 103]
[18, 20]
[20, 145]
[20, 21]
[20, 35]
[20, 117]
[19, 20]
[20, 159]
[20, 114]
[20, 69]
[14, 20]
[20, 33]
[20, 48]
[20, 147]
[20, 133]
[20, 156]
[20, 141]
[20, 153]
[20, 56]
[20, 151]
[20, 167]
[20, 138]
[20, 37]
[20, 73]
[20, 102]
[20, 160]
[20, 125]
[20, 129]
[20, 127]
[20, 168]
[20, 86]
[20, 111]
[20, 67]
[20, 96]
[20, 116]
[20, 95]
[20, 128]
[20, 50]
[20, 121]
[20, 142]
[5, 142]
[23, 142]
[30, 142]
[126, 142]
[11, 142]
[80, 142]
[136, 142]
[17, 142]
[10, 142]
[105, 142]
[139, 142]
[13, 142]
[90, 142]
[85, 142]
[82, 142]
[142, 169]
[28, 142]
[57, 142]
[83, 142]
[106, 142]
[72, 142]
[59, 142]
[52, 142]
[45, 142]
[61, 142]
[113, 142]
[54, 142]
[108, 142]
[55, 142]
[63, 142]
[71, 142]
[39, 142]
[122, 142]
[49, 142]
[142, 146]
[115, 142]
[142, 150]
[137, 142]
[142, 163]
[38, 142]
[142, 161]
[142, 154]
[142, 166]
[142, 157]
[132, 142]
[75, 142]
[84, 142]
[119, 142]
[27, 142]
[76, 142]
[18, 142]
[142, 167]
[73, 142]
[81, 142]
[5, 93]
[6, 93]
[93, 126]
[5, 99]
[6, 99]
[15, 57]
[24, 99]
[55, 143]
[27, 99]
[27, 110]
[27, 46]
[27, 34]
[27, 57]
[27, 54]
[17, 27]
[27, 104]
[27, 101]
[27, 39]
[27, 158]
[13, 27]
[27, 97]
[27, 107]
[27, 149]
[27, 144]
[72, 98]
[55, 72]
[53, 59]
[26, 53]
[53, 70]
[5, 53]
[2, 53]
[6, 53]
[15, 53]
[25, 53]
[53, 77]
[53, 64]
[23, 53]
[53, 92]
[53, 136]
[53, 148]
[12, 53]
[31, 53]
[53, 58]
[53, 80]
[53, 60]
[4, 53]
[53, 90]
[53, 72]
[11, 53]
[53, 98]
[53, 55]
[53, 113]
[10, 53]
[53, 99]
[53, 108]
[53, 105]
[34, 53]
[53, 54]
[53, 63]
[17, 53]
[53, 85]
[47, 53]
[53, 83]
[32, 53]
[53, 161]
[38, 53]
[53, 101]
[53, 154]
[53, 71]
[53, 74]
[28, 53]
[53, 149]
[53, 106]
[46, 53]
[53, 110]
[53, 124]
[9, 53]
[40, 53]
[53, 132]
[49, 53]
[53, 65]
[53, 152]
[14, 53]
[53, 168]
[42, 53]
[53, 115]
[53, 128]
[53, 117]
[53, 129]
[53, 138]
[53, 147]
[53, 134]
[53, 164]
[76, 167]
[15, 167]
[79, 167]
[7, 167]
[25, 167]
[22, 167]
[24, 167]
[70, 167]
[126, 167]
[12, 167]
[52, 167]
[60, 167]
[4, 167]
[90, 167]
[51, 167]
[98, 167]
[44, 167]
[123, 167]
[113, 167]
[10, 167]
[93, 167]
[108, 167]
[105, 167]
[45, 167]
[57, 167]
[54, 167]
[104, 167]
[8, 167]
[83, 167]
[38, 167]
[101, 167]
[154, 167]
[167, 169]
[71, 167]
[33, 167]
[28, 167]
[97, 167]
[46, 167]
[132, 167]
[49, 167]
[152, 167]
[42, 167]
[8, 165]
[10, 165]
[6, 165]
[5, 165]
[2, 165]
[112, 165]
[15, 165]
[64, 165]
[92, 165]
[1, 165]
[24, 165]
[136, 165]
[59, 165]
[148, 165]
[62, 165]
[52, 165]
[31, 165]
[80, 165]
[60, 165]
[76, 165]
[72, 165]
[51, 165]
[82, 165]
[113, 165]
[57, 165]
[54, 165]
[63, 165]
[85, 165]
[83, 165]
[161, 165]
[38, 165]
[101, 165]
[71, 165]
[74, 165]
[61, 98]
[55, 82]
[44, 52]
[10, 113]
[55, 61]
[60, 113]
[72, 113]
[61, 113]
[52, 93]
[59, 93]
[47, 82]
[76, 93]
[90, 93]
[93, 123]
[4, 93]
[72, 93]
[55, 93]
[31, 45]
[45, 90]
[4, 45]
[83, 101]
[23, 160]
[25, 160]
[71, 124]
[45, 82]
[45, 55]
[45, 61]
[45, 93]
[3, 57]
[25, 57]
[12, 57]
[57, 62]
[57, 76]
[57, 60]
[57, 82]
[55, 57]
[57, 113]
[82, 85]
[55, 85]
[8, 60]
[44, 76]
[44, 98]
[44, 55]
[44, 61]
[44, 57]
[10, 57]
[90, 108]
[55, 108]
[24, 34]
[5, 34]
[1, 34]
[26, 34]
[30, 34]
[34, 52]
[34, 80]
[34, 76]
[34, 60]
[34, 123]
[4, 34]
[34, 72]
[34, 98]
[34, 61]
[34, 90]
[34, 55]
[34, 57]
[24, 54]
[54, 92]
[25, 54]
[54, 77]
[26, 54]
[54, 80]
[54, 76]
[12, 54]
[54, 62]
[54, 123]
[45, 54]
[10, 54]
[54, 55]
[63, 93]
[5, 17]
[4, 161]
[71, 83]
[44, 82]
[63, 82]
[8, 44]
[75, 105]
[75, 106]
[8, 23]
[6, 8]
[8, 59]
[8, 76]
[8, 11]
[8, 77]
[8, 70]
[8, 52]
[8, 123]
[8, 31]
[8, 45]
[8, 61]
[8, 57]
[8, 54]
[8, 55]
[10, 104]
[24, 104]
[15, 104]
[68, 83]
[83, 134]
[83, 100]
[40, 83]
[83, 143]
[83, 120]
[65, 83]
[6, 104]
[3, 104]
[1, 104]
[3, 41]
[160, 162]
[76, 162]
[24, 162]
[15, 162]
[112, 162]
[7, 162]
[25, 162]
[126, 162]
[136, 162]
[59, 162]
[12, 162]
[60, 162]
[70, 162]
[30, 162]
[52, 162]
[72, 162]
[58, 162]
[31, 162]
[80, 162]
[27, 162]
[61, 162]
[57, 162]
[47, 162]
[90, 162]
[10, 162]
[104, 162]
[93, 162]
[54, 162]
[17, 162]
[106, 162]
[85, 162]
[161, 162]
[135, 162]
[162, 167]
[32, 162]
[110, 162]
[132, 162]
[152, 162]
[122, 162]
[146, 162]
[102, 162]
[35, 162]
[84, 162]
[144, 162]
[71, 162]
[82, 162]
[33, 162]
[49, 162]
[0, 162]
[153, 162]
[81, 162]
[111, 162]
[155, 162]
[134, 162]
[100, 162]
[101, 162]
[129, 162]
[138, 162]
[127, 162]
[83, 162]
[38, 162]
[117, 162]
[53, 162]
[41, 162]
[162, 166]
[125, 162]
[56, 162]
[48, 162]
[46, 162]
[114, 162]
[88, 162]
[39, 162]
[116, 162]
[16, 162]
[74, 162]
[162, 165]
[14, 162]
[147, 162]
[139, 162]
[162, 164]
[157, 162]
[75, 162]
[95, 162]
[18, 162]
[73, 162]
[50, 162]
[115, 162]
[137, 162]
[156, 162]
[141, 162]
[89, 162]
[150, 162]
[133, 162]
[76, 127]
[11, 104]
[77, 104]
[160, 165]
[124, 165]
[62, 104]
[72, 104]
[80, 104]
[90, 104]
[35, 142]
[3, 95]
[5, 95]
[34, 113]
[104, 113]
[17, 113]
[17, 30]
[17, 23]
[6, 17]
[17, 77]
[17, 92]
[17, 148]
[17, 52]
[17, 31]
[17, 123]
[10, 28]
[8, 17]
[17, 57]
[17, 62]
[33, 73]
[42, 73]
[33, 42]
[33, 72]
[31, 33]
[31, 42]
[7, 42]
[11, 33]
[3, 33]
[2, 33]
[33, 79]
[25, 33]
[22, 33]
[33, 136]
[33, 59]
[33, 92]
[33, 70]
[2, 42]
[33, 123]
[25, 42]
[19, 33]
[19, 57]
[19, 54]
[17, 19]
[19, 104]
[19, 161]
[19, 122]
[19, 149]
[19, 94]
[19, 96]
[34, 110]
[8, 85]
[2, 110]
[82, 108]
[5, 110]
[7, 110]
[1, 110]
[110, 136]
[6, 110]
[70, 110]
[30, 110]
[76, 110]
[110, 123]
[110, 126]
[26, 110]
[31, 110]
[93, 110]
[45, 110]
[61, 110]
[10, 110]
[108, 110]
[47, 110]
[57, 110]
[106, 110]
[42, 44]
[26, 42]
[18, 169]
[23, 42]
[42, 109]
[76, 116]
[42, 76]
[30, 42]
[12, 42]
[27, 116]
[42, 52]
[11, 116]
[11, 42]
[6, 42]
[4, 42]
[42, 70]
[42, 45]
[42, 124]
[42, 55]
[8, 42]
[34, 42]
[32, 110]
[30, 152]
[5, 152]
[3, 152]
[12, 152]
[64, 152]
[22, 152]
[60, 152]
[129, 159]
[23, 159]
[26, 152]
[62, 152]
[11, 152]
[11, 28]
[7, 28]
[8, 74]
[12, 73]
[62, 73]
[73, 80]
[58, 73]
[30, 73]
[73, 126]
[73, 90]
[10, 73]
[27, 73]
[73, 113]
[73, 76]
[73, 93]
[61, 73]
[54, 73]
[31, 73]
[45, 73]
[8, 73]
[34, 73]
[32, 73]
[73, 152]
[73, 144]
[73, 149]
[73, 151]
[71, 73]
[36, 73]
[73, 166]
[73, 97]
[73, 161]
[73, 99]
[73, 154]
[46, 73]
[73, 88]
[18, 73]
[73, 133]
[73, 106]
[57, 73]
[38, 73]
[17, 73]
[47, 73]
[16, 73]
[73, 157]
[73, 145]
[73, 132]
[13, 73]
[73, 131]
[73, 159]
[73, 160]
[28, 73]
[35, 73]
[53, 73]
[73, 156]
[73, 129]
[73, 138]
[19, 73]
[73, 143]
[73, 81]
[73, 100]
[73, 165]
[73, 139]
[21, 73]
[73, 153]
[73, 146]
[73, 84]
[66, 73]
[73, 135]
[67, 73]
[69, 73]
[73, 141]
[73, 127]
[73, 82]
[73, 94]
[73, 168]
[0, 73]
[39, 73]
[73, 116]
[73, 95]
[117, 134]
[23, 117]
[2, 117]
[5, 117]
[64, 117]
[1, 117]
[60, 117]
[117, 123]
[98, 117]
[70, 117]
[4, 117]
[108, 117]
[117, 120]
[56, 117]
[9, 117]
[101, 117]
[59, 117]
[31, 117]
[117, 126]
[34, 117]
[26, 117]
[83, 117]
[51, 117]
[47, 117]
[58, 117]
[45, 117]
[117, 142]
[19, 117]
[57, 117]
[61, 117]
[106, 117]
[25, 117]
[80, 117]
[30, 117]
[93, 117]
[38, 117]
[117, 146]
[13, 117]
[117, 153]
[14, 117]
[65, 117]
[40, 117]
[107, 117]
[117, 154]
[117, 161]
[95, 117]
[114, 117]
[84, 117]
[97, 117]
[50, 117]
[86, 117]
[21, 117]
[116, 117]
[36, 117]
[28, 117]
[117, 158]
[37, 117]
[117, 166]
[117, 137]
[2, 137]
[5, 137]
[3, 137]
[7, 137]
[92, 137]
[52, 137]
[136, 137]
[72, 137]
[73, 137]
[12, 137]
[88, 137]
[137, 148]
[109, 137]
[11, 137]
[15, 137]
[137, 167]
[44, 137]
[10, 137]
[85, 137]
[62, 137]
[59, 137]
[55, 137]
[82, 137]
[87, 137]
[130, 137]
[137, 144]
[17, 137]
[137, 168]
[137, 149]
[133, 137]
[137, 165]
[110, 137]
[35, 137]
[67, 137]
[137, 164]
[122, 137]
[100, 137]
[137, 159]
[137, 143]
[102, 137]
[42, 137]
[74, 137]
[128, 137]
[96, 137]
[129, 137]
[0, 137]
[101, 137]
[43, 137]
[137, 156]
[48, 137]
[69, 137]
[34, 137]
[51, 137]
[47, 137]
[58, 137]
[45, 137]
[19, 137]
[57, 137]
[61, 137]
[31, 137]
[126, 137]
[106, 137]
[80, 137]
[30, 137]
[38, 137]
[137, 146]
[14, 137]
[107, 137]
[137, 154]
[97, 137]
[21, 137]
[137, 166]
[131, 137]
[66, 137]
[137, 152]
[135, 137]
[33, 137]
[137, 151]
[119, 137]
[116, 137]
[137, 153]
[114, 137]
[50, 137]
[36, 137]
[111, 137]
[137, 145]
[125, 137]
[2, 125]
[5, 125]
[3, 125]
[23, 125]
[6, 125]
[77, 125]
[24, 125]
[52, 125]
[125, 136]
[125, 140]
[12, 125]
[27, 125]
[44, 125]
[76, 125]
[32, 125]
[90, 125]
[4, 125]
[125, 130]
[125, 134]
[105, 125]
[125, 144]
[17, 125]
[125, 149]
[35, 125]
[125, 157]
[49, 125]
[125, 164]
[70, 125]
[60, 125]
[75, 125]
[125, 150]
[125, 132]
[125, 139]
[125, 127]
[9, 125]
[125, 159]
[102, 125]
[125, 163]
[26, 125]
[25, 125]
[42, 125]
[74, 125]
[0, 125]
[101, 125]
[125, 147]
[125, 156]
[125, 161]
[95, 125]
[84, 125]
[56, 125]
[121, 125]
[125, 155]
[115, 125]
[94, 125]
[37, 125]
[47, 125]
[86, 125]
[58, 125]
[125, 128]
[117, 125]
[19, 125]
[125, 142]
[106, 125]
[80, 125]
[30, 125]
[38, 125]
[125, 154]
[97, 125]
[21, 125]
[125, 166]
[125, 131]
[33, 125]
[116, 125]
[50, 125]
[36, 125]
[111, 125]
[2, 111]
[5, 111]
[23, 111]
[64, 111]
[6, 111]
[24, 111]
[111, 136]
[12, 111]
[11, 111]
[27, 111]
[10, 111]
[76, 111]
[85, 111]
[32, 111]
[62, 111]
[82, 111]
[90, 111]
[98, 111]
[4, 111]
[111, 113]
[46, 111]
[99, 111]
[71, 111]
[111, 165]
[110, 111]
[35, 111]
[111, 120]
[111, 150]
[41, 111]
[111, 132]
[111, 139]
[111, 127]
[111, 143]
[103, 111]
[111, 163]
[26, 111]
[42, 111]
[74, 111]
[96, 111]
[0, 111]
[81, 111]
[111, 147]
[43, 111]
[111, 156]
[51, 111]
[93, 111]
[65, 111]
[40, 111]
[111, 161]
[56, 111]
[111, 121]
[94, 111]
[16, 111]
[47, 111]
[111, 129]
[111, 128]
[45, 111]
[69, 111]
[111, 117]
[57, 111]
[111, 126]
[111, 142]
[39, 111]
[48, 111]
[111, 146]
[107, 111]
[97, 111]
[21, 111]
[111, 131]
[66, 111]
[111, 135]
[33, 111]
[111, 151]
[111, 119]
[111, 116]
[111, 153]
[111, 114]
[2, 114]
[7, 114]
[1, 114]
[6, 114]
[24, 114]
[52, 114]
[114, 136]
[114, 169]
[114, 124]
[114, 148]
[11, 114]
[15, 114]
[114, 167]
[44, 114]
[10, 114]
[54, 114]
[62, 114]
[82, 114]
[90, 114]
[4, 114]
[113, 114]
[105, 114]
[114, 144]
[114, 168]
[99, 114]
[114, 149]
[114, 165]
[35, 114]
[114, 157]
[114, 164]
[114, 122]
[60, 114]
[114, 120]
[114, 150]
[114, 132]
[114, 123]
[114, 143]
[114, 163]
[26, 114]
[83, 114]
[42, 114]
[96, 114]
[101, 114]
[81, 114]
[43, 114]
[51, 114]
[93, 114]
[65, 114]
[40, 114]
[114, 161]
[95, 114]
[114, 158]
[56, 114]
[114, 121]
[114, 155]
[114, 160]
[94, 114]
[16, 114]
[47, 114]
[86, 114]
[114, 129]
[58, 114]
[69, 114]
[57, 114]
[114, 126]
[114, 142]
[30, 114]
[38, 114]
[114, 146]
[107, 114]
[97, 114]
[114, 116]
[36, 114]
[66, 114]
[114, 152]
[114, 135]
[2, 135]
[5, 135]
[7, 135]
[23, 135]
[92, 135]
[1, 135]
[22, 135]
[24, 135]
[135, 136]
[72, 135]
[12, 135]
[88, 135]
[135, 148]
[109, 135]
[15, 135]
[44, 135]
[10, 135]
[85, 135]
[63, 135]
[62, 135]
[4, 135]
[113, 135]
[130, 135]
[105, 135]
[99, 135]
[135, 149]
[71, 135]
[89, 135]
[122, 135]
[100, 135]
[135, 150]
[132, 135]
[123, 135]
[127, 135]
[135, 159]
[102, 135]
[103, 135]
[68, 135]
[135, 163]
[74, 135]
[0, 135]
[101, 135]
[135, 147]
[53, 135]
[43, 135]
[135, 156]
[34, 135]
[65, 135]
[135, 161]
[95, 135]
[47, 135]
[86, 135]
[94, 135]
[19, 135]
[57, 135]
[135, 160]
[37, 135]
[106, 135]
[38, 135]
[135, 146]
[135, 154]
[50, 135]
[48, 135]
[135, 166]
[135, 145]
[21, 135]
[117, 135]
[116, 135]
[131, 135]
[2, 131]
[23, 131]
[92, 131]
[6, 131]
[77, 131]
[52, 131]
[131, 136]
[12, 131]
[88, 131]
[27, 131]
[131, 167]
[8, 131]
[10, 131]
[76, 131]
[85, 131]
[62, 131]
[104, 131]
[131, 144]
[17, 131]
[131, 168]
[99, 131]
[131, 149]
[131, 165]
[110, 131]
[131, 157]
[131, 164]
[122, 131]
[100, 131]
[131, 141]
[75, 131]
[41, 131]
[123, 131]
[131, 138]
[131, 143]
[103, 131]
[68, 131]
[26, 131]
[83, 131]
[74, 131]
[81, 131]
[93, 131]
[67, 131]
[129, 131]
[128, 131]
[40, 131]
[84, 131]
[121, 131]
[61, 131]
[107, 131]
[131, 153]
[36, 131]
[69, 131]
[66, 131]
[14, 131]
[39, 131]
[101, 131]
[53, 131]
[43, 131]
[131, 156]
[131, 163]
[95, 131]
[47, 131]
[51, 131]
[102, 131]
[33, 131]
[119, 131]
[131, 161]
[86, 131]
[19, 131]
[37, 131]
[131, 146]
[21, 131]
[117, 131]
[117, 155]
[115, 117]
[117, 152]
[16, 117]
[66, 117]
[33, 117]
[117, 119]
[117, 145]
[94, 117]
[117, 121]
[39, 117]
[117, 160]
[2, 160]
[64, 160]
[92, 160]
[1, 160]
[77, 160]
[22, 160]
[24, 160]
[52, 160]
[136, 160]
[124, 160]
[12, 160]
[27, 160]
[160, 167]
[44, 160]
[8, 160]
[10, 160]
[76, 160]
[54, 160]
[32, 160]
[63, 160]
[62, 160]
[108, 160]
[90, 160]
[98, 160]
[130, 160]
[46, 160]
[105, 160]
[17, 160]
[149, 160]
[71, 160]
[110, 160]
[157, 160]
[160, 164]
[122, 160]
[70, 160]
[41, 160]
[138, 160]
[83, 160]
[74, 160]
[93, 160]
[56, 160]
[129, 160]
[144, 160]
[100, 160]
[96, 160]
[69, 160]
[89, 160]
[147, 160]
[127, 160]
[48, 160]
[45, 160]
[31, 160]
[80, 160]
[143, 160]
[103, 160]
[141, 160]
[68, 160]
[156, 160]
[97, 160]
[101, 160]
[36, 160]
[57, 160]
[47, 160]
[84, 160]
[38, 160]
[19, 160]
[106, 160]
[95, 160]
[65, 160]
[50, 160]
[51, 160]
[158, 160]
[146, 160]
[21, 160]
[53, 160]
[86, 160]
[37, 160]
[152, 160]
[115, 160]
[16, 160]
[66, 160]
[33, 160]
[145, 160]
[39, 160]
[5, 39]
[39, 79]
[7, 39]
[39, 64]
[39, 92]
[6, 39]
[22, 39]
[39, 136]
[39, 169]
[39, 124]
[12, 39]
[11, 39]
[15, 39]
[8, 39]
[10, 39]
[39, 76]
[39, 54]
[39, 55]
[39, 108]
[39, 82]
[39, 98]
[39, 113]
[39, 104]
[39, 71]
[39, 123]
[9, 39]
[39, 49]
[39, 134]
[39, 168]
[35, 39]
[39, 126]
[18, 39]
[39, 61]
[34, 39]
[39, 40]
[39, 107]
[14, 39]
[32, 39]
[39, 157]
[39, 122]
[39, 75]
[39, 132]
[39, 133]
[39, 138]
[39, 83]
[39, 74]
[39, 93]
[39, 56]
[39, 144]
[39, 150]
[39, 139]
[39, 128]
[39, 96]
[39, 127]
[39, 45]
[39, 43]
[39, 161]
[39, 153]
[39, 163]
[39, 116]
[39, 143]
[39, 119]
[39, 121]
[36, 39]
[39, 47]
[39, 106]
[39, 50]
[39, 51]
[39, 158]
[39, 69]
[39, 118]
[39, 86]
[39, 66]
[39, 145]
[29, 145]
[112, 145]
[64, 145]
[92, 145]
[6, 145]
[22, 145]
[72, 145]
[124, 145]
[12, 145]
[145, 148]
[15, 145]
[27, 145]
[145, 167]
[44, 145]
[85, 145]
[54, 145]
[108, 145]
[4, 145]
[46, 145]
[105, 145]
[145, 165]
[60, 145]
[120, 145]
[25, 145]
[142, 145]
[114, 145]
[88, 145]
[130, 145]
[145, 164]
[41, 145]
[42, 145]
[81, 145]
[100, 145]
[89, 145]
[145, 147]
[80, 145]
[145, 159]
[13, 145]
[67, 145]
[113, 145]
[9, 145]
[134, 145]
[126, 145]
[18, 145]
[0, 145]
[145, 166]
[28, 145]
[61, 145]
[34, 145]
[40, 145]
[107, 145]
[32, 145]
[145, 157]
[75, 145]
[132, 145]
[133, 145]
[138, 145]
[93, 145]
[56, 145]
[145, 150]
[139, 145]
[96, 145]
[45, 145]
[43, 145]
[145, 161]
[68, 145]
[97, 145]
[101, 145]
[82, 145]
[84, 145]
[65, 145]
[145, 153]
[145, 163]
[141, 145]
[116, 145]
[33, 145]
[106, 145]
[50, 145]
[86, 145]
[2, 86]
[7, 86]
[22, 86]
[24, 86]
[52, 86]
[86, 136]
[86, 140]
[11, 86]
[15, 86]
[86, 167]
[8, 86]
[76, 86]
[85, 86]
[54, 86]
[62, 86]
[55, 86]
[46, 86]
[86, 105]
[17, 86]
[86, 99]
[70, 86]
[60, 86]
[86, 120]
[26, 86]
[25, 86]
[86, 142]
[30, 86]
[58, 86]
[86, 88]
[42, 86]
[86, 100]
[86, 89]
[80, 86]
[86, 159]
[13, 86]
[86, 154]
[86, 102]
[86, 98]
[86, 113]
[86, 104]
[86, 123]
[9, 86]
[86, 168]
[35, 86]
[18, 86]
[0, 86]
[28, 86]
[40, 86]
[86, 107]
[86, 157]
[86, 133]
[83, 86]
[56, 86]
[86, 139]
[86, 161]
[48, 86]
[86, 155]
[86, 101]
[57, 86]
[82, 86]
[86, 95]
[65, 86]
[86, 146]
[21, 86]
[86, 141]
[86, 156]
[86, 152]
[86, 115]
[16, 86]
[86, 119]
[33, 86]
[86, 151]
[69, 86]
[86, 118]
[67, 118]
[48, 118]
[53, 118]
[116, 118]
[69, 118]
[29, 69]
[5, 69]
[7, 69]
[23, 69]
[64, 69]
[69, 92]
[6, 69]
[69, 136]
[69, 140]
[69, 148]
[15, 69]
[69, 167]
[44, 69]
[8, 69]
[10, 69]
[63, 69]
[62, 69]
[55, 69]
[4, 69]
[46, 69]
[69, 105]
[17, 69]
[69, 99]
[69, 149]
[69, 110]
[69, 70]
[60, 69]
[69, 120]
[26, 69]
[69, 142]
[30, 69]
[58, 69]
[69, 130]
[69, 81]
[69, 100]
[69, 89]
[69, 147]
[69, 80]
[69, 159]
[69, 102]
[9, 69]
[49, 69]
[69, 134]
[69, 168]
[35, 69]
[69, 126]
[0, 69]
[69, 166]
[28, 69]
[40, 69]
[14, 69]
[69, 157]
[69, 122]
[69, 75]
[69, 133]
[69, 83]
[69, 74]
[56, 69]
[69, 144]
[69, 139]
[69, 128]
[43, 69]
[69, 161]
[68, 69]
[65, 69]
[69, 153]
[69, 163]
[69, 141]
[69, 156]
[36, 69]
[69, 158]
[38, 69]
[69, 143]
[69, 103]
[33, 69]
[69, 151]
[51, 69]
[16, 69]
[5, 16]
[3, 16]
[7, 16]
[16, 23]
[16, 92]
[6, 16]
[16, 77]
[16, 52]
[16, 72]
[16, 169]
[16, 124]
[12, 16]
[16, 148]
[16, 109]
[11, 16]
[16, 27]
[16, 44]
[16, 85]
[16, 54]
[16, 55]
[16, 108]
[16, 90]
[16, 17]
[16, 99]
[16, 110]
[16, 60]
[16, 26]
[16, 58]
[16, 42]
[16, 89]
[16, 31]
[16, 159]
[16, 102]
[16, 113]
[16, 104]
[9, 16]
[16, 134]
[16, 18]
[0, 16]
[16, 34]
[16, 40]
[16, 75]
[16, 132]
[16, 138]
[16, 83]
[16, 74]
[16, 144]
[16, 150]
[16, 139]
[16, 43]
[16, 94]
[16, 141]
[16, 37]
[16, 119]
[16, 106]
[16, 50]
[16, 158]
[16, 164]
[16, 81]
[16, 168]
[16, 107]
[16, 157]
[16, 161]
[16, 84]
[16, 146]
[16, 152]
[16, 82]
[16, 19]
[16, 143]
[16, 33]
[16, 97]
[16, 48]
[2, 48]
[48, 79]
[7, 48]
[1, 48]
[6, 48]
[48, 136]
[48, 72]
[48, 124]
[12, 48]
[48, 148]
[11, 48]
[44, 48]
[8, 48]
[48, 85]
[48, 59]
[48, 90]
[4, 48]
[48, 105]
[17, 48]
[48, 165]
[48, 70]
[48, 142]
[30, 48]
[48, 88]
[48, 80]
[48, 98]
[48, 123]
[32, 48]
[48, 156]
[36, 48]
[48, 149]
[48, 154]
[35, 48]
[48, 133]
[48, 95]
[26, 48]
[42, 48]
[48, 89]
[48, 159]
[48, 102]
[48, 113]
[18, 48]
[48, 132]
[48, 138]
[48, 74]
[43, 48]
[48, 94]
[37, 48]
[21, 48]
[48, 119]
[48, 106]
[48, 50]
[48, 158]
[48, 103]
[48, 151]
[48, 51]
[48, 99]
[25, 48]
[48, 107]
[48, 157]
[48, 146]
[48, 152]
[19, 48]
[48, 97]
[29, 97]
[5, 97]
[3, 97]
[1, 97]
[6, 97]
[72, 97]
[12, 97]
[11, 97]
[15, 97]
[8, 97]
[10, 97]
[76, 97]
[62, 97]
[55, 97]
[4, 97]
[97, 105]
[17, 97]
[97, 165]
[60, 97]
[97, 120]
[88, 97]
[13, 97]
[97, 126]
[28, 97]
[61, 97]
[97, 122]
[93, 97]
[96, 97]
[45, 97]
[97, 155]
[68, 97]
[97, 156]
[97, 121]
[36, 97]
[97, 149]
[41, 97]
[97, 154]
[49, 97]
[56, 97]
[97, 127]
[42, 97]
[89, 97]
[31, 97]
[97, 159]
[97, 102]
[97, 113]
[9, 97]
[97, 134]
[18, 97]
[34, 97]
[40, 97]
[97, 132]
[97, 138]
[97, 150]
[43, 97]
[94, 97]
[57, 97]
[97, 141]
[37, 97]
[97, 119]
[50, 97]
[97, 99]
[25, 97]
[97, 164]
[97, 168]
[97, 161]
[82, 97]
[97, 151]
[81, 97]
[81, 92]
[1, 81]
[24, 81]
[52, 81]
[81, 136]
[81, 124]
[12, 81]
[8, 81]
[10, 81]
[81, 85]
[54, 81]
[63, 81]
[59, 81]
[81, 90]
[4, 81]
[81, 105]
[81, 110]
[70, 81]
[60, 81]
[81, 88]
[81, 130]
[81, 147]
[81, 126]
[14, 81]
[32, 81]
[81, 149]
[41, 81]
[81, 154]
[49, 81]
[81, 133]
[81, 101]
[65, 81]
[81, 153]
[81, 89]
[75, 81]
[81, 103]
[71, 81]
[81, 166]
[28, 81]
[81, 122]
[81, 155]
[68, 81]
[81, 156]
[36, 81]
[81, 157]
[81, 100]
[19, 81]
[21, 81]
[67, 81]
[81, 152]
[81, 159]
[81, 143]
[81, 113]
[9, 81]
[81, 134]
[18, 81]
[40, 81]
[43, 81]
[81, 127]
[56, 81]
[57, 81]
[81, 138]
[81, 141]
[50, 81]
[81, 106]
[81, 119]
[81, 99]
[25, 81]
[81, 161]
[81, 82]
[46, 82]
[17, 82]
[82, 147]
[14, 82]
[44, 104]
[19, 101]
[117, 151]
[54, 104]
[26, 149]
[21, 34]
[8, 21]
[8, 46]
[3, 46]
[21, 28]
[2, 46]
[26, 35]
[19, 89]
[46, 59]
[24, 46]
[11, 46]
[17, 99]
[30, 99]
[46, 63]
[6, 40]
[3, 40]
[3, 120]
[7, 120]
[4, 120]
[6, 120]
[30, 41]
[41, 167]
[41, 64]
[46, 76]
[41, 76]
[7, 41]
[7, 40]
[5, 40]
[30, 40]
[23, 40]
[17, 80]
[21, 52]
[21, 169]
[21, 30]
[21, 85]
[21, 59]
[21, 90]
[21, 60]
[21, 130]
[18, 30]
[18, 61]
[110, 130]
[105, 110]
[38, 110]
[21, 123]
[30, 149]
[30, 35]
[30, 122]
[63, 149]
[104, 110]
[71, 76]
[63, 71]
[19, 71]
[13, 148]
[93, 104]
[7, 13]
[13, 79]
[2, 13]
[13, 22]
[13, 92]
[13, 136]
[28, 92]
[28, 64]
[28, 79]
[1, 28]
[28, 136]
[28, 70]
[28, 80]
[28, 109]
[28, 148]
[28, 55]
[28, 32]
[28, 83]
[28, 77]
[6, 28]
[28, 59]
[28, 60]
[28, 124]
[28, 108]
[28, 130]
[28, 45]
[28, 62]
[28, 106]
[28, 93]
[28, 110]
[28, 46]
[28, 163]
[28, 42]
[13, 70]
[13, 126]
[21, 98]
[13, 76]
[31, 166]
[80, 166]
[7, 166]
[29, 166]
[5, 166]
[92, 166]
[22, 166]
[70, 166]
[72, 166]
[12, 166]
[148, 166]
[27, 166]
[166, 167]
[76, 166]
[55, 166]
[88, 166]
[32, 166]
[113, 166]
[54, 166]
[77, 166]
[6, 166]
[60, 166]
[124, 166]
[4, 166]
[52, 166]
[90, 166]
[30, 166]
[57, 166]
[26, 166]
[34, 166]
[38, 166]
[130, 166]
[19, 166]
[62, 166]
[106, 166]
[110, 166]
[89, 166]
[71, 166]
[42, 166]
[56, 166]
[149, 166]
[35, 166]
[122, 166]
[146, 166]
[158, 166]
[127, 166]
[17, 34]
[17, 93]
[17, 110]
[17, 104]
[17, 71]
[17, 46]
[13, 88]
[8, 13]
[13, 32]
[13, 54]
[13, 83]
[70, 139]
[11, 139]
[6, 13]
[2, 139]
[13, 60]
[13, 63]
[3, 139]
[13, 108]
[13, 52]
[7, 139]
[13, 53]
[13, 57]
[1, 139]
[13, 38]
[13, 130]
[24, 139]
[58, 139]
[13, 62]
[13, 47]
[13, 51]
[13, 110]
[55, 156]
[156, 167]
[22, 156]
[5, 156]
[61, 71]
[71, 113]
[3, 156]
[11, 156]
[24, 156]
[7, 156]
[2, 41]
[38, 75]
[64, 156]
[32, 75]
[92, 156]
[70, 156]
[58, 156]
[126, 156]
[72, 156]
[109, 156]
[148, 156]
[10, 156]
[88, 156]
[54, 156]
[83, 156]
[6, 156]
[15, 156]
[85, 156]
[75, 88]
[59, 156]
[75, 83]
[130, 152]
[21, 57]
[21, 83]
[21, 47]
[22, 149]
[75, 130]
[32, 35]
[13, 75]
[35, 55]
[75, 156]
[17, 21]
[21, 51]
[12, 35]
[21, 93]
[4, 71]
[75, 89]
[28, 75]
[17, 146]
[21, 104]
[71, 85]
[14, 21]
[21, 106]
[21, 82]
[21, 152]
[21, 107]
[21, 165]
[9, 21]
[21, 127]
[21, 115]
[21, 161]
[21, 65]
[21, 144]
[21, 68]
[21, 37]
[21, 46]
[21, 99]
[21, 84]
[21, 43]
[21, 56]
[21, 41]
[21, 36]
[21, 151]
[21, 103]
[21, 154]
[21, 94]
[21, 132]
[21, 101]
[21, 74]
[21, 33]
[21, 128]
[21, 150]
[21, 42]
[21, 159]
[21, 155]
[54, 71]
[75, 122]
[75, 158]
[38, 71]
[27, 35]
[7, 35]
[5, 35]
[23, 35]
[35, 92]
[1, 35]
[10, 35]
[35, 70]
[35, 58]
[35, 63]
[25, 35]
[35, 72]
[28, 129]
[28, 96]
[28, 102]
[71, 110]
[71, 90]
[41, 74]
[71, 123]
[57, 71]
[71, 98]
[35, 98]
[15, 35]
[35, 148]
[35, 105]
[35, 167]
[58, 102]
[7, 102]
[42, 115]
[42, 108]
[17, 42]
[3, 102]
[23, 102]
[64, 102]
[22, 102]
[70, 102]
[31, 102]
[102, 126]
[72, 102]
[12, 102]
[102, 109]
[102, 148]
[76, 102]
[53, 102]
[6, 102]
[102, 169]
[8, 102]
[60, 102]
[30, 102]
[52, 102]
[51, 102]
[63, 102]
[38, 102]
[102, 110]
[32, 102]
[85, 102]
[102, 104]
[102, 129]
[96, 102]
[62, 102]
[35, 124]
[35, 44]
[6, 35]
[35, 59]
[35, 52]
[35, 61]
[35, 47]
[35, 51]
[35, 54]
[35, 110]
[71, 104]
[12, 149]
[11, 149]
[28, 152]
[28, 165]
[28, 100]
[28, 158]
[28, 67]
[28, 139]
[28, 138]
[28, 157]
[28, 87]
[28, 168]
[28, 127]
[14, 28]
[28, 115]
[28, 161]
[28, 65]
[28, 40]
[28, 134]
[28, 37]
[28, 84]
[28, 56]
[28, 159]
[28, 155]
[28, 119]
[41, 72]
[13, 71]
[64, 89]
[7, 89]
[3, 89]
[23, 89]
[1, 89]
[12, 89]
[20, 89]
[89, 136]
[89, 148]
[89, 109]
[89, 167]
[76, 89]
[89, 140]
[89, 108]
[80, 89]
[89, 105]
[34, 89]
[61, 89]
[89, 113]
[6, 89]
[54, 89]
[85, 89]
[32, 89]
[59, 89]
[60, 89]
[89, 123]
[124, 156]
[108, 156]
[44, 156]
[34, 156]
[53, 156]
[47, 89]
[110, 156]
[123, 156]
[71, 93]
[51, 89]
[57, 89]
[35, 93]
[35, 89]
[13, 102]
[89, 102]
[62, 156]
[71, 106]
[71, 130]
[89, 130]
[106, 156]
[26, 65]
[65, 148]
[130, 156]
[35, 62]
[31, 65]
[102, 106]
[102, 130]
[59, 149]
[31, 149]
[70, 149]
[7, 149]
[77, 149]
[25, 149]
[80, 149]
[55, 149]
[8, 149]
[31, 116]
[5, 116]
[52, 149]
[61, 149]
[4, 149]
[45, 149]
[60, 149]
[90, 149]
[54, 149]
[85, 149]
[108, 149]
[44, 149]
[34, 149]
[110, 149]
[104, 149]
[123, 149]
[89, 149]
[25, 146]
[92, 146]
[26, 146]
[2, 146]
[5, 146]
[15, 146]
[10, 146]
[22, 146]
[136, 146]
[31, 146]
[126, 146]
[72, 146]
[30, 146]
[63, 146]
[54, 146]
[85, 146]
[44, 146]
[98, 146]
[47, 146]
[110, 146]
[59, 146]
[71, 146]
[35, 146]
[130, 146]
[89, 146]
[62, 146]
[109, 153]
[22, 153]
[2, 153]
[5, 153]
[27, 153]
[3, 153]
[7, 153]
[64, 153]
[92, 153]
[1, 153]
[136, 153]
[11, 153]
[148, 153]
[153, 167]
[10, 153]
[142, 153]
[25, 153]
[140, 153]
[153, 169]
[113, 153]
[88, 153]
[6, 153]
[15, 153]
[55, 153]
[8, 153]
[52, 153]
[45, 153]
[63, 153]
[90, 153]
[54, 153]
[44, 153]
[98, 153]
[110, 153]
[59, 153]
[104, 153]
[71, 153]
[123, 153]
[82, 153]
[93, 153]
[130, 153]
[149, 153]
[3, 129]
[7, 129]
[23, 129]
[92, 129]
[1, 129]
[22, 129]
[24, 129]
[129, 136]
[129, 167]
[76, 129]
[129, 142]
[25, 129]
[105, 129]
[129, 169]
[30, 129]
[38, 129]
[15, 129]
[55, 129]
[8, 129]
[52, 129]
[61, 129]
[4, 129]
[19, 129]
[54, 129]
[129, 166]
[108, 129]
[44, 129]
[34, 129]
[98, 129]
[47, 129]
[57, 129]
[13, 129]
[71, 129]
[35, 129]
[129, 156]
[83, 129]
[89, 129]
[62, 129]
[15, 96]
[23, 96]
[7, 96]
[2, 96]
[92, 96]
[96, 136]
[70, 96]
[58, 96]
[72, 96]
[96, 148]
[27, 96]
[76, 96]
[96, 140]
[96, 105]
[96, 169]
[30, 96]
[55, 96]
[26, 96]
[8, 96]
[61, 96]
[4, 96]
[45, 96]
[63, 96]
[96, 166]
[85, 96]
[96, 108]
[34, 96]
[47, 96]
[74, 153]
[74, 156]
[32, 74]
[63, 74]
[57, 74]
[116, 146]
[74, 104]
[71, 74]
[74, 149]
[74, 143]
[74, 122]
[74, 152]
[74, 100]
[43, 74]
[74, 103]
[74, 154]
[66, 74]
[74, 94]
[74, 150]
[74, 147]
[74, 133]
[67, 74]
[74, 75]
[74, 127]
[74, 161]
[56, 74]
[74, 159]
[74, 155]
[74, 96]
[74, 102]
[50, 74]
[18, 74]
[38, 116]
[2, 116]
[116, 136]
[98, 116]
[21, 141]
[25, 116]
[72, 116]
[77, 116]
[15, 116]
[116, 124]
[55, 116]
[61, 116]
[45, 116]
[17, 116]
[54, 116]
[108, 116]
[51, 116]
[116, 140]
[59, 116]
[27, 120]
[11, 120]
[70, 120]
[120, 126]
[120, 148]
[54, 120]
[17, 120]
[120, 167]
[10, 120]
[90, 120]
[77, 120]
[80, 120]
[113, 120]
[108, 120]
[36, 75]
[75, 101]
[75, 164]
[75, 132]
[75, 151]
[75, 139]
[75, 138]
[75, 157]
[75, 84]
[42, 75]
[75, 121]
[75, 95]
[75, 119]
[75, 128]
[41, 75]
[75, 141]
[43, 75]
[75, 103]
[75, 154]
[66, 75]
[75, 94]
[75, 150]
[75, 147]
[75, 133]
[67, 75]
[15, 120]
[52, 120]
[85, 120]
[120, 166]
[83, 116]
[120, 123]
[104, 120]
[13, 120]
[32, 120]
[102, 120]
[93, 116]
[63, 116]
[57, 116]
[16, 116]
[120, 146]
[107, 120]
[5, 107]
[1, 107]
[24, 107]
[31, 107]
[72, 107]
[25, 107]
[8, 107]
[45, 107]
[98, 107]
[59, 107]
[35, 107]
[11, 107]
[70, 107]
[107, 126]
[80, 107]
[107, 113]
[17, 107]
[107, 108]
[107, 123]
[104, 107]
[107, 110]
[13, 107]
[71, 107]
[102, 107]
[107, 116]
[9, 107]
[49, 107]
[107, 149]
[107, 152]
[100, 107]
[107, 165]
[107, 144]
[68, 107]
[40, 107]
[107, 134]
[107, 127]
[107, 161]
[107, 153]
[46, 107]
[107, 158]
[101, 107]
[107, 164]
[36, 107]
[107, 132]
[107, 138]
[107, 157]
[42, 107]
[41, 107]
[107, 154]
[107, 150]
[107, 147]
[107, 133]
[33, 107]
[107, 155]
[107, 163]
[37, 107]
[84, 107]
[95, 107]
[107, 141]
[43, 107]
[67, 107]
[56, 107]
[107, 159]
[2, 159]
[5, 159]
[92, 159]
[22, 159]
[136, 159]
[72, 159]
[30, 159]
[124, 159]
[55, 159]
[61, 159]
[53, 159]
[159, 167]
[6, 159]
[90, 159]
[19, 159]
[54, 159]
[85, 159]
[47, 159]
[51, 159]
[83, 159]
[45, 159]
[60, 159]
[32, 159]
[146, 159]
[75, 159]
[108, 159]
[27, 159]
[123, 159]
[104, 159]
[102, 159]
[9, 159]
[89, 159]
[149, 159]
[143, 159]
[100, 159]
[62, 159]
[14, 159]
[159, 165]
[144, 159]
[68, 159]
[40, 159]
[46, 159]
[158, 159]
[159, 164]
[36, 159]
[96, 159]
[132, 159]
[138, 159]
[128, 159]
[122, 159]
[154, 159]
[133, 159]
[50, 159]
[37, 159]
[151, 159]
[84, 159]
[95, 159]
[119, 159]
[94, 159]
[67, 159]
[153, 159]
[0, 159]
[0, 5]
[0, 3]
[0, 23]
[0, 1]
[0, 24]
[0, 136]
[0, 109]
[0, 76]
[0, 30]
[0, 38]
[0, 55]
[0, 26]
[0, 44]
[0, 21]
[0, 15]
[0, 90]
[0, 4]
[0, 19]
[0, 47]
[0, 45]
[0, 98]
[0, 59]
[0, 60]
[0, 63]
[0, 57]
[0, 74]
[0, 32]
[0, 146]
[0, 75]
[0, 70]
[0, 17]
[0, 35]
[0, 28]
[0, 110]
[0, 49]
[0, 130]
[0, 152]
[0, 100]
[0, 106]
[0, 165]
[0, 102]
[0, 68]
[0, 40]
[0, 134]
[0, 82]
[0, 161]
[0, 168]
[0, 87]
[0, 36]
[0, 96]
[0, 132]
[0, 157]
[0, 42]
[0, 121]
[0, 154]
[0, 33]
[0, 116]
[0, 50]
[0, 18]
[0, 94]
[0, 67]
[0, 153]
[0, 163]
[0, 141]
[2, 141]
[79, 141]
[7, 141]
[23, 141]
[92, 141]
[1, 141]
[22, 141]
[24, 141]
[136, 141]
[58, 141]
[31, 141]
[72, 141]
[12, 141]
[109, 141]
[30, 141]
[38, 141]
[124, 141]
[61, 141]
[140, 141]
[141, 169]
[53, 141]
[141, 167]
[77, 141]
[6, 141]
[15, 141]
[90, 141]
[85, 141]
[47, 141]
[83, 141]
[45, 141]
[98, 141]
[93, 141]
[57, 141]
[141, 166]
[141, 146]
[70, 141]
[80, 141]
[17, 141]
[108, 141]
[27, 141]
[123, 141]
[110, 141]
[71, 141]
[129, 141]
[141, 149]
[106, 141]
[62, 141]
[65, 141]
[141, 165]
[102, 141]
[141, 144]
[68, 141]
[141, 168]
[87, 141]
[36, 141]
[96, 141]
[132, 141]
[139, 141]
[141, 157]
[42, 141]
[128, 141]
[122, 141]
[141, 154]
[141, 150]
[141, 147]
[33, 141]
[37, 141]
[84, 141]
[95, 141]
[119, 141]
[56, 141]
[50, 141]
[66, 141]
[141, 163]
[112, 163]
[3, 163]
[79, 163]
[7, 163]
[64, 163]
[92, 163]
[1, 163]
[24, 163]
[136, 163]
[72, 163]
[12, 163]
[109, 163]
[76, 163]
[25, 163]
[38, 163]
[88, 163]
[26, 163]
[44, 163]
[105, 163]
[53, 163]
[21, 163]
[10, 163]
[4, 163]
[85, 163]
[47, 163]
[51, 163]
[45, 163]
[60, 163]
[93, 163]
[74, 163]
[75, 163]
[148, 163]
[113, 163]
[35, 163]
[123, 163]
[104, 163]
[110, 163]
[13, 163]
[62, 163]
[46, 163]
[156, 163]
[9, 163]
[143, 163]
[100, 163]
[14, 163]
[99, 163]
[163, 165]
[40, 163]
[134, 163]
[163, 168]
[87, 163]
[158, 163]
[101, 163]
[163, 164]
[96, 163]
[138, 163]
[42, 163]
[41, 163]
[154, 163]
[150, 163]
[147, 163]
[33, 163]
[155, 163]
[151, 163]
[84, 163]
[95, 163]
[119, 163]
[56, 163]
[50, 163]
[18, 163]
[94, 163]
[2, 94]
[3, 94]
[23, 94]
[92, 94]
[22, 94]
[94, 136]
[58, 94]
[31, 94]
[30, 94]
[38, 94]
[94, 169]
[94, 167]
[10, 94]
[4, 94]
[85, 94]
[59, 94]
[60, 94]
[93, 94]
[57, 94]
[11, 94]
[70, 94]
[94, 108]
[27, 94]
[71, 94]
[94, 130]
[89, 94]
[94, 146]
[94, 152]
[94, 120]
[94, 106]
[94, 115]
[94, 110]
[94, 144]
[82, 94]
[94, 132]
[94, 139]
[94, 157]
[94, 121]
[94, 128]
[94, 122]
[94, 133]
[43, 94]
[94, 103]
[94, 156]
[66, 94]
[67, 94]
[94, 153]
[62, 94]
[9, 94]
[94, 165]
[94, 168]
[94, 158]
[94, 96]
[94, 138]
[94, 154]
[94, 150]
[94, 151]
[84, 94]
[94, 95]
[50, 94]
[94, 116]
[116, 130]
[49, 116]
[106, 116]
[115, 116]
[65, 116]
[68, 116]
[116, 127]
[116, 157]
[116, 121]
[37, 116]
[103, 116]
[14, 116]
[82, 116]
[101, 116]
[41, 116]
[116, 147]
[33, 116]
[116, 155]
[116, 119]
[56, 116]
[66, 116]
[84, 116]
[95, 116]
[50, 116]
[2, 50]
[5, 50]
[3, 50]
[7, 50]
[23, 50]
[50, 64]
[22, 50]
[24, 50]
[50, 136]
[50, 58]
[31, 50]
[50, 73]
[12, 50]
[50, 76]
[50, 142]
[38, 50]
[50, 88]
[26, 50]
[50, 61]
[50, 140]
[50, 105]
[50, 169]
[50, 53]
[10, 50]
[50, 77]
[6, 50]
[15, 50]
[50, 52]
[50, 90]
[4, 50]
[19, 50]
[8, 50]
[50, 59]
[50, 57]
[32, 50]
[11, 50]
[50, 148]
[50, 70]
[50, 126]
[50, 80]
[50, 113]
[17, 50]
[50, 108]
[27, 50]
[47, 50]
[50, 120]
[50, 102]
[50, 89]
[49, 50]
[50, 152]
[50, 68]
[50, 127]
[36, 50]
[50, 132]
[50, 128]
[50, 122]
[50, 133]
[37, 50]
[46, 50]
[50, 143]
[50, 99]
[50, 82]
[40, 50]
[50, 134]
[50, 101]
[41, 50]
[50, 147]
[50, 119]
[18, 50]
[50, 67]
[50, 158]
[50, 150]
[50, 84]
[50, 95]
[50, 153]
[120, 153]
[115, 153]
[65, 153]
[144, 153]
[153, 161]
[36, 153]
[139, 153]
[128, 153]
[37, 153]
[43, 153]
[103, 153]
[46, 153]
[134, 153]
[101, 153]
[153, 164]
[42, 153]
[33, 153]
[153, 155]
[119, 153]
[56, 153]
[18, 153]
[67, 153]
[66, 153]
[9, 153]
[153, 168]
[138, 153]
[151, 153]
[84, 153]
[95, 153]
[91, 95]
[7, 95]
[23, 95]
[64, 95]
[1, 95]
[58, 95]
[31, 95]
[12, 95]
[95, 124]
[95, 140]
[53, 95]
[10, 95]
[59, 95]
[93, 95]
[63, 95]
[32, 95]
[11, 95]
[80, 95]
[17, 95]
[27, 95]
[95, 104]
[95, 110]
[95, 130]
[24, 95]
[95, 136]
[76, 95]
[25, 95]
[30, 95]
[38, 95]
[55, 95]
[61, 95]
[44, 95]
[19, 95]
[54, 95]
[83, 95]
[95, 129]
[34, 95]
[71, 95]
[95, 166]
[13, 95]
[35, 95]
[95, 102]
[89, 95]
[95, 149]
[95, 152]
[95, 161]
[36, 95]
[95, 128]
[95, 122]
[43, 95]
[95, 103]
[46, 95]
[95, 100]
[14, 95]
[95, 99]
[82, 95]
[95, 156]
[95, 164]
[42, 95]
[41, 95]
[95, 147]
[33, 95]
[95, 155]
[67, 95]
[62, 95]
[66, 95]
[95, 165]
[95, 96]
[95, 138]
[95, 150]
[95, 151]
[84, 95]
[2, 84]
[5, 84]
[23, 84]
[1, 84]
[31, 84]
[72, 84]
[12, 84]
[84, 88]
[53, 84]
[10, 84]
[77, 84]
[6, 84]
[84, 90]
[84, 85]
[45, 84]
[60, 84]
[84, 93]
[63, 84]
[32, 84]
[11, 84]
[84, 113]
[17, 84]
[27, 84]
[51, 84]
[84, 123]
[84, 104]
[84, 110]
[84, 136]
[76, 84]
[25, 84]
[61, 84]
[44, 84]
[84, 105]
[84, 167]
[54, 84]
[8, 84]
[57, 84]
[34, 84]
[84, 108]
[47, 84]
[84, 98]
[84, 120]
[13, 84]
[35, 84]
[84, 102]
[84, 152]
[84, 115]
[65, 84]
[84, 127]
[36, 84]
[84, 132]
[84, 139]
[84, 121]
[84, 122]
[84, 133]
[37, 84]
[43, 84]
[84, 103]
[84, 143]
[14, 84]
[40, 84]
[84, 134]
[84, 156]
[84, 101]
[33, 84]
[18, 84]
[67, 84]
[62, 84]
[66, 84]
[84, 165]
[84, 168]
[84, 96]
[84, 138]
[84, 150]
[2, 150]
[91, 150]
[112, 150]
[5, 150]
[7, 150]
[23, 150]
[64, 150]
[1, 150]
[22, 150]
[58, 150]
[72, 150]
[109, 150]
[88, 150]
[124, 150]
[26, 150]
[10, 150]
[90, 150]
[45, 150]
[59, 150]
[60, 150]
[32, 150]
[11, 150]
[148, 150]
[126, 150]
[113, 150]
[130, 150]
[55, 150]
[61, 150]
[105, 150]
[19, 150]
[54, 150]
[83, 150]
[8, 150]
[47, 150]
[150, 166]
[89, 150]
[146, 150]
[49, 150]
[149, 150]
[150, 152]
[68, 150]
[150, 161]
[139, 150]
[150, 157]
[121, 150]
[128, 150]
[133, 150]
[103, 150]
[46, 150]
[14, 150]
[82, 150]
[150, 156]
[33, 150]
[119, 150]
[67, 150]
[66, 150]
[9, 150]
[150, 158]
[150, 154]
[2, 154]
[5, 154]
[3, 154]
[23, 154]
[64, 154]
[92, 154]
[1, 154]
[22, 154]
[12, 154]
[26, 154]
[10, 154]
[6, 154]
[45, 154]
[60, 154]
[93, 154]
[63, 154]
[80, 154]
[113, 154]
[17, 154]
[104, 154]
[110, 154]
[76, 154]
[25, 154]
[30, 154]
[44, 154]
[15, 154]
[54, 154]
[57, 154]
[129, 154]
[98, 154]
[115, 154]
[144, 154]
[154, 161]
[154, 157]
[121, 154]
[122, 154]
[133, 154]
[43, 154]
[71, 154]
[154, 166]
[143, 154]
[99, 154]
[82, 154]
[41, 154]
[154, 155]
[13, 154]
[56, 154]
[18, 154]
[102, 154]
[89, 154]
[49, 154]
[128, 154]
[96, 154]
[138, 154]
[154, 164]
[154, 158]
[151, 154]
[79, 151]
[7, 151]
[22, 151]
[58, 151]
[31, 151]
[109, 151]
[88, 151]
[124, 151]
[26, 151]
[53, 151]
[10, 151]
[6, 151]
[90, 151]
[60, 151]
[93, 151]
[63, 151]
[11, 151]
[148, 151]
[70, 151]
[17, 151]
[27, 151]
[51, 151]
[123, 151]
[104, 151]
[38, 151]
[55, 151]
[105, 151]
[151, 169]
[52, 151]
[4, 151]
[83, 151]
[8, 151]
[34, 151]
[101, 151]
[76, 151]
[30, 151]
[44, 151]
[15, 151]
[54, 151]
[67, 151]
[120, 151]
[146, 151]
[151, 168]
[130, 151]
[127, 151]
[139, 151]
[119, 151]
[150, 151]
[151, 152]
[68, 151]
[37, 151]
[106, 151]
[115, 151]
[144, 151]
[151, 161]
[151, 157]
[122, 151]
[43, 151]
[71, 151]
[151, 166]
[13, 151]
[151, 165]
[49, 151]
[128, 151]
[151, 156]
[151, 164]
[2, 164]
[5, 164]
[23, 164]
[22, 164]
[72, 164]
[88, 164]
[90, 164]
[85, 164]
[11, 164]
[148, 164]
[80, 164]
[113, 164]
[17, 164]
[123, 164]
[104, 164]
[136, 164]
[38, 164]
[55, 164]
[105, 164]
[164, 169]
[164, 167]
[52, 164]
[108, 164]
[47, 164]
[35, 164]
[149, 164]
[101, 164]
[25, 164]
[30, 164]
[44, 164]
[57, 164]
[67, 164]
[120, 164]
[146, 164]
[103, 164]
[130, 164]
[40, 164]
[42, 164]
[132, 164]
[139, 164]
[129, 164]
[37, 164]
[115, 164]
[100, 164]
[144, 164]
[157, 164]
[122, 164]
[99, 164]
[41, 164]
[13, 164]
[56, 164]
[18, 164]
[164, 165]
[89, 164]
[49, 164]
[128, 164]
[138, 164]
[156, 164]
[134, 156]
[33, 156]
[120, 156]
[156, 168]
[14, 156]
[42, 156]
[132, 156]
[139, 156]
[66, 156]
[119, 156]
[36, 156]
[37, 156]
[100, 156]
[144, 156]
[156, 161]
[122, 156]
[43, 156]
[143, 156]
[41, 156]
[155, 156]
[56, 156]
[18, 156]
[156, 165]
[49, 156]
[2, 49]
[29, 49]
[3, 49]
[49, 79]
[7, 49]
[23, 49]
[49, 72]
[12, 49]
[49, 88]
[49, 124]
[10, 49]
[49, 90]
[45, 49]
[49, 59]
[32, 49]
[49, 148]
[49, 126]
[17, 49]
[49, 51]
[24, 49]
[49, 136]
[49, 61]
[49, 105]
[49, 52]
[4, 49]
[19, 49]
[8, 49]
[34, 49]
[49, 108]
[49, 76]
[25, 49]
[49, 57]
[49, 71]
[49, 166]
[15, 49]
[49, 54]
[49, 110]
[44, 49]
[49, 146]
[49, 102]
[49, 62]
[49, 130]
[46, 49]
[49, 101]
[49, 147]
[49, 67]
[49, 65]
[49, 103]
[40, 49]
[49, 127]
[49, 68]
[49, 115]
[49, 121]
[49, 133]
[49, 99]
[49, 128]
[49, 96]
[33, 49]
[49, 168]
[14, 49]
[42, 49]
[49, 132]
[49, 66]
[49, 119]
[49, 129]
[36, 49]
[37, 49]
[49, 100]
[49, 144]
[49, 122]
[49, 143]
[49, 165]
[110, 165]
[146, 165]
[89, 165]
[106, 165]
[130, 165]
[46, 165]
[134, 165]
[67, 165]
[65, 165]
[103, 165]
[40, 165]
[9, 165]
[115, 165]
[157, 165]
[121, 165]
[133, 165]
[128, 165]
[96, 165]
[138, 165]
[14, 165]
[132, 165]
[139, 165]
[119, 165]
[129, 165]
[122, 165]
[41, 165]
[155, 165]
[2, 155]
[29, 155]
[5, 155]
[7, 155]
[23, 155]
[20, 155]
[72, 155]
[73, 155]
[12, 155]
[109, 155]
[140, 155]
[10, 155]
[6, 155]
[90, 155]
[85, 155]
[93, 155]
[63, 155]
[148, 155]
[17, 155]
[136, 155]
[38, 155]
[55, 155]
[61, 155]
[105, 155]
[155, 167]
[52, 155]
[4, 155]
[19, 155]
[108, 155]
[76, 155]
[30, 155]
[98, 155]
[155, 166]
[13, 155]
[149, 155]
[75, 155]
[147, 155]
[127, 155]
[99, 155]
[120, 155]
[49, 82]
[82, 164]
[62, 120]
[82, 120]
[120, 149]
[116, 163]
[7, 161]
[26, 161]
[96, 146]
[59, 96]
[51, 96]
[57, 96]
[93, 96]
[89, 96]
[96, 104]
[62, 96]
[96, 106]
[115, 149]
[7, 115]
[19, 115]
[4, 99]
[80, 99]
[25, 99]
[60, 99]
[99, 113]
[71, 99]
[13, 99]
[55, 99]
[99, 110]
[70, 99]
[99, 108]
[59, 99]
[93, 99]
[62, 99]
[99, 115]
[99, 129]
[46, 99]
[99, 101]
[5, 115]
[2, 115]
[59, 115]
[22, 115]
[12, 115]
[73, 115]
[109, 115]
[64, 115]
[31, 115]
[115, 148]
[17, 115]
[80, 115]
[77, 115]
[44, 115]
[6, 115]
[105, 115]
[25, 115]
[47, 115]
[32, 115]
[54, 115]
[115, 123]
[113, 115]
[98, 115]
[35, 115]
[115, 146]
[96, 115]
[89, 115]
[104, 115]
[106, 115]
[129, 146]
[129, 149]
[106, 129]
[82, 99]
[82, 115]
[82, 96]
[115, 152]
[4, 152]
[140, 152]
[77, 152]
[44, 152]
[6, 152]
[25, 152]
[52, 152]
[105, 152]
[124, 152]
[17, 152]
[15, 152]
[90, 152]
[35, 152]
[45, 132]
[31, 132]
[1, 132]
[2, 132]
[5, 132]
[24, 132]
[132, 136]
[92, 132]
[10, 132]
[23, 132]
[47, 132]
[32, 132]
[113, 132]
[110, 132]
[8, 132]
[61, 132]
[76, 132]
[70, 132]
[59, 132]
[93, 132]
[4, 132]
[124, 132]
[15, 132]
[90, 132]
[71, 132]
[13, 132]
[104, 132]
[132, 149]
[89, 132]
[99, 132]
[106, 132]
[96, 132]
[115, 132]
[62, 132]
[129, 132]
[46, 132]
[103, 132]
[132, 161]
[42, 132]
[132, 138]
[56, 132]
[132, 155]
[132, 147]
[13, 152]
[63, 152]
[51, 152]
[149, 152]
[34, 152]
[89, 152]
[106, 152]
[17, 133]
[11, 133]
[126, 133]
[5, 133]
[2, 133]
[26, 133]
[31, 133]
[12, 133]
[24, 133]
[79, 133]
[133, 142]
[98, 133]
[30, 133]
[31, 40]
[12, 40]
[3, 133]
[109, 133]
[64, 133]
[68, 92]
[72, 133]
[80, 133]
[88, 133]
[133, 148]
[10, 139]
[31, 139]
[72, 139]
[88, 139]
[139, 148]
[19, 139]
[80, 139]
[26, 139]
[83, 139]
[113, 139]
[55, 139]
[139, 166]
[85, 139]
[59, 139]
[45, 139]
[108, 139]
[6, 139]
[52, 139]
[35, 139]
[13, 139]
[63, 139]
[104, 139]
[82, 139]
[89, 139]
[99, 139]
[106, 139]
[96, 139]
[115, 139]
[62, 139]
[129, 139]
[139, 152]
[101, 139]
[33, 139]
[139, 143]
[36, 139]
[127, 139]
[139, 161]
[56, 139]
[139, 155]
[139, 144]
[132, 139]
[121, 139]
[120, 139]
[134, 139]
[122, 139]
[66, 139]
[41, 139]
[14, 139]
[119, 139]
[9, 139]
[139, 158]
[19, 133]
[57, 133]
[22, 133]
[38, 133]
[7, 133]
[32, 133]
[133, 146]
[113, 133]
[70, 133]
[110, 133]
[133, 166]
[45, 133]
[60, 133]
[108, 133]
[44, 133]
[6, 133]
[25, 133]
[35, 133]
[63, 133]
[104, 133]
[133, 149]
[68, 161]
[76, 161]
[96, 133]
[46, 146]
[46, 55]
[46, 113]
[46, 98]
[15, 46]
[45, 46]
[46, 85]
[46, 110]
[46, 70]
[46, 93]
[46, 108]
[46, 90]
[46, 71]
[35, 46]
[13, 46]
[46, 133]
[45, 103]
[30, 103]
[62, 133]
[17, 103]
[2, 103]
[24, 103]
[27, 103]
[1, 103]
[72, 103]
[92, 103]
[10, 103]
[103, 148]
[22, 103]
[23, 103]
[19, 103]
[26, 103]
[7, 103]
[70, 103]
[83, 103]
[103, 123]
[103, 113]
[53, 103]
[55, 103]
[99, 103]
[103, 167]
[61, 103]
[85, 103]
[93, 103]
[60, 103]
[103, 108]
[102, 103]
[77, 103]
[4, 103]
[103, 124]
[103, 130]
[15, 103]
[90, 103]
[71, 103]
[13, 103]
[63, 103]
[34, 103]
[96, 103]
[103, 133]
[35, 42]
[42, 130]
[42, 71]
[42, 104]
[42, 99]
[42, 133]
[42, 46]
[42, 103]
[7, 138]
[138, 169]
[3, 138]
[138, 142]
[112, 138]
[2, 138]
[5, 138]
[64, 138]
[79, 138]
[31, 138]
[72, 138]
[138, 148]
[19, 138]
[22, 138]
[47, 138]
[83, 138]
[54, 138]
[113, 138]
[55, 138]
[138, 167]
[110, 138]
[76, 138]
[70, 138]
[59, 138]
[45, 138]
[4, 138]
[93, 138]
[15, 138]
[44, 138]
[57, 138]
[77, 138]
[108, 138]
[138, 146]
[90, 138]
[71, 138]
[35, 138]
[14, 140]
[3, 14]
[2, 14]
[14, 169]
[1, 14]
[14, 136]
[14, 92]
[10, 14]
[14, 23]
[3, 100]
[14, 80]
[14, 47]
[14, 32]
[14, 83]
[14, 98]
[14, 55]
[14, 110]
[14, 166]
[8, 14]
[14, 59]
[14, 45]
[14, 108]
[6, 14]
[14, 52]
[14, 124]
[13, 14]
[14, 51]
[14, 149]
[14, 89]
[14, 130]
[14, 71]
[14, 104]
[14, 133]
[14, 46]
[14, 138]
[14, 68]
[14, 67]
[14, 128]
[14, 147]
[14, 65]
[14, 43]
[14, 37]
[14, 168]
[14, 40]
[14, 129]
[14, 152]
[14, 101]
[14, 143]
[14, 127]
[14, 155]
[14, 121]
[14, 41]
[58, 100]
[2, 100]
[106, 138]
[34, 138]
[96, 138]
[46, 138]
[103, 138]
[22, 68]
[12, 68]
[58, 68]
[24, 68]
[40, 44]
[60, 68]
[68, 70]
[30, 68]
[40, 60]
[68, 113]
[68, 148]
[10, 68]
[40, 58]
[1, 40]
[11, 40]
[68, 72]
[38, 68]
[68, 80]
[7, 68]
[32, 68]
[54, 68]
[40, 57]
[57, 68]
[53, 68]
[55, 68]
[68, 110]
[68, 166]
[61, 68]
[68, 76]
[68, 85]
[68, 108]
[6, 68]
[68, 105]
[68, 124]
[68, 89]
[68, 130]
[68, 71]
[68, 106]
[42, 68]
[34, 68]
[68, 133]
[46, 68]
[22, 67]
[27, 67]
[3, 67]
[67, 142]
[2, 67]
[67, 99]
[7, 67]
[11, 67]
[24, 67]
[67, 126]
[19, 67]
[12, 67]
[67, 76]
[67, 136]
[67, 92]
[67, 148]
[38, 67]
[23, 67]
[41, 55]
[12, 41]
[26, 67]
[24, 41]
[32, 67]
[67, 83]
[67, 123]
[30, 67]
[67, 113]
[55, 67]
[67, 70]
[45, 67]
[67, 93]
[25, 67]
[60, 67]
[67, 140]
[67, 77]
[44, 67]
[52, 67]
[67, 105]
[67, 90]
[13, 67]
[63, 67]
[67, 149]
[35, 67]
[67, 96]
[67, 133]
[67, 138]
[67, 68]
[25, 100]
[100, 126]
[79, 100]
[1, 100]
[12, 100]
[100, 136]
[31, 100]
[72, 100]
[88, 100]
[100, 148]
[38, 100]
[23, 100]
[7, 100]
[100, 123]
[30, 100]
[100, 110]
[8, 100]
[61, 100]
[85, 100]
[45, 100]
[57, 100]
[100, 146]
[52, 100]
[100, 124]
[15, 100]
[90, 100]
[17, 100]
[100, 130]
[71, 100]
[100, 106]
[42, 100]
[34, 100]
[100, 133]
[46, 100]
[100, 138]
[68, 100]
[11, 128]
[126, 128]
[128, 142]
[5, 128]
[128, 169]
[1, 128]
[58, 128]
[128, 136]
[92, 128]
[31, 128]
[22, 128]
[26, 128]
[32, 128]
[54, 128]
[113, 128]
[98, 128]
[128, 167]
[110, 128]
[8, 128]
[76, 128]
[59, 128]
[45, 128]
[93, 128]
[57, 128]
[108, 128]
[128, 146]
[128, 140]
[77, 128]
[4, 128]
[15, 128]
[17, 128]
[128, 130]
[35, 128]
[104, 128]
[96, 128]
[46, 128]
[103, 128]
[128, 138]
[67, 128]
[100, 128]
[19, 147]
[11, 147]
[126, 147]
[91, 147]
[142, 147]
[3, 147]
[1, 147]
[58, 147]
[136, 147]
[92, 147]
[10, 147]
[31, 147]
[147, 148]
[38, 147]
[23, 147]
[80, 147]
[7, 147]
[32, 147]
[54, 147]
[123, 147]
[30, 147]
[113, 147]
[110, 147]
[8, 147]
[70, 147]
[59, 147]
[45, 147]
[57, 147]
[108, 147]
[146, 147]
[77, 147]
[105, 147]
[124, 147]
[17, 147]
[63, 147]
[147, 149]
[89, 147]
[71, 147]
[35, 147]
[42, 147]
[34, 147]
[133, 147]
[46, 147]
[138, 147]
[68, 147]
[128, 147]
[24, 65]
[65, 169]
[58, 65]
[45, 65]
[8, 65]
[11, 65]
[12, 65]
[65, 136]
[65, 92]
[7, 65]
[32, 65]
[54, 65]
[30, 65]
[65, 113]
[65, 76]
[65, 70]
[65, 93]
[60, 65]
[57, 65]
[65, 146]
[65, 77]
[52, 65]
[25, 65]
[15, 65]
[13, 65]
[65, 130]
[65, 71]
[65, 99]
[65, 96]
[65, 133]
[65, 138]
[65, 67]
[65, 100]
[65, 147]
[76, 157]
[157, 167]
[10, 157]
[1, 157]
[126, 157]
[24, 157]
[3, 157]
[149, 157]
[12, 157]
[31, 157]
[148, 157]
[19, 157]
[22, 157]
[80, 157]
[54, 157]
[123, 157]
[113, 157]
[98, 157]
[55, 157]
[110, 157]
[61, 157]
[85, 157]
[68, 152]
[133, 152]
[103, 129]
[100, 129]
[68, 115]
[115, 128]
[115, 138]
[62, 138]
[62, 67]
[62, 68]
[71, 143]
[34, 143]
[61, 143]
[123, 143]
[17, 143]
[53, 143]
[98, 143]
[85, 143]
[57, 143]
[54, 143]
[89, 143]
[93, 143]
[35, 143]
[96, 143]
[124, 143]
[104, 143]
[32, 143]
[110, 143]
[106, 143]
[143, 149]
[102, 143]
[41, 102]
[17, 41]
[103, 143]
[41, 100]
[41, 166]
[128, 143]
[62, 128]
[133, 143]
[46, 129]
[129, 143]
[46, 115]
[115, 143]
[115, 133]
[26, 37]
[37, 74]
[2, 37]
[37, 47]
[6, 37]
[5, 37]
[37, 99]
[37, 166]
[19, 37]
[3, 37]
[37, 83]
[37, 88]
[27, 37]
[37, 142]
[37, 51]
[37, 58]
[37, 44]
[37, 167]
[17, 37]
[37, 113]
[70, 168]
[72, 168]
[29, 168]
[2, 168]
[152, 168]
[13, 168]
[12, 168]
[37, 70]
[37, 148]
[32, 37]
[15, 37]
[8, 37]
[45, 157]
[13, 157]
[52, 157]
[90, 157]
[77, 157]
[108, 157]
[105, 157]
[63, 157]
[146, 157]
[99, 157]
[25, 157]
[42, 157]
[89, 157]
[17, 157]
[93, 157]
[35, 157]
[124, 157]
[104, 157]
[102, 157]
[132, 157]
[129, 157]
[46, 157]
[143, 157]
[133, 157]
[115, 157]
[37, 157]
[82, 157]
[101, 157]
[157, 168]
[155, 157]
[33, 157]
[144, 157]
[66, 157]
[41, 157]
[56, 157]
[157, 158]
[18, 157]
[157, 161]
[121, 157]
[65, 152]
[120, 147]
[65, 120]
[40, 108]
[34, 40]
[38, 40]
[22, 40]
[106, 120]
[96, 120]
[68, 120]
[120, 128]
[120, 138]
[42, 120]
[40, 102]
[15, 40]
[40, 47]
[40, 51]
[8, 40]
[40, 72]
[40, 136]
[40, 166]
[40, 80]
[40, 130]
[32, 40]
[40, 110]
[40, 45]
[40, 63]
[40, 152]
[17, 40]
[40, 93]
[40, 67]
[40, 147]
[40, 90]
[40, 46]
[40, 52]
[40, 68]
[40, 62]
[40, 138]
[36, 124]
[31, 36]
[36, 142]
[22, 36]
[26, 36]
[36, 70]
[36, 113]
[36, 92]
[36, 63]
[36, 100]
[36, 166]
[36, 80]
[36, 42]
[30, 36]
[36, 130]
[34, 36]
[36, 57]
[36, 54]
[36, 149]
[36, 67]
[36, 103]
[36, 98]
[36, 146]
[99, 120]
[36, 99]
[70, 122]
[23, 122]
[122, 167]
[5, 122]
[29, 122]
[2, 122]
[10, 41]
[41, 44]
[22, 41]
[41, 113]
[41, 136]
[41, 148]
[41, 59]
[41, 92]
[41, 80]
[15, 41]
[1, 41]
[41, 57]
[26, 122]
[11, 122]
[60, 122]
[64, 122]
[76, 122]
[4, 122]
[72, 122]
[47, 122]
[44, 122]
[22, 122]
[122, 136]
[104, 122]
[59, 122]
[8, 122]
[89, 122]
[12, 122]
[15, 122]
[40, 122]
[1, 122]
[57, 122]
[96, 122]
[67, 122]
[45, 122]
[122, 147]
[7, 122]
[71, 122]
[32, 122]
[35, 122]
[122, 124]
[122, 123]
[90, 122]
[13, 122]
[106, 122]
[85, 122]
[42, 122]
[102, 122]
[120, 122]
[36, 96]
[36, 45]
[36, 147]
[36, 89]
[36, 90]
[36, 152]
[13, 36]
[36, 106]
[36, 102]
[36, 68]
[36, 40]
[36, 122]
[37, 169]
[24, 37]
[37, 59]
[37, 80]
[30, 37]
[37, 76]
[7, 37]
[37, 53]
[18, 23]
[18, 38]
[18, 26]
[18, 27]
[2, 18]
[18, 31]
[18, 64]
[18, 72]
[18, 51]
[18, 22]
[8, 18]
[18, 80]
[12, 18]
[18, 126]
[18, 57]
[18, 100]
[18, 103]
[18, 77]
[18, 105]
[18, 53]
[18, 32]
[18, 110]
[37, 71]
[37, 110]
[35, 37]
[37, 93]
[37, 146]
[37, 104]
[37, 85]
[37, 46]
[37, 120]
[37, 54]
[37, 98]
[37, 130]
[34, 37]
[37, 89]
[37, 124]
[37, 45]
[37, 90]
[37, 152]
[37, 106]
[37, 102]
[37, 68]
[18, 108]
[36, 37]
[37, 40]
[37, 122]
[3, 101]
[2, 101]
[10, 101]
[11, 101]
[72, 101]
[26, 101]
[44, 101]
[23, 101]
[101, 113]
[55, 101]
[12, 101]
[25, 101]
[101, 123]
[101, 128]
[101, 108]
[52, 101]
[59, 101]
[24, 101]
[32, 101]
[101, 110]
[35, 101]
[93, 101]
[101, 146]
[101, 104]
[46, 101]
[101, 120]
[101, 147]
[96, 101]
[34, 101]
[45, 101]
[101, 152]
[68, 101]
[40, 101]
[101, 122]
[3, 168]
[5, 168]
[74, 168]
[91, 168]
[108, 144]
[108, 168]
[112, 168]
[83, 168]
[168, 169]
[25, 168]
[26, 168]
[58, 168]
[47, 168]
[60, 168]
[79, 168]
[123, 168]
[4, 168]
[136, 168]
[124, 168]
[92, 168]
[100, 168]
[52, 168]
[138, 168]
[8, 168]
[30, 168]
[76, 168]
[24, 168]
[15, 168]
[7, 168]
[35, 168]
[42, 168]
[17, 168]
[93, 168]
[46, 168]
[120, 168]
[96, 168]
[54, 168]
[98, 168]
[99, 168]
[89, 168]
[90, 168]
[102, 168]
[65, 132]
[120, 132]
[101, 133]
[65, 129]
[101, 129]
[120, 129]
[36, 133]
[40, 132]
[18, 67]
[18, 104]
[18, 147]
[18, 45]
[18, 96]
[13, 18]
[18, 124]
[18, 102]
[18, 62]
[18, 46]
[18, 65]
[18, 68]
[18, 132]
[18, 101]
[18, 152]
[18, 36]
[18, 37]
[18, 168]
[18, 33]
[18, 66]
[18, 127]
[18, 43]
[18, 134]
[9, 18]
[18, 115]
[18, 82]
[18, 41]
[18, 56]
[40, 129]
[65, 143]
[120, 143]
[37, 143]
[36, 143]
[101, 143]
[65, 115]
[36, 115]
[101, 115]
[40, 115]
[87, 153]
[9, 14]
[22, 161]
[148, 161]
[31, 161]
[6, 161]
[126, 161]
[113, 161]
[112, 161]
[79, 161]
[61, 161]
[12, 161]
[44, 161]
[80, 161]
[15, 161]
[161, 166]
[71, 161]
[103, 161]
[67, 161]
[110, 161]
[77, 161]
[25, 161]
[149, 161]
[52, 161]
[59, 161]
[45, 161]
[85, 161]
[104, 161]
[152, 161]
[96, 161]
[138, 161]
[129, 161]
[65, 161]
[120, 161]
[143, 161]
[115, 161]
[9, 161]
[9, 166]
[9, 71]
[9, 55]
[9, 57]
[9, 54]
[9, 35]
[9, 103]
[9, 67]
[8, 9]
[9, 110]
[9, 63]
[9, 105]
[9, 36]
[9, 124]
[9, 129]
[9, 130]
[9, 152]
[9, 46]
[9, 132]
[9, 65]
[9, 143]
[76, 119]
[22, 119]
[23, 119]
[27, 119]
[88, 119]
[119, 126]
[2, 119]
[99, 119]
[41, 149]
[119, 149]
[30, 119]
[60, 119]
[113, 119]
[83, 119]
[92, 119]
[119, 136]
[12, 119]
[44, 119]
[47, 119]
[119, 123]
[119, 169]
[80, 119]
[119, 124]
[17, 119]
[15, 119]
[100, 119]
[52, 119]
[93, 119]
[45, 119]
[119, 146]
[85, 119]
[104, 119]
[106, 119]
[62, 119]
[68, 119]
[119, 166]
[71, 119]
[40, 161]
[115, 119]
[67, 119]
[8, 119]
[105, 119]
[110, 119]
[119, 120]
[46, 119]
[36, 119]
[9, 119]
[119, 161]
[13, 33]
[33, 44]
[10, 33]
[33, 140]
[33, 75]
[33, 74]
[33, 89]
[33, 100]
[33, 47]
[33, 169]
[33, 98]
[33, 149]
[33, 147]
[41, 152]
[41, 98]
[33, 146]
[88, 121]
[121, 126]
[9, 33]
[33, 55]
[33, 85]
[33, 104]
[33, 57]
[33, 103]
[33, 67]
[33, 105]
[33, 35]
[33, 63]
[33, 54]
[33, 152]
[33, 46]
[33, 143]
[33, 36]
[33, 161]
[41, 77]
[25, 41]
[41, 65]
[41, 63]
[156, 158]
[41, 52]
[41, 147]
[41, 120]
[41, 85]
[41, 104]
[41, 123]
[34, 41]
[41, 96]
[41, 62]
[41, 105]
[35, 41]
[41, 54]
[41, 90]
[41, 129]
[33, 41]
[56, 99]
[56, 76]
[5, 56]
[6, 56]
[2, 56]
[23, 66]
[11, 66]
[102, 119]
[40, 119]
[9, 37]
[37, 119]
[87, 156]
[42, 155]
[65, 155]
[96, 155]
[138, 155]
[62, 155]
[106, 155]
[37, 161]
[147, 158]
[30, 158]
[123, 158]
[33, 158]
[33, 168]
[92, 158]
[108, 158]
[2, 158]
[158, 164]
[124, 158]
[130, 158]
[67, 158]
[51, 158]
[99, 158]
[52, 158]
[53, 158]
[89, 158]
[23, 158]
[59, 158]
[35, 158]
[15, 158]
[4, 158]
[158, 167]
[103, 158]
[58, 158]
[29, 158]
[72, 158]
[136, 158]
[45, 158]
[126, 158]
[158, 169]
[12, 158]
[31, 158]
[22, 158]
[100, 158]
[88, 158]
[149, 158]
[60, 158]
[54, 158]
[152, 158]
[83, 158]
[146, 158]
[70, 158]
[7, 158]
[5, 158]
[71, 158]
[68, 158]
[115, 158]
[129, 158]
[143, 158]
[37, 158]
[40, 158]
[33, 40]
[40, 133]
[87, 102]
[68, 168]
[115, 168]
[37, 168]
[143, 168]
[161, 168]
[36, 168]
[129, 168]
[9, 102]
[133, 161]
[119, 133]
[33, 133]
[9, 133]
[41, 122]
[122, 168]
[122, 143]
[122, 129]
[110, 155]
[40, 155]
[34, 66]
[17, 66]
[119, 155]
[46, 155]
[41, 155]
[9, 155]
[122, 155]
[82, 100]
[13, 158]
[42, 158]
[106, 158]
[90, 158]
[93, 158]
[62, 158]
[119, 158]
[98, 158]
[122, 158]
[11, 127]
[127, 149]
[15, 127]
[55, 127]
[61, 127]
[24, 127]
[19, 127]
[127, 142]
[10, 127]
[98, 127]
[41, 127]
[64, 127]
[85, 127]
[113, 127]
[77, 127]
[6, 127]
[108, 127]
[92, 127]
[67, 127]
[51, 127]
[9, 127]
[1, 127]
[123, 127]
[58, 127]
[22, 127]
[127, 161]
[36, 127]
[25, 127]
[47, 127]
[127, 169]
[127, 136]
[5, 127]
[124, 127]
[12, 127]
[26, 144]
[3, 144]
[109, 144]
[71, 127]
[127, 128]
[102, 127]
[110, 127]
[106, 127]
[62, 127]
[23, 127]
[101, 127]
[90, 127]
[93, 127]
[83, 127]
[127, 158]
[120, 127]
[127, 168]
[32, 127]
[37, 127]
[46, 127]
[34, 127]
[96, 127]
[104, 127]
[119, 127]
[127, 147]
[45, 127]
[43, 128]
[38, 43]
[43, 57]
[43, 53]
[41, 43]
[43, 100]
[43, 148]
[27, 43]
[15, 134]
[41, 121]
[22, 121]
[29, 121]
[30, 134]
[30, 121]
[121, 132]
[132, 134]
[35, 134]
[24, 134]
[126, 134]
[35, 121]
[121, 140]
[72, 121]
[85, 121]
[23, 121]
[17, 121]
[43, 115]
[43, 55]
[11, 43]
[43, 89]
[43, 108]
[43, 123]
[43, 129]
[43, 88]
[43, 146]
[43, 113]
[42, 43]
[43, 102]
[43, 120]
[43, 71]
[7, 43]
[43, 168]
[43, 119]
[43, 133]
[31, 43]
[43, 99]
[43, 127]
[34, 43]
[13, 43]
[43, 63]
[40, 43]
[36, 43]
[12, 43]
[43, 152]
[43, 76]
[43, 167]
[43, 54]
[43, 124]
[43, 58]
[33, 43]
[43, 161]
[43, 59]
[5, 43]
[43, 80]
[43, 77]
[43, 60]
[6, 43]
[43, 149]
[1, 43]
[43, 155]
[43, 147]
[43, 56]
[43, 66]
[43, 134]
[43, 121]
[6, 144]
[82, 87]
[82, 143]
[40, 82]
[82, 161]
[82, 133]
[37, 82]
[82, 128]
[9, 82]
[82, 168]
[82, 119]
[56, 63]
[22, 56]
[15, 56]
[56, 103]
[56, 142]
[56, 65]
[33, 82]
[82, 155]
[10, 56]
[56, 70]
[26, 56]
[25, 56]
[56, 75]
[56, 79]
[41, 56]
[56, 106]
[56, 83]
[4, 56]
[56, 88]
[56, 98]
[56, 67]
[56, 93]
[56, 148]
[56, 90]
[27, 56]
[56, 71]
[56, 110]
[56, 149]
[56, 104]
[56, 122]
[7, 56]
[7, 66]
[22, 66]
[19, 66]
[42, 56]
[56, 77]
[56, 147]
[56, 102]
[56, 119]
[40, 56]
[134, 167]
[90, 134]
[76, 134]
[46, 134]
[85, 134]
[3, 134]
[98, 134]
[108, 134]
[120, 134]
[100, 134]
[6, 134]
[24, 121]
[31, 121]
[53, 121]
[64, 121]
[121, 169]
[76, 121]
[77, 121]
[51, 121]
[121, 136]
[99, 121]
[60, 121]
[32, 121]
[33, 121]
[13, 121]
[59, 121]
[89, 121]
[5, 121]
[121, 161]
[56, 80]
[56, 61]
[56, 113]
[56, 146]
[24, 56]
[12, 56]
[56, 138]
[36, 56]
[56, 155]
[13, 56]
[34, 56]
[56, 101]
[54, 56]
[56, 167]
[1, 56]
[56, 152]
[56, 124]
[33, 56]
[38, 121]
[58, 121]
[121, 127]
[63, 121]
[121, 133]
[6, 121]
[4, 121]
[62, 121]
[46, 121]
[82, 121]
[34, 121]
[80, 121]
[45, 121]
[52, 121]
[8, 121]
[121, 149]
[121, 152]
[70, 121]
[66, 115]
[30, 66]
[47, 66]
[115, 134]
[33, 134]
[58, 134]
[59, 144]
[67, 134]
[93, 134]
[9, 134]
[4, 134]
[71, 134]
[42, 134]
[110, 121]
[121, 167]
[101, 121]
[121, 124]
[2, 66]
[48, 66]
[9, 121]
[104, 121]
[54, 121]
[1, 121]
[121, 122]
[24, 66]
[44, 66]
[57, 66]
[66, 109]
[66, 130]
[16, 66]
[25, 66]
[66, 79]
[66, 83]
[66, 143]
[41, 66]
[66, 168]
[66, 119]
[66, 89]
[66, 90]
[66, 161]
[66, 133]
[66, 127]
[63, 66]
[66, 146]
[38, 66]
[66, 138]
[66, 80]
[59, 66]
[66, 93]
[66, 68]
[66, 102]
[66, 152]
[45, 66]
[66, 103]
[56, 66]
[62, 66]
[66, 110]
[66, 104]
[66, 121]
[1, 66]
[33, 66]
[32, 66]
[52, 66]
[66, 101]
[8, 66]
[66, 155]
[66, 147]
[66, 144]
[61, 134]
[36, 134]
[82, 134]
[134, 149]
[70, 134]
[124, 134]
[54, 134]
[68, 134]
[56, 134]
[62, 134]
[12, 134]
[40, 134]
[122, 134]
[103, 134]
[104, 134]
[110, 134]
[102, 134]
[8, 134]
[134, 152]
[45, 134]
[32, 134]
[1, 134]
[52, 134]
[121, 155]
[134, 155]
[121, 147]
[134, 147]
[42, 144]
[96, 144]
[33, 144]
[10, 144]
[31, 144]
[37, 144]
[44, 144]
[58, 144]
[22, 144]
[102, 144]
[143, 144]
[128, 144]
[144, 147]
[1, 144]
[15, 144]
[12, 144]
[129, 144]
[30, 144]
[7, 144]
[34, 144]
[92, 144]
[40, 144]
[99, 144]
[45, 144]
[60, 144]
[76, 144]
[61, 144]
[63, 144]
[9, 144]
[77, 144]
[101, 144]
[113, 144]
[119, 144]
[122, 144]
[134, 144]
[5, 144]
[138, 144]
[144, 146]
[144, 152]
[144, 155]
[144, 168]
[4, 144]
