[19, 20]
[3, 20]
[3, 19]
[4, 19]
[19, 61]
[18, 61]
[7, 61]
[7, 19]
[5, 19]
[6, 19]
[5, 61]
[9, 19]
[3, 61]
[10, 19]
[9, 61]
[13, 19]
[10, 61]
[14, 19]
[12, 61]
[15, 19]
[14, 61]
[4, 7]
[1, 7]
[4, 11]
[1, 11]
[4, 21]
[5, 11]
[7, 11]
[11, 23]
[3, 23]
[3, 5]
[2, 5]
[9, 11]
[2, 23]
[3, 4]
[1, 3]
[2, 6]
[5, 23]
[21, 63]
[18, 63]
[3, 63]
[5, 6]
[10, 11]
[6, 23]
[4, 6]
[1, 6]
[6, 7]
[4, 8]
[1, 8]
[4, 9]
[2, 9]
[5, 9]
[7, 9]
[8, 9]
[5, 10]
[2, 10]
[2, 22]
[3, 22]
[4, 22]
[18, 22]
[5, 22]
[1, 10]
[6, 17]
[1, 17]
[3, 17]
[10, 17]
[10, 44]
[11, 44]
[11, 22]
[22, 61]
[3, 44]
[8, 44]
[18, 44]
[11, 18]
[10, 22]
[17, 22]
[8, 22]
[22, 116]
[22, 121]
[18, 31]
[18, 33]
[18, 24]
[18, 39]
[5, 18]
[4, 67]
[19, 58]
[43, 61]
[18, 43]
[4, 18]
[44, 58]
[61, 75]
[18, 75]
[18, 58]
[18, 109]
[2, 18]
[58, 67]
[19, 109]
[4, 109]
[7, 109]
[20, 124]
[20, 39]
[18, 127]
[18, 32]
[18, 35]
[18, 57]
[18, 78]
[18, 122]
[18, 113]
[18, 128]
[18, 42]
[18, 107]
[18, 88]
[18, 96]
[18, 76]
[18, 73]
[0, 18]
[18, 53]
[18, 82]
[18, 115]
[18, 132]
[18, 104]
[18, 90]
[18, 121]
[18, 80]
[18, 102]
[18, 52]
[12, 18]
[14, 18]
[18, 60]
[18, 114]
[18, 95]
[18, 69]
[18, 65]
[18, 79]
[18, 77]
[18, 47]
[18, 38]
[18, 45]
[18, 48]
[18, 134]
[18, 59]
[18, 98]
[18, 55]
[18, 54]
[18, 83]
[18, 93]
[18, 94]
[18, 131]
[18, 112]
[9, 18]
[18, 64]
[18, 56]
[18, 41]
[18, 34]
[18, 117]
[18, 106]
[18, 37]
[18, 97]
[18, 72]
[18, 28]
[18, 133]
[3, 70]
[4, 70]
[1, 70]
[7, 70]
[44, 70]
[70, 92]
[70, 89]
[25, 70]
[16, 70]
[70, 130]
[70, 74]
[70, 86]
[70, 126]
[70, 116]
[70, 125]
[49, 70]
[10, 36]
[36, 44]
[7, 36]
[36, 81]
[36, 61]
[3, 36]
[36, 110]
[36, 50]
[36, 74]
[36, 86]
[36, 71]
[17, 36]
[8, 36]
[36, 125]
[36, 62]
[36, 85]
[13, 36]
[20, 67]
[6, 20]
[1, 20]
[20, 81]
[20, 89]
[20, 110]
[7, 92]
[19, 92]
[1, 92]
[4, 108]
[1, 108]
[6, 108]
[67, 108]
[92, 108]
[19, 81]
[6, 81]
[1, 81]
[44, 81]
[81, 108]
[61, 81]
[3, 92]
[3, 81]
[3, 124]
[3, 89]
[44, 89]
[19, 62]
[1, 62]
[20, 62]
[62, 67]
[1, 89]
[44, 48]
[6, 48]
[67, 89]
[62, 92]
[22, 126]
[19, 91]
[4, 91]
[50, 96]
[20, 96]
[92, 96]
[3, 96]
[96, 124]
[25, 96]
[96, 130]
[74, 96]
[10, 96]
[17, 96]
[49, 96]
[62, 96]
[96, 118]
[96, 119]
[66, 96]
[87, 96]
[58, 96]
[75, 96]
[11, 96]
[39, 96]
[96, 127]
[43, 96]
[96, 113]
[21, 96]
[27, 96]
[96, 99]
[30, 96]
[46, 96]
[26, 96]
[42, 96]
[96, 107]
[88, 96]
[51, 101]
[15, 101]
[17, 101]
[50, 101]
[25, 101]
[81, 101]
[3, 101]
[101, 124]
[101, 110]
[101, 130]
[71, 101]
[8, 101]
[101, 125]
[49, 101]
[62, 101]
[101, 118]
[85, 101]
[40, 101]
[101, 119]
[58, 101]
[101, 109]
[75, 101]
[2, 101]
[11, 101]
[5, 101]
[101, 127]
[43, 101]
[78, 101]
[101, 122]
[27, 101]
[30, 101]
[46, 101]
[26, 101]
[101, 105]
[101, 128]
[42, 101]
[88, 101]
[81, 91]
[1, 91]
[6, 91]
[91, 92]
[91, 108]
[70, 91]
[89, 91]
[91, 124]
[91, 110]
[91, 130]
[74, 91]
[71, 91]
[17, 91]
[8, 91]
[91, 116]
[62, 91]
[91, 118]
[85, 91]
[13, 91]
[40, 91]
[91, 119]
[66, 91]
[87, 91]
[4, 126]
[1, 126]
[7, 126]
[67, 126]
[92, 126]
[108, 126]
[20, 126]
[61, 126]
[89, 126]
[16, 126]
[50, 126]
[71, 126]
[86, 126]
[17, 126]
[8, 126]
[8, 67]
[11, 62]
[119, 123]
[19, 123]
[44, 123]
[92, 123]
[5, 123]
[70, 123]
[89, 123]
[110, 123]
[25, 123]
[16, 123]
[74, 123]
[71, 123]
[10, 123]
[116, 123]
[49, 123]
[118, 123]
[85, 123]
[36, 123]
[40, 123]
[66, 123]
[87, 123]
[91, 123]
[58, 123]
[109, 123]
[75, 123]
[39, 123]
[123, 127]
[27, 123]
[99, 123]
[103, 123]
[120, 123]
[105, 123]
[107, 123]
[51, 123]
[123, 129]
[19, 26]
[6, 26]
[4, 26]
[7, 26]
[26, 67]
[26, 108]
[3, 26]
[2, 26]
[11, 26]
[5, 26]
[20, 26]
[26, 124]
[26, 110]
[16, 26]
[26, 130]
[26, 49]
[26, 85]
[13, 26]
[26, 36]
[26, 66]
[26, 58]
[26, 109]
[26, 127]
[26, 57]
[26, 43]
[26, 78]
[26, 122]
[26, 100]
[26, 27]
[26, 99]
[62, 124]
[16, 62]
[50, 62]
[62, 130]
[62, 74]
[62, 86]
[62, 126]
[62, 116]
[49, 62]
[17, 125]
[6, 125]
[19, 125]
[44, 125]
[67, 125]
[92, 125]
[108, 125]
[3, 125]
[2, 125]
[5, 125]
[20, 125]
[89, 125]
[25, 125]
[16, 125]
[50, 125]
[71, 125]
[86, 125]
[125, 126]
[116, 125]
[85, 125]
[40, 125]
[8, 81]
[22, 62]
[22, 26]
[8, 124]
[7, 124]
[7, 41]
[6, 41]
[6, 124]
[4, 124]
[20, 41]
[1, 124]
[1, 41]
[58, 125]
[41, 96]
[41, 61]
[19, 41]
[41, 44]
[41, 108]
[11, 41]
[41, 130]
[41, 74]
[10, 41]
[41, 62]
[2, 41]
[26, 41]
[41, 75]
[39, 41]
[41, 43]
[41, 42]
[41, 88]
[25, 41]
[16, 41]
[41, 86]
[41, 71]
[41, 126]
[41, 85]
[13, 41]
[41, 119]
[41, 87]
[41, 91]
[29, 41]
[41, 100]
[21, 41]
[41, 99]
[30, 41]
[41, 120]
[41, 107]
[41, 51]
[41, 73]
[41, 82]
[41, 90]
[41, 132]
[41, 121]
[41, 80]
[22, 41]
[41, 52]
[24, 41]
[12, 41]
[41, 60]
[41, 77]
[38, 41]
[41, 45]
[41, 68]
[33, 41]
[41, 59]
[41, 55]
[41, 94]
[41, 131]
[32, 41]
[41, 112]
[41, 64]
[41, 56]
[8, 95]
[3, 95]
[44, 95]
[1, 95]
[81, 95]
[5, 95]
[95, 124]
[11, 95]
[95, 101]
[20, 95]
[58, 95]
[78, 95]
[89, 95]
[95, 116]
[70, 95]
[2, 95]
[26, 95]
[49, 95]
[95, 96]
[66, 95]
[27, 95]
[15, 95]
[76, 95]
[95, 115]
[95, 104]
[84, 95]
[95, 102]
[14, 95]
[125, 127]
[110, 118]
[6, 118]
[4, 118]
[1, 118]
[19, 118]
[67, 118]
[108, 118]
[81, 118]
[8, 118]
[11, 118]
[20, 118]
[58, 118]
[118, 127]
[113, 118]
[118, 122]
[74, 118]
[50, 118]
[116, 118]
[4, 130]
[1, 130]
[44, 130]
[67, 130]
[61, 130]
[108, 130]
[81, 130]
[8, 130]
[5, 130]
[58, 130]
[109, 130]
[57, 130]
[122, 130]
[5, 108]
[5, 81]
[5, 36]
[44, 124]
[110, 124]
[44, 110]
[17, 67]
[19, 110]
[1, 110]
[108, 110]
[8, 110]
[61, 89]
[89, 92]
[81, 89]
[89, 110]
[8, 89]
[17, 124]
[17, 110]
[17, 89]
[5, 70]
[11, 108]
[2, 124]
[2, 110]
[9, 20]
[121, 130]
[9, 101]
[19, 120]
[6, 120]
[101, 121]
[70, 121]
[44, 121]
[1, 121]
[67, 121]
[89, 121]
[9, 121]
[11, 121]
[58, 121]
[109, 121]
[121, 127]
[78, 121]
[10, 121]
[50, 121]
[118, 121]
[40, 121]
[26, 121]
[121, 125]
[96, 121]
[27, 121]
[103, 121]
[105, 121]
[121, 128]
[0, 121]
[115, 121]
[104, 121]
[47, 121]
[48, 121]
[121, 134]
[75, 121]
[54, 121]
[83, 121]
[42, 121]
[88, 121]
[25, 121]
[86, 121]
[85, 121]
[29, 121]
[100, 121]
[107, 121]
[73, 121]
[2, 36]
[2, 89]
[9, 44]
[108, 119]
[61, 119]
[6, 119]
[67, 119]
[110, 119]
[81, 119]
[89, 119]
[36, 119]
[5, 119]
[70, 119]
[9, 119]
[11, 119]
[58, 119]
[109, 119]
[113, 119]
[119, 122]
[119, 130]
[10, 119]
[50, 119]
[116, 119]
[118, 119]
[103, 119]
[105, 119]
[119, 128]
[15, 119]
[75, 119]
[43, 119]
[25, 119]
[86, 119]
[71, 119]
[85, 119]
[13, 119]
[107, 119]
[51, 119]
[119, 129]
[0, 119]
[115, 119]
[114, 119]
[69, 119]
[65, 119]
[79, 119]
[47, 119]
[98, 119]
[83, 119]
[4, 74]
[19, 74]
[3, 74]
[20, 74]
[44, 74]
[8, 74]
[74, 124]
[123, 134]
[53, 128]
[61, 128]
[7, 122]
[19, 122]
[4, 122]
[1, 122]
[44, 122]
[67, 122]
[92, 122]
[122, 124]
[110, 122]
[81, 122]
[89, 122]
[20, 122]
[62, 122]
[16, 122]
[5, 122]
[11, 122]
[122, 127]
[27, 122]
[39, 122]
[42, 122]
[50, 122]
[116, 122]
[25, 122]
[86, 122]
[71, 122]
[85, 122]
[76, 122]
[53, 122]
[104, 122]
[102, 122]
[14, 122]
[35, 122]
[93, 122]
[58, 122]
[109, 122]
[113, 122]
[4, 13]
[6, 13]
[13, 44]
[13, 67]
[13, 92]
[13, 124]
[13, 110]
[13, 108]
[13, 81]
[5, 13]
[13, 127]
[13, 78]
[13, 40]
[13, 49]
[13, 126]
[2, 13]
[13, 27]
[13, 46]
[13, 25]
[13, 71]
[13, 85]
[57, 125]
[78, 125]
[81, 107]
[74, 81]
[74, 108]
[13, 24]
[24, 62]
[19, 24]
[24, 61]
[3, 24]
[24, 44]
[24, 92]
[24, 110]
[20, 24]
[11, 24]
[24, 130]
[10, 24]
[24, 101]
[24, 118]
[24, 57]
[24, 116]
[2, 24]
[24, 36]
[24, 122]
[24, 49]
[24, 27]
[24, 46]
[24, 39]
[24, 42]
[24, 25]
[24, 71]
[24, 85]
[24, 53]
[24, 104]
[24, 84]
[24, 48]
[24, 134]
[24, 121]
[24, 103]
[24, 105]
[15, 24]
[24, 29]
[24, 100]
[21, 24]
[24, 30]
[24, 99]
[24, 107]
[9, 24]
[24, 129]
[24, 115]
[24, 65]
[24, 79]
[24, 47]
[24, 98]
[24, 83]
[24, 119]
[24, 73]
[8, 102]
[19, 102]
[1, 102]
[7, 102]
[61, 102]
[3, 102]
[92, 102]
[102, 124]
[102, 110]
[81, 102]
[17, 102]
[74, 102]
[62, 102]
[102, 130]
[89, 102]
[101, 102]
[96, 102]
[102, 118]
[102, 127]
[57, 102]
[78, 102]
[102, 125]
[16, 102]
[86, 102]
[49, 102]
[46, 102]
[88, 102]
[25, 102]
[13, 102]
[76, 102]
[8, 10]
[1, 128]
[17, 74]
[11, 81]
[74, 130]
[10, 108]
[76, 108]
[7, 76]
[10, 20]
[10, 74]
[10, 130]
[74, 89]
[20, 116]
[3, 116]
[6, 116]
[4, 116]
[44, 116]
[67, 116]
[74, 116]
[108, 116]
[2, 74]
[2, 130]
[10, 89]
[10, 116]
[20, 27]
[20, 58]
[20, 109]
[58, 62]
[58, 102]
[58, 124]
[8, 58]
[6, 12]
[4, 12]
[1, 12]
[12, 44]
[2, 12]
[5, 12]
[12, 123]
[12, 95]
[3, 12]
[12, 70]
[10, 12]
[12, 24]
[12, 62]
[12, 89]
[12, 108]
[11, 12]
[12, 91]
[12, 66]
[12, 37]
[12, 16]
[12, 86]
[12, 27]
[12, 50]
[58, 89]
[16, 58]
[16, 17]
[4, 16]
[58, 108]
[8, 23]
[18, 23]
[95, 126]
[58, 126]
[11, 36]
[19, 71]
[21, 70]
[21, 74]
[3, 21]
[10, 21]
[21, 92]
[13, 21]
[21, 124]
[21, 62]
[21, 108]
[21, 71]
[21, 85]
[21, 91]
[21, 84]
[21, 22]
[21, 25]
[21, 86]
[21, 50]
[21, 40]
[21, 105]
[21, 65]
[21, 60]
[0, 21]
[9, 21]
[1, 71]
[3, 71]
[9, 10]
[10, 71]
[71, 110]
[71, 81]
[71, 92]
[7, 14]
[71, 124]
[71, 95]
[66, 100]
[100, 108]
[36, 60]
[60, 123]
[7, 39]
[1, 39]
[19, 39]
[39, 74]
[39, 61]
[39, 125]
[3, 39]
[39, 110]
[10, 39]
[39, 92]
[36, 39]
[39, 124]
[8, 39]
[17, 30]
[30, 130]
[6, 30]
[1, 30]
[30, 122]
[6, 66]
[7, 66]
[59, 66]
[59, 121]
[14, 120]
[14, 129]
[1, 14]
[7, 129]
[1, 129]
[6, 129]
[122, 129]
[2, 129]
[5, 129]
[17, 129]
[3, 129]
[110, 129]
[81, 129]
[92, 129]
[118, 129]
[13, 129]
[8, 129]
[11, 129]
[71, 129]
[30, 129]
[85, 129]
[46, 129]
[22, 129]
[16, 129]
[86, 129]
[88, 129]
[50, 129]
[40, 129]
[105, 129]
[114, 129]
[65, 129]
[60, 129]
[0, 129]
[21, 129]
[47, 129]
[97, 129]
[30, 36]
[10, 30]
[30, 44]
[30, 67]
[56, 101]
[30, 70]
[30, 61]
[30, 81]
[16, 61]
[7, 16]
[16, 44]
[16, 130]
[2, 16]
[16, 81]
[16, 92]
[8, 16]
[16, 95]
[11, 16]
[16, 39]
[16, 46]
[16, 43]
[16, 84]
[8, 30]
[26, 88]
[61, 88]
[7, 88]
[4, 88]
[1, 88]
[19, 88]
[44, 88]
[67, 88]
[88, 130]
[2, 88]
[74, 88]
[17, 88]
[3, 88]
[70, 88]
[10, 88]
[88, 92]
[62, 88]
[88, 95]
[71, 88]
[39, 88]
[30, 88]
[85, 88]
[46, 88]
[43, 88]
[84, 88]
[86, 88]
[4, 51]
[1, 51]
[91, 120]
[120, 122]
[44, 120]
[67, 120]
[2, 120]
[5, 120]
[61, 120]
[17, 120]
[26, 120]
[3, 120]
[10, 120]
[118, 120]
[13, 120]
[62, 120]
[95, 120]
[71, 120]
[30, 120]
[85, 120]
[46, 120]
[84, 120]
[22, 120]
[16, 120]
[25, 120]
[50, 120]
[40, 120]
[114, 120]
[0, 120]
[21, 120]
[32, 120]
[89, 120]
[38, 120]
[90, 120]
[100, 120]
[42, 120]
[54, 120]
[10, 51]
[5, 51]
[51, 122]
[51, 67]
[51, 130]
[51, 61]
[17, 51]
[51, 70]
[51, 92]
[51, 124]
[8, 51]
[51, 62]
[51, 102]
[51, 108]
[51, 71]
[39, 51]
[30, 51]
[51, 85]
[46, 51]
[30, 118]
[30, 62]
[30, 102]
[30, 71]
[19, 85]
[7, 85]
[1, 85]
[85, 130]
[74, 85]
[17, 85]
[81, 85]
[85, 118]
[8, 85]
[62, 85]
[85, 108]
[22, 101]
[19, 43]
[43, 122]
[43, 44]
[5, 43]
[17, 43]
[3, 43]
[43, 70]
[43, 110]
[43, 92]
[36, 43]
[43, 118]
[8, 43]
[43, 108]
[11, 43]
[43, 71]
[39, 43]
[11, 25]
[6, 25]
[1, 25]
[25, 130]
[2, 25]
[25, 74]
[25, 61]
[17, 25]
[25, 110]
[10, 25]
[25, 81]
[25, 95]
[22, 123]
[25, 71]
[16, 25]
[66, 124]
[11, 86]
[19, 86]
[11, 58]
[40, 124]
[17, 40]
[4, 40]
[1, 40]
[6, 40]
[40, 67]
[2, 40]
[5, 40]
[10, 40]
[40, 81]
[40, 62]
[40, 118]
[40, 71]
[39, 40]
[25, 40]
[40, 86]
[40, 88]
[40, 50]
[86, 130]
[4, 86]
[67, 86]
[30, 47]
[2, 86]
[86, 95]
[61, 86]
[3, 86]
[10, 86]
[81, 86]
[86, 118]
[16, 86]
[16, 50]
[5, 50]
[2, 50]
[19, 52]
[7, 52]
[50, 74]
[3, 50]
[50, 110]
[50, 92]
[50, 124]
[8, 50]
[50, 108]
[14, 36]
[6, 14]
[6, 15]
[7, 15]
[14, 15]
[15, 122]
[2, 15]
[5, 15]
[15, 74]
[15, 17]
[15, 125]
[15, 26]
[15, 110]
[10, 15]
[15, 36]
[15, 124]
[11, 50]
[15, 118]
[15, 108]
[15, 43]
[15, 16]
[15, 25]
[15, 40]
[15, 104]
[15, 66]
[22, 118]
[36, 47]
[5, 47]
[22, 102]
[21, 75]
[21, 104]
[22, 30]
[21, 89]
[21, 87]
[21, 90]
[21, 42]
[21, 53]
[21, 116]
[21, 58]
[9, 62]
[9, 122]
[22, 51]
[58, 71]
[50, 71]
[25, 50]
[30, 43]
[17, 114]
[17, 27]
[27, 130]
[22, 100]
[22, 85]
[9, 22]
[9, 96]
[10, 114]
[3, 114]
[5, 114]
[2, 114]
[22, 84]
[61, 84]
[5, 84]
[6, 84]
[4, 84]
[19, 84]
[44, 84]
[67, 84]
[84, 130]
[84, 125]
[70, 84]
[84, 110]
[10, 84]
[84, 92]
[74, 84]
[39, 84]
[81, 84]
[62, 84]
[8, 84]
[43, 84]
[25, 84]
[84, 86]
[40, 84]
[84, 114]
[30, 84]
[51, 84]
[84, 118]
[46, 84]
[65, 84]
[0, 84]
[14, 84]
[114, 124]
[67, 114]
[114, 122]
[1, 114]
[16, 114]
[61, 114]
[114, 130]
[26, 114]
[96, 114]
[70, 114]
[74, 114]
[71, 114]
[39, 114]
[88, 114]
[114, 123]
[108, 114]
[11, 114]
[40, 114]
[102, 114]
[25, 30]
[30, 114]
[43, 51]
[25, 51]
[16, 23]
[23, 119]
[50, 51]
[51, 114]
[16, 60]
[5, 60]
[114, 118]
[58, 88]
[11, 85]
[33, 123]
[4, 33]
[1, 33]
[19, 33]
[33, 44]
[5, 33]
[33, 61]
[33, 125]
[33, 70]
[33, 110]
[33, 92]
[13, 33]
[33, 124]
[16, 33]
[33, 88]
[33, 101]
[33, 81]
[20, 33]
[8, 33]
[33, 102]
[33, 108]
[11, 33]
[33, 51]
[33, 43]
[33, 86]
[33, 50]
[33, 40]
[33, 118]
[33, 65]
[33, 66]
[14, 33]
[22, 33]
[33, 53]
[33, 105]
[33, 87]
[33, 97]
[33, 133]
[33, 127]
[33, 76]
[33, 38]
[33, 54]
[33, 78]
[33, 120]
[33, 73]
[33, 77]
[33, 69]
[33, 82]
[33, 99]
[33, 117]
[33, 59]
[33, 64]
[33, 55]
[33, 68]
[33, 134]
[37, 66]
[8, 37]
[7, 37]
[6, 37]
[19, 37]
[37, 130]
[5, 37]
[37, 61]
[37, 41]
[26, 37]
[37, 96]
[3, 37]
[37, 95]
[37, 39]
[37, 88]
[37, 101]
[37, 123]
[37, 71]
[11, 37]
[21, 37]
[37, 51]
[37, 86]
[37, 50]
[30, 37]
[37, 85]
[37, 65]
[37, 60]
[0, 37]
[37, 104]
[37, 89]
[37, 90]
[37, 113]
[37, 91]
[22, 37]
[37, 105]
[37, 42]
[9, 37]
[37, 97]
[37, 133]
[37, 57]
[32, 37]
[37, 93]
[37, 107]
[37, 126]
[50, 85]
[40, 85]
[58, 86]
[85, 114]
[9, 36]
[9, 92]
[0, 10]
[0, 4]
[0, 130]
[9, 13]
[22, 80]
[75, 102]
[0, 16]
[0, 43]
[28, 43]
[26, 28]
[28, 61]
[0, 85]
[60, 85]
[50, 60]
[26, 60]
[60, 122]
[0, 30]
[30, 104]
[0, 124]
[0, 96]
[39, 89]
[50, 89]
[42, 89]
[60, 81]
[75, 81]
[75, 110]
[0, 26]
[0, 125]
[0, 2]
[35, 60]
[12, 60]
[60, 119]
[0, 62]
[0, 101]
[26, 63]
[2, 63]
[23, 36]
[36, 54]
[54, 70]
[3, 54]
[3, 29]
[2, 29]
[7, 29]
[4, 29]
[0, 12]
[6, 56]
[4, 56]
[4, 31]
[1, 31]
[31, 33]
[31, 40]
[40, 60]
[60, 104]
[104, 110]
[6, 104]
[4, 104]
[19, 104]
[44, 104]
[104, 130]
[104, 125]
[26, 104]
[96, 104]
[3, 104]
[10, 104]
[13, 104]
[36, 104]
[104, 124]
[101, 104]
[17, 104]
[8, 104]
[62, 104]
[39, 104]
[104, 108]
[43, 104]
[50, 104]
[16, 104]
[0, 118]
[23, 41]
[17, 75]
[7, 75]
[19, 75]
[71, 75]
[17, 63]
[63, 130]
[23, 96]
[75, 130]
[75, 122]
[16, 47]
[10, 47]
[4, 47]
[1, 47]
[7, 47]
[47, 122]
[47, 67]
[26, 47]
[47, 92]
[13, 47]
[47, 123]
[47, 74]
[47, 81]
[47, 62]
[47, 108]
[43, 47]
[47, 50]
[47, 102]
[21, 47]
[47, 71]
[47, 84]
[42, 47]
[47, 89]
[0, 47]
[47, 113]
[47, 114]
[47, 105]
[47, 116]
[47, 58]
[42, 126]
[113, 126]
[53, 126]
[67, 75]
[3, 75]
[70, 75]
[17, 111]
[18, 111]
[7, 111]
[6, 111]
[111, 122]
[44, 111]
[2, 111]
[5, 111]
[61, 111]
[41, 111]
[3, 111]
[13, 111]
[111, 124]
[111, 123]
[74, 111]
[81, 111]
[12, 111]
[39, 111]
[88, 111]
[20, 111]
[43, 111]
[16, 111]
[51, 111]
[0, 111]
[104, 111]
[111, 114]
[91, 111]
[30, 111]
[111, 126]
[105, 111]
[111, 116]
[111, 127]
[57, 111]
[100, 111]
[56, 111]
[109, 111]
[111, 120]
[63, 111]
[34, 111]
[111, 128]
[68, 111]
[111, 134]
[49, 111]
[48, 111]
[45, 111]
[40, 111]
[60, 111]
[66, 111]
[111, 129]
[93, 111]
[76, 111]
[111, 115]
[52, 111]
[77, 111]
[69, 111]
[13, 75]
[75, 108]
[12, 75]
[39, 75]
[75, 118]
[75, 88]
[75, 85]
[35, 92]
[2, 35]
[19, 35]
[12, 23]
[23, 70]
[23, 24]
[13, 23]
[23, 101]
[23, 123]
[23, 74]
[23, 95]
[20, 23]
[23, 71]
[23, 51]
[21, 23]
[0, 23]
[23, 104]
[23, 114]
[23, 84]
[23, 37]
[23, 30]
[23, 86]
[23, 40]
[23, 25]
[23, 65]
[23, 60]
[23, 66]
[14, 23]
[23, 90]
[22, 23]
[23, 46]
[9, 23]
[23, 87]
[23, 97]
[23, 133]
[23, 129]
[23, 93]
[23, 76]
[23, 79]
[23, 115]
[23, 52]
[23, 98]
[23, 54]
[23, 132]
[23, 73]
[23, 77]
[23, 69]
[23, 111]
[23, 99]
[23, 117]
[23, 59]
[23, 106]
[23, 64]
[23, 28]
[10, 42]
[19, 42]
[58, 113]
[2, 42]
[8, 42]
[42, 125]
[26, 42]
[42, 110]
[42, 92]
[42, 124]
[42, 88]
[42, 85]
[42, 75]
[42, 118]
[42, 51]
[42, 71]
[11, 75]
[11, 42]
[113, 125]
[19, 113]
[44, 113]
[5, 113]
[13, 113]
[102, 113]
[3, 113]
[36, 113]
[92, 113]
[2, 27]
[113, 124]
[39, 113]
[88, 113]
[50, 113]
[89, 113]
[51, 113]
[42, 113]
[16, 75]
[16, 42]
[58, 91]
[17, 105]
[22, 105]
[62, 127]
[5, 127]
[3, 127]
[92, 127]
[124, 127]
[74, 127]
[108, 127]
[39, 127]
[20, 127]
[43, 127]
[50, 127]
[85, 127]
[75, 127]
[51, 127]
[11, 127]
[105, 127]
[16, 127]
[116, 127]
[58, 127]
[100, 127]
[109, 127]
[127, 128]
[107, 127]
[112, 127]
[60, 127]
[90, 127]
[87, 127]
[76, 127]
[98, 127]
[54, 127]
[99, 127]
[83, 127]
[103, 127]
[35, 127]
[53, 127]
[26, 105]
[1, 63]
[22, 91]
[17, 76]
[26, 76]
[5, 105]
[67, 105]
[66, 67]
[66, 130]
[105, 122]
[2, 105]
[61, 63]
[13, 63]
[5, 63]
[30, 89]
[30, 105]
[30, 113]
[30, 91]
[30, 57]
[30, 38]
[30, 100]
[30, 63]
[30, 34]
[30, 128]
[30, 55]
[30, 107]
[30, 49]
[30, 60]
[30, 66]
[30, 90]
[30, 87]
[30, 93]
[30, 98]
[30, 99]
[30, 59]
[30, 83]
[30, 35]
[30, 31]
[30, 127]
[30, 56]
[30, 68]
[30, 134]
[7, 134]
[6, 134]
[44, 134]
[130, 134]
[5, 134]
[26, 134]
[96, 134]
[13, 134]
[17, 134]
[62, 134]
[95, 134]
[61, 134]
[125, 134]
[3, 134]
[92, 134]
[124, 134]
[20, 134]
[108, 134]
[43, 134]
[50, 134]
[21, 134]
[85, 134]
[37, 134]
[71, 134]
[102, 134]
[118, 134]
[16, 134]
[75, 134]
[113, 134]
[84, 134]
[47, 134]
[87, 134]
[98, 134]
[89, 134]
[116, 134]
[57, 134]
[38, 134]
[78, 134]
[34, 134]
[55, 134]
[49, 134]
[112, 134]
[25, 134]
[79, 134]
[54, 134]
[99, 134]
[35, 134]
[127, 134]
[68, 134]
[1, 68]
[4, 68]
[7, 68]
[68, 122]
[44, 68]
[2, 68]
[5, 68]
[24, 68]
[17, 68]
[68, 95]
[68, 101]
[68, 123]
[19, 68]
[61, 68]
[68, 110]
[68, 92]
[68, 74]
[8, 68]
[20, 68]
[50, 68]
[51, 68]
[68, 118]
[16, 68]
[11, 68]
[68, 84]
[47, 68]
[60, 68]
[68, 93]
[56, 68]
[68, 89]
[68, 116]
[57, 68]
[32, 68]
[38, 68]
[68, 109]
[68, 128]
[55, 68]
[68, 107]
[49, 68]
[68, 112]
[68, 90]
[9, 68]
[68, 76]
[68, 73]
[68, 69]
[68, 103]
[1, 103]
[7, 103]
[6, 103]
[70, 103]
[13, 103]
[17, 103]
[81, 103]
[61, 103]
[103, 110]
[92, 103]
[74, 103]
[8, 103]
[20, 103]
[103, 108]
[21, 103]
[71, 103]
[42, 103]
[103, 105]
[75, 103]
[103, 113]
[84, 103]
[91, 103]
[103, 104]
[93, 103]
[53, 103]
[89, 103]
[103, 126]
[103, 116]
[38, 103]
[78, 103]
[63, 103]
[34, 103]
[103, 128]
[103, 107]
[103, 112]
[69, 103]
[103, 111]
[99, 103]
[59, 103]
[103, 106]
[23, 103]
[83, 103]
[7, 83]
[6, 83]
[83, 122]
[44, 83]
[67, 83]
[2, 83]
[5, 83]
[26, 83]
[83, 96]
[13, 83]
[62, 83]
[12, 83]
[83, 101]
[83, 125]
[83, 110]
[10, 83]
[83, 92]
[74, 83]
[8, 83]
[20, 83]
[83, 108]
[50, 83]
[21, 83]
[37, 83]
[51, 83]
[71, 83]
[33, 83]
[16, 83]
[11, 83]
[83, 91]
[47, 83]
[83, 93]
[83, 98]
[53, 83]
[56, 83]
[83, 89]
[83, 116]
[58, 83]
[57, 83]
[32, 83]
[38, 83]
[83, 100]
[78, 83]
[55, 83]
[83, 107]
[49, 83]
[83, 112]
[25, 83]
[79, 83]
[73, 83]
[83, 111]
[62, 105]
[19, 105]
[61, 105]
[10, 105]
[105, 124]
[74, 105]
[8, 105]
[43, 105]
[50, 105]
[88, 105]
[42, 105]
[75, 105]
[105, 113]
[42, 84]
[5, 91]
[43, 91]
[75, 91]
[75, 100]
[14, 75]
[75, 87]
[75, 104]
[75, 116]
[9, 75]
[75, 76]
[59, 75]
[4, 59]
[7, 59]
[6, 59]
[59, 122]
[59, 130]
[59, 119]
[59, 96]
[59, 70]
[17, 59]
[59, 62]
[59, 95]
[59, 101]
[59, 123]
[59, 110]
[10, 59]
[36, 59]
[59, 124]
[59, 74]
[50, 59]
[51, 59]
[59, 88]
[16, 59]
[20, 59]
[59, 85]
[59, 71]
[59, 105]
[43, 59]
[38, 59]
[25, 59]
[12, 59]
[59, 73]
[35, 59]
[58, 59]
[59, 86]
[59, 76]
[1, 76]
[67, 76]
[76, 130]
[2, 76]
[76, 96]
[70, 76]
[76, 125]
[3, 76]
[76, 110]
[10, 76]
[39, 76]
[51, 76]
[76, 88]
[42, 76]
[76, 85]
[76, 105]
[43, 76]
[20, 76]
[76, 89]
[76, 100]
[25, 76]
[76, 90]
[76, 113]
[76, 87]
[76, 104]
[73, 76]
[35, 76]
[60, 76]
[76, 98]
[76, 78]
[76, 79]
[54, 76]
[49, 76]
[31, 76]
[40, 76]
[76, 117]
[64, 76]
[72, 76]
[46, 76]
[57, 76]
[76, 128]
[76, 120]
[76, 132]
[14, 76]
[48, 76]
[76, 77]
[76, 109]
[76, 133]
[52, 76]
[65, 76]
[76, 115]
[28, 76]
[7, 28]
[2, 28]
[28, 41]
[24, 28]
[17, 28]
[28, 81]
[28, 95]
[28, 101]
[3, 28]
[28, 110]
[10, 28]
[28, 36]
[28, 39]
[28, 50]
[11, 28]
[28, 118]
[28, 71]
[5, 28]
[28, 88]
[28, 42]
[28, 68]
[28, 105]
[28, 47]
[28, 111]
[28, 116]
[20, 28]
[28, 51]
[28, 89]
[28, 100]
[28, 90]
[28, 63]
[27, 28]
[28, 113]
[28, 134]
[28, 104]
[28, 127]
[28, 73]
[28, 54]
[28, 40]
[28, 117]
[28, 64]
[28, 91]
[28, 60]
[28, 53]
[28, 32]
[28, 49]
[28, 103]
[28, 94]
[28, 57]
[28, 128]
[28, 120]
[28, 48]
[28, 77]
[28, 29]
[22, 28]
[28, 133]
[28, 72]
[28, 75]
[28, 65]
[28, 115]
[115, 122]
[2, 115]
[70, 115]
[13, 115]
[115, 123]
[19, 115]
[115, 125]
[92, 115]
[8, 115]
[16, 115]
[84, 115]
[66, 115]
[25, 115]
[86, 115]
[87, 115]
[17, 115]
[110, 115]
[10, 115]
[36, 115]
[58, 115]
[0, 115]
[115, 118]
[42, 115]
[105, 115]
[47, 115]
[43, 115]
[115, 116]
[20, 115]
[51, 115]
[89, 115]
[100, 115]
[63, 115]
[98, 115]
[27, 115]
[113, 115]
[104, 115]
[99, 115]
[115, 127]
[31, 115]
[115, 117]
[64, 115]
[88, 115]
[91, 115]
[53, 115]
[32, 115]
[49, 115]
[115, 134]
[52, 115]
[73, 115]
[75, 115]
[94, 115]
[112, 115]
[69, 115]
[82, 115]
[77, 115]
[29, 115]
[1, 29]
[29, 44]
[13, 29]
[29, 125]
[29, 124]
[29, 84]
[29, 38]
[29, 85]
[29, 30]
[29, 33]
[29, 66]
[29, 102]
[29, 81]
[29, 61]
[9, 29]
[29, 78]
[29, 129]
[12, 29]
[29, 107]
[29, 126]
[29, 59]
[29, 83]
[16, 29]
[29, 106]
[29, 40]
[15, 29]
[29, 103]
[29, 57]
[22, 29]
[29, 86]
[29, 65]
[29, 36]
[29, 58]
[0, 29]
[29, 118]
[25, 29]
[29, 95]
[29, 105]
[29, 47]
[29, 43]
[20, 29]
[29, 89]
[29, 100]
[29, 63]
[29, 117]
[29, 52]
[29, 73]
[29, 94]
[29, 34]
[29, 112]
[29, 114]
[29, 80]
[29, 93]
[29, 82]
[1, 82]
[4, 82]
[6, 82]
[82, 122]
[44, 82]
[67, 82]
[82, 130]
[2, 82]
[26, 82]
[70, 82]
[62, 82]
[82, 125]
[82, 92]
[8, 82]
[82, 108]
[82, 101]
[61, 82]
[5, 82]
[37, 82]
[11, 82]
[46, 82]
[14, 82]
[82, 109]
[79, 82]
[13, 82]
[82, 124]
[38, 82]
[82, 102]
[82, 90]
[3, 82]
[55, 82]
[78, 82]
[82, 128]
[82, 133]
[72, 82]
[76, 82]
[82, 107]
[82, 126]
[82, 120]
[82, 106]
[40, 82]
[82, 103]
[82, 110]
[57, 82]
[42, 82]
[82, 111]
[51, 82]
[82, 98]
[27, 82]
[82, 113]
[82, 104]
[82, 86]
[65, 82]
[82, 91]
[32, 82]
[36, 82]
[82, 134]
[75, 82]
[56, 82]
[82, 118]
[25, 82]
[47, 82]
[43, 82]
[20, 82]
[82, 100]
[77, 82]
[31, 82]
[28, 82]
[82, 94]
[82, 112]
[82, 114]
[80, 82]
[82, 93]
[4, 93]
[7, 93]
[6, 93]
[44, 93]
[2, 93]
[93, 96]
[93, 123]
[19, 93]
[93, 125]
[92, 93]
[8, 93]
[93, 101]
[61, 93]
[21, 93]
[50, 93]
[46, 93]
[14, 93]
[93, 109]
[54, 93]
[13, 93]
[84, 93]
[38, 93]
[85, 93]
[66, 93]
[93, 102]
[90, 93]
[81, 93]
[9, 93]
[55, 93]
[78, 93]
[93, 128]
[12, 93]
[76, 93]
[93, 107]
[93, 110]
[10, 93]
[57, 93]
[93, 116]
[51, 93]
[93, 99]
[88, 93]
[91, 93]
[53, 93]
[49, 93]
[36, 93]
[75, 93]
[69, 93]
[25, 93]
[43, 93]
[89, 93]
[93, 100]
[63, 93]
[73, 93]
[34, 93]
[64, 93]
[45, 93]
[28, 93]
[93, 94]
[35, 93]
[93, 131]
[48, 93]
[22, 93]
[31, 93]
[86, 93]
[0, 93]
[0, 87]
[0, 11]
[0, 109]
[0, 79]
[0, 60]
[0, 42]
[0, 98]
[0, 113]
[0, 32]
[0, 134]
[0, 56]
[0, 66]
[0, 68]
[0, 106]
[0, 49]
[0, 75]
[0, 78]
[0, 128]
[0, 72]
[0, 83]
[0, 57]
[0, 51]
[0, 40]
[0, 91]
[0, 65]
[0, 114]
[0, 46]
[0, 97]
[11, 104]
[6, 100]
[4, 100]
[1, 100]
[120, 126]
[9, 120]
[55, 120]
[73, 120]
[120, 132]
[116, 120]
[59, 120]
[77, 120]
[64, 120]
[35, 120]
[31, 120]
[109, 120]
[79, 120]
[49, 120]
[71, 104]
[88, 104]
[51, 133]
[25, 85]
[86, 113]
[96, 106]
[106, 119]
[40, 113]
[42, 86]
[47, 86]
[40, 134]
[13, 45]
[45, 121]
[4, 45]
[1, 45]
[45, 106]
[45, 71]
[66, 105]
[66, 125]
[66, 92]
[8, 66]
[5, 66]
[66, 110]
[10, 66]
[11, 66]
[66, 88]
[43, 66]
[66, 113]
[42, 66]
[66, 86]
[66, 104]
[40, 66]
[66, 89]
[66, 90]
[60, 66]
[66, 114]
[51, 65]
[22, 47]
[4, 65]
[6, 65]
[44, 65]
[16, 63]
[39, 63]
[24, 63]
[63, 119]
[63, 96]
[63, 70]
[62, 63]
[63, 123]
[63, 92]
[41, 63]
[63, 101]
[63, 81]
[10, 63]
[12, 63]
[63, 71]
[63, 102]
[63, 85]
[51, 63]
[8, 63]
[63, 84]
[25, 63]
[63, 65]
[14, 63]
[63, 86]
[63, 104]
[40, 63]
[63, 90]
[63, 114]
[22, 63]
[63, 73]
[63, 98]
[63, 78]
[63, 128]
[63, 100]
[63, 69]
[56, 63]
[63, 126]
[9, 63]
[63, 132]
[89, 105]
[44, 109]
[67, 109]
[74, 109]
[17, 109]
[17, 38]
[32, 74]
[32, 130]
[32, 113]
[32, 122]
[4, 32]
[79, 95]
[2, 79]
[2, 32]
[26, 32]
[44, 79]
[1, 79]
[67, 79]
[19, 79]
[79, 108]
[50, 79]
[20, 79]
[36, 79]
[75, 79]
[79, 110]
[70, 79]
[79, 88]
[42, 79]
[47, 79]
[79, 105]
[79, 91]
[79, 113]
[5, 79]
[39, 79]
[62, 79]
[12, 79]
[51, 79]
[8, 79]
[79, 84]
[58, 79]
[57, 79]
[79, 85]
[79, 109]
[16, 79]
[53, 79]
[79, 116]
[60, 79]
[66, 79]
[13, 32]
[19, 32]
[22, 32]
[22, 68]
[22, 38]
[22, 134]
[22, 54]
[22, 55]
[22, 83]
[22, 133]
[22, 46]
[22, 97]
[22, 103]
[25, 89]
[60, 62]
[26, 65]
[65, 67]
[2, 65]
[65, 74]
[8, 65]
[60, 61]
[61, 65]
[3, 65]
[22, 35]
[20, 35]
[60, 125]
[1, 60]
[7, 60]
[2, 60]
[60, 110]
[60, 124]
[39, 60]
[60, 75]
[60, 101]
[42, 60]
[60, 113]
[51, 60]
[60, 87]
[60, 91]
[65, 70]
[65, 95]
[100, 122]
[12, 65]
[36, 65]
[57, 113]
[16, 57]
[60, 86]
[66, 126]
[87, 126]
[65, 92]
[5, 65]
[65, 81]
[65, 118]
[105, 114]
[75, 114]
[3, 100]
[67, 100]
[2, 100]
[43, 100]
[100, 125]
[100, 124]
[61, 100]
[39, 100]
[71, 100]
[88, 100]
[84, 100]
[92, 100]
[50, 100]
[81, 100]
[85, 100]
[51, 100]
[25, 100]
[100, 105]
[87, 100]
[46, 100]
[100, 126]
[14, 100]
[100, 133]
[58, 100]
[100, 109]
[79, 100]
[100, 128]
[69, 100]
[9, 100]
[42, 100]
[47, 100]
[60, 100]
[32, 100]
[55, 100]
[73, 100]
[56, 100]
[100, 129]
[52, 100]
[77, 100]
[15, 100]
[100, 117]
[45, 100]
[100, 131]
[70, 90]
[36, 90]
[15, 20]
[90, 119]
[90, 96]
[3, 90]
[44, 90]
[84, 127]
[86, 127]
[86, 89]
[22, 59]
[58, 66]
[58, 60]
[25, 58]
[83, 120]
[9, 71]
[9, 74]
[30, 45]
[26, 45]
[20, 45]
[45, 67]
[45, 61]
[9, 42]
[9, 43]
[9, 50]
[22, 117]
[9, 123]
[9, 51]
[9, 104]
[59, 129]
[59, 78]
[9, 16]
[59, 65]
[52, 59]
[9, 79]
[9, 102]
[9, 81]
[9, 88]
[9, 60]
[9, 86]
[19, 57]
[6, 57]
[1, 57]
[20, 57]
[57, 61]
[57, 108]
[44, 57]
[5, 57]
[57, 62]
[21, 57]
[36, 57]
[57, 124]
[3, 57]
[57, 91]
[57, 70]
[57, 110]
[11, 57]
[57, 66]
[57, 74]
[57, 71]
[51, 57]
[57, 104]
[57, 81]
[57, 86]
[57, 89]
[9, 89]
[12, 116]
[113, 116]
[116, 126]
[58, 116]
[39, 116]
[66, 116]
[60, 116]
[84, 116]
[25, 116]
[43, 116]
[12, 54]
[26, 54]
[54, 61]
[58, 65]
[54, 58]
[54, 67]
[1, 54]
[54, 60]
[19, 54]
[52, 61]
[20, 52]
[4, 52]
[54, 101]
[54, 105]
[13, 54]
[27, 55]
[27, 38]
[11, 27]
[27, 70]
[8, 27]
[27, 111]
[27, 67]
[7, 27]
[27, 61]
[27, 63]
[27, 125]
[23, 27]
[27, 118]
[27, 105]
[21, 27]
[3, 27]
[27, 110]
[27, 134]
[27, 47]
[27, 85]
[27, 71]
[27, 51]
[27, 104]
[27, 92]
[27, 50]
[27, 81]
[27, 113]
[27, 126]
[27, 58]
[27, 84]
[25, 27]
[27, 86]
[27, 83]
[27, 87]
[27, 90]
[27, 52]
[27, 32]
[27, 116]
[27, 133]
[27, 107]
[27, 80]
[27, 77]
[27, 114]
[22, 27]
[27, 94]
[27, 34]
[27, 45]
[14, 27]
[27, 97]
[27, 117]
[27, 46]
[27, 72]
[54, 62]
[8, 54]
[54, 91]
[54, 110]
[11, 54]
[54, 74]
[51, 54]
[54, 92]
[42, 54]
[54, 81]
[10, 54]
[54, 126]
[39, 54]
[43, 54]
[54, 87]
[17, 87]
[44, 87]
[19, 87]
[87, 125]
[25, 87]
[10, 87]
[51, 87]
[32, 51]
[8, 32]
[32, 105]
[9, 87]
[47, 87]
[87, 110]
[70, 87]
[5, 87]
[62, 87]
[43, 45]
[24, 45]
[43, 87]
[44, 45]
[87, 104]
[81, 87]
[45, 75]
[45, 124]
[17, 45]
[0, 45]
[28, 45]
[58, 87]
[84, 87]
[86, 87]
[38, 119]
[6, 38]
[7, 38]
[4, 38]
[38, 113]
[53, 54]
[53, 125]
[38, 125]
[38, 130]
[65, 113]
[11, 65]
[65, 103]
[65, 75]
[65, 68]
[65, 91]
[65, 85]
[65, 104]
[42, 65]
[65, 89]
[25, 65]
[57, 65]
[65, 87]
[65, 109]
[65, 90]
[38, 67]
[38, 121]
[38, 108]
[53, 71]
[38, 71]
[38, 122]
[38, 44]
[38, 96]
[38, 105]
[5, 38]
[36, 38]
[53, 124]
[38, 124]
[3, 38]
[38, 47]
[38, 50]
[38, 126]
[38, 39]
[38, 66]
[38, 43]
[38, 60]
[38, 84]
[38, 89]
[7, 78]
[1, 78]
[6, 78]
[20, 78]
[61, 78]
[78, 108]
[37, 78]
[19, 78]
[12, 78]
[44, 78]
[5, 78]
[62, 78]
[8, 78]
[78, 88]
[78, 110]
[74, 78]
[25, 38]
[25, 78]
[10, 78]
[16, 78]
[78, 92]
[78, 81]
[78, 126]
[66, 78]
[43, 78]
[60, 78]
[78, 91]
[78, 120]
[78, 85]
[59, 69]
[59, 77]
[38, 57]
[38, 58]
[38, 87]
[10, 109]
[21, 109]
[36, 109]
[109, 110]
[3, 109]
[109, 124]
[54, 109]
[42, 109]
[50, 109]
[70, 109]
[47, 109]
[102, 109]
[88, 109]
[16, 109]
[81, 109]
[109, 126]
[39, 109]
[66, 109]
[43, 109]
[86, 109]
[91, 109]
[11, 109]
[85, 109]
[9, 109]
[84, 109]
[89, 109]
[57, 109]
[87, 109]
[54, 90]
[42, 90]
[71, 90]
[74, 90]
[90, 95]
[42, 78]
[78, 79]
[81, 90]
[90, 92]
[61, 90]
[67, 90]
[7, 90]
[90, 108]
[90, 122]
[39, 90]
[90, 123]
[19, 90]
[90, 101]
[15, 33]
[90, 130]
[90, 125]
[8, 90]
[90, 104]
[90, 124]
[90, 110]
[50, 90]
[43, 90]
[90, 113]
[60, 90]
[85, 90]
[90, 126]
[58, 90]
[38, 90]
[90, 109]
[79, 133]
[125, 133]
[19, 133]
[2, 133]
[6, 133]
[1, 133]
[7, 133]
[13, 133]
[61, 133]
[41, 133]
[96, 133]
[118, 133]
[74, 133]
[68, 133]
[36, 133]
[102, 133]
[88, 133]
[105, 133]
[39, 133]
[8, 133]
[91, 133]
[42, 133]
[89, 133]
[127, 133]
[104, 133]
[21, 133]
[124, 133]
[50, 133]
[43, 133]
[60, 133]
[85, 133]
[25, 133]
[65, 133]
[87, 133]
[113, 133]
[109, 133]
[20, 80]
[6, 80]
[7, 80]
[1, 80]
[67, 80]
[80, 87]
[80, 123]
[61, 80]
[80, 121]
[26, 80]
[0, 80]
[80, 118]
[62, 80]
[80, 92]
[75, 80]
[3, 80]
[47, 80]
[80, 102]
[16, 80]
[33, 80]
[30, 80]
[37, 80]
[21, 80]
[51, 80]
[80, 81]
[54, 80]
[54, 56]
[56, 66]
[56, 119]
[1, 56]
[26, 56]
[56, 76]
[2, 56]
[24, 56]
[56, 122]
[44, 56]
[56, 96]
[56, 118]
[5, 56]
[56, 62]
[12, 56]
[56, 75]
[47, 56]
[56, 102]
[56, 88]
[16, 56]
[37, 56]
[51, 56]
[56, 81]
[56, 86]
[56, 125]
[56, 130]
[8, 56]
[56, 91]
[42, 56]
[56, 89]
[56, 127]
[22, 56]
[56, 124]
[56, 110]
[50, 56]
[56, 108]
[43, 56]
[56, 84]
[56, 60]
[25, 56]
[56, 65]
[56, 113]
[56, 126]
[56, 58]
[56, 90]
[56, 132]
[56, 114]
[56, 73]
[56, 128]
[56, 112]
[49, 56]
[48, 56]
[14, 56]
[11, 80]
[80, 83]
[80, 130]
[80, 120]
[80, 89]
[80, 127]
[50, 80]
[43, 80]
[9, 80]
[80, 84]
[65, 80]
[80, 126]
[58, 80]
[80, 90]
[80, 133]
[36, 132]
[132, 134]
[20, 132]
[1, 132]
[19, 132]
[67, 132]
[61, 132]
[26, 132]
[95, 132]
[122, 132]
[44, 132]
[118, 132]
[123, 132]
[12, 132]
[92, 132]
[68, 132]
[3, 132]
[47, 132]
[88, 132]
[16, 132]
[30, 132]
[37, 132]
[105, 132]
[51, 132]
[83, 132]
[101, 132]
[130, 132]
[8, 132]
[91, 132]
[42, 132]
[40, 79]
[40, 127]
[15, 21]
[15, 23]
[15, 111]
[15, 30]
[15, 57]
[15, 37]
[15, 105]
[15, 51]
[15, 103]
[15, 79]
[15, 22]
[9, 15]
[15, 84]
[15, 113]
[23, 31]
[114, 134]
[15, 126]
[15, 59]
[15, 54]
[15, 32]
[15, 116]
[15, 55]
[15, 107]
[15, 117]
[15, 129]
[15, 52]
[15, 77]
[15, 99]
[114, 127]
[87, 114]
[83, 114]
[45, 118]
[5, 45]
[45, 62]
[12, 45]
[45, 92]
[45, 68]
[36, 45]
[3, 45]
[45, 47]
[45, 102]
[45, 88]
[45, 81]
[45, 125]
[8, 45]
[11, 45]
[45, 50]
[45, 85]
[45, 134]
[45, 86]
[45, 60]
[45, 65]
[45, 87]
[10, 45]
[45, 133]
[66, 73]
[73, 95]
[4, 73]
[6, 73]
[20, 73]
[67, 73]
[26, 73]
[2, 73]
[73, 122]
[44, 73]
[73, 96]
[73, 74]
[73, 123]
[42, 73]
[73, 89]
[38, 73]
[17, 73]
[47, 73]
[73, 102]
[73, 81]
[8, 73]
[50, 73]
[73, 85]
[60, 73]
[10, 73]
[73, 105]
[48, 73]
[73, 79]
[65, 73]
[73, 133]
[73, 98]
[73, 112]
[53, 73]
[73, 128]
[20, 128]
[67, 128]
[2, 128]
[44, 128]
[74, 128]
[71, 128]
[70, 128]
[128, 130]
[91, 128]
[108, 128]
[66, 128]
[38, 128]
[104, 128]
[12, 128]
[92, 128]
[36, 128]
[47, 128]
[81, 128]
[85, 128]
[58, 128]
[87, 128]
[120, 128]
[37, 128]
[34, 128]
[48, 128]
[43, 128]
[21, 128]
[79, 128]
[110, 128]
[11, 128]
[1, 34]
[4, 34]
[34, 121]
[34, 63]
[2, 34]
[24, 34]
[34, 122]
[19, 34]
[13, 34]
[34, 74]
[34, 123]
[16, 34]
[34, 101]
[34, 42]
[34, 104]
[17, 34]
[28, 34]
[5, 34]
[34, 92]
[34, 75]
[3, 34]
[34, 102]
[34, 81]
[8, 34]
[34, 85]
[34, 86]
[34, 60]
[34, 105]
[34, 109]
[4, 48]
[20, 48]
[48, 61]
[48, 63]
[48, 96]
[48, 71]
[48, 123]
[39, 48]
[48, 101]
[48, 130]
[42, 48]
[48, 89]
[38, 48]
[48, 104]
[17, 48]
[48, 118]
[5, 48]
[48, 62]
[48, 68]
[36, 48]
[47, 48]
[48, 102]
[48, 88]
[48, 81]
[48, 85]
[48, 134]
[48, 87]
[10, 48]
[30, 48]
[37, 48]
[48, 105]
[34, 43]
[34, 124]
[21, 34]
[34, 110]
[34, 57]
[57, 90]
[48, 57]
[48, 79]
[48, 110]
[48, 65]
[48, 84]
[34, 84]
[22, 34]
[22, 48]
[9, 34]
[48, 133]
[48, 126]
[34, 126]
[34, 54]
[7, 98]
[6, 98]
[67, 98]
[61, 98]
[95, 98]
[98, 122]
[44, 98]
[13, 98]
[98, 123]
[16, 98]
[98, 101]
[98, 130]
[91, 98]
[42, 98]
[89, 98]
[92, 98]
[3, 98]
[47, 98]
[98, 125]
[8, 98]
[50, 98]
[85, 98]
[86, 98]
[60, 98]
[87, 98]
[98, 105]
[51, 98]
[98, 109]
[98, 110]
[25, 98]
[65, 98]
[22, 98]
[98, 126]
[57, 98]
[48, 98]
[98, 112]
[1, 112]
[7, 112]
[4, 112]
[20, 112]
[67, 112]
[61, 112]
[112, 119]
[2, 112]
[112, 122]
[19, 112]
[71, 112]
[70, 112]
[16, 112]
[108, 112]
[17, 112]
[5, 112]
[62, 112]
[12, 112]
[75, 112]
[47, 112]
[102, 112]
[112, 125]
[8, 112]
[58, 112]
[86, 112]
[10, 112]
[51, 112]
[43, 112]
[112, 124]
[21, 112]
[110, 112]
[11, 112]
[25, 112]
[65, 112]
[22, 112]
[112, 133]
[112, 126]
[34, 112]
[48, 112]
[7, 49]
[20, 49]
[49, 67]
[49, 61]
[19, 49]
[49, 74]
[16, 49]
[39, 49]
[42, 49]
[49, 108]
[17, 49]
[12, 49]
[49, 92]
[49, 75]
[3, 49]
[47, 49]
[49, 81]
[49, 125]
[8, 49]
[49, 85]
[49, 58]
[49, 87]
[10, 49]
[33, 49]
[49, 105]
[49, 51]
[49, 124]
[21, 49]
[49, 79]
[11, 49]
[49, 90]
[49, 84]
[22, 49]
[9, 49]
[49, 126]
[49, 57]
[34, 49]
[49, 54]
[45, 49]
[49, 53]
[1, 53]
[4, 53]
[6, 53]
[53, 67]
[26, 53]
[2, 53]
[53, 96]
[53, 74]
[53, 70]
[53, 91]
[53, 89]
[38, 53]
[53, 104]
[17, 53]
[0, 53]
[53, 118]
[5, 53]
[53, 62]
[53, 92]
[53, 75]
[3, 53]
[53, 81]
[50, 53]
[53, 85]
[53, 58]
[53, 86]
[53, 105]
[51, 53]
[43, 53]
[53, 110]
[11, 53]
[25, 53]
[53, 65]
[53, 90]
[53, 133]
[53, 98]
[45, 53]
[45, 79]
[45, 84]
[22, 45]
[45, 113]
[45, 126]
[14, 45]
[45, 80]
[40, 45]
[45, 54]
[45, 98]
[45, 112]
[112, 114]
[104, 114]
[34, 114]
[103, 114]
[114, 133]
[113, 114]
[114, 128]
[14, 114]
[77, 114]
[9, 114]
[52, 114]
[114, 132]
[53, 114]
[32, 114]
[97, 114]
[72, 114]
[55, 114]
[94, 114]
[7, 94]
[6, 94]
[20, 94]
[94, 119]
[94, 95]
[2, 94]
[94, 122]
[19, 94]
[94, 96]
[13, 94]
[16, 94]
[39, 94]
[94, 101]
[94, 130]
[94, 108]
[23, 94]
[94, 120]
[70, 94]
[24, 94]
[44, 94]
[17, 94]
[0, 94]
[12, 94]
[36, 94]
[47, 94]
[88, 94]
[8, 94]
[92, 94]
[94, 118]
[62, 94]
[66, 94]
[10, 94]
[3, 94]
[37, 94]
[21, 94]
[94, 110]
[30, 94]
[43, 94]
[22, 94]
[94, 126]
[42, 94]
[91, 94]
[58, 94]
[68, 94]
[90, 94]
[75, 94]
[94, 134]
[94, 104]
[25, 94]
[73, 94]
[94, 127]
[38, 94]
[84, 94]
[56, 94]
[87, 94]
[45, 94]
[54, 94]
[94, 129]
[34, 94]
[14, 94]
[94, 132]
[53, 94]
[31, 94]
[7, 31]
[6, 31]
[20, 31]
[31, 41]
[31, 121]
[2, 31]
[19, 31]
[31, 96]
[13, 31]
[31, 123]
[31, 101]
[31, 130]
[31, 108]
[31, 71]
[31, 70]
[31, 67]
[31, 61]
[31, 44]
[12, 31]
[31, 47]
[8, 31]
[31, 92]
[31, 125]
[31, 81]
[10, 31]
[5, 31]
[3, 31]
[31, 65]
[31, 37]
[21, 31]
[31, 110]
[31, 43]
[22, 31]
[31, 105]
[31, 126]
[31, 42]
[31, 89]
[31, 58]
[31, 83]
[31, 90]
[31, 79]
[25, 31]
[31, 85]
[31, 73]
[31, 57]
[31, 84]
[31, 112]
[31, 45]
[31, 54]
[31, 129]
[31, 34]
[31, 59]
[31, 128]
[31, 77]
[31, 46]
[9, 31]
[31, 52]
[31, 117]
[31, 64]
[31, 32]
[31, 72]
[31, 116]
[31, 55]
[1, 55]
[7, 55]
[4, 55]
[6, 55]
[20, 55]
[26, 55]
[55, 95]
[2, 55]
[55, 96]
[55, 123]
[55, 101]
[55, 130]
[24, 55]
[44, 55]
[17, 55]
[12, 55]
[55, 88]
[8, 55]
[55, 92]
[55, 125]
[55, 81]
[55, 66]
[55, 102]
[5, 55]
[55, 65]
[37, 55]
[21, 55]
[55, 91]
[55, 89]
[55, 58]
[11, 55]
[55, 124]
[25, 55]
[55, 85]
[55, 73]
[55, 109]
[38, 55]
[55, 57]
[55, 84]
[55, 112]
[34, 55]
[55, 113]
[55, 128]
[40, 55]
[53, 55]
[55, 99]
[48, 55]
[55, 78]
[45, 55]
[55, 107]
[55, 69]
[49, 55]
[55, 106]
[55, 129]
[55, 133]
[55, 117]
[55, 64]
[55, 72]
[35, 55]
[14, 55]
[55, 77]
[55, 97]
[55, 80]
[80, 128]
[53, 80]
[80, 99]
[78, 80]
[80, 116]
[64, 80]
[80, 114]
[80, 107]
[69, 80]
[72, 80]
[80, 94]
[46, 80]
[80, 131]
[49, 80]
[80, 106]
[35, 80]
[80, 97]
[4, 97]
[6, 97]
[97, 119]
[97, 121]
[26, 97]
[76, 97]
[19, 97]
[13, 97]
[97, 123]
[71, 97]
[74, 97]
[67, 97]
[44, 97]
[17, 97]
[92, 97]
[97, 118]
[81, 97]
[86, 97]
[97, 102]
[5, 97]
[89, 97]
[75, 97]
[97, 134]
[97, 104]
[25, 97]
[97, 109]
[56, 97]
[87, 97]
[68, 97]
[9, 97]
[97, 101]
[97, 108]
[88, 97]
[3, 97]
[30, 97]
[51, 97]
[97, 105]
[42, 97]
[91, 97]
[58, 97]
[90, 97]
[97, 127]
[38, 97]
[57, 97]
[54, 97]
[83, 97]
[97, 113]
[53, 97]
[59, 97]
[45, 97]
[15, 97]
[48, 97]
[14, 97]
[97, 107]
[97, 131]
[77, 97]
[35, 97]
[64, 97]
[72, 97]
[1, 72]
[7, 72]
[6, 72]
[20, 72]
[41, 72]
[72, 119]
[19, 72]
[39, 72]
[23, 72]
[71, 72]
[72, 74]
[67, 72]
[24, 72]
[17, 72]
[12, 72]
[36, 72]
[72, 118]
[72, 125]
[62, 72]
[72, 81]
[66, 72]
[72, 86]
[5, 72]
[22, 72]
[11, 72]
[72, 75]
[72, 130]
[8, 72]
[43, 72]
[72, 120]
[72, 126]
[72, 98]
[34, 72]
[40, 72]
[72, 133]
[72, 89]
[72, 132]
[72, 103]
[51, 72]
[72, 105]
[72, 127]
[72, 83]
[72, 113]
[53, 72]
[52, 72]
[37, 72]
[49, 72]
[72, 116]
[58, 72]
[38, 72]
[54, 72]
[59, 72]
[72, 129]
[15, 72]
[72, 106]
[72, 77]
[35, 72]
[64, 72]
[7, 64]
[4, 64]
[20, 64]
[63, 64]
[2, 64]
[64, 96]
[64, 123]
[64, 74]
[64, 70]
[61, 64]
[17, 64]
[12, 64]
[64, 92]
[64, 118]
[62, 64]
[64, 66]
[64, 86]
[10, 64]
[22, 64]
[64, 124]
[25, 64]
[64, 85]
[64, 109]
[9, 64]
[16, 64]
[64, 101]
[47, 64]
[50, 64]
[64, 110]
[43, 64]
[64, 112]
[64, 98]
[34, 64]
[40, 64]
[3, 64]
[64, 132]
[64, 103]
[51, 64]
[64, 87]
[64, 90]
[57, 64]
[64, 83]
[53, 64]
[64, 117]
[37, 64]
[58, 64]
[38, 64]
[54, 64]
[64, 99]
[45, 64]
[15, 64]
[48, 64]
[49, 64]
[64, 107]
[64, 106]
[64, 77]
[7, 77]
[20, 77]
[77, 121]
[26, 77]
[77, 95]
[63, 77]
[2, 77]
[19, 77]
[77, 123]
[39, 77]
[71, 77]
[74, 77]
[70, 77]
[12, 77]
[36, 77]
[77, 118]
[77, 81]
[66, 77]
[77, 102]
[5, 77]
[65, 77]
[11, 77]
[77, 124]
[77, 134]
[77, 104]
[77, 85]
[77, 109]
[9, 77]
[77, 130]
[47, 77]
[77, 110]
[77, 126]
[77, 112]
[40, 77]
[77, 108]
[77, 132]
[77, 103]
[77, 87]
[68, 77]
[77, 105]
[77, 128]
[77, 90]
[77, 83]
[52, 77]
[77, 117]
[37, 77]
[32, 77]
[38, 77]
[77, 99]
[77, 129]
[69, 77]
[48, 77]
[49, 77]
[77, 131]
[4, 131]
[6, 131]
[29, 131]
[20, 131]
[121, 131]
[119, 131]
[26, 131]
[95, 131]
[63, 131]
[2, 131]
[122, 131]
[19, 131]
[115, 131]
[13, 131]
[123, 131]
[39, 131]
[111, 131]
[23, 131]
[71, 131]
[74, 131]
[61, 131]
[17, 131]
[0, 131]
[28, 131]
[36, 131]
[118, 131]
[81, 131]
[66, 131]
[86, 131]
[102, 131]
[22, 131]
[65, 131]
[124, 131]
[75, 131]
[131, 134]
[85, 131]
[84, 131]
[9, 131]
[16, 131]
[130, 131]
[47, 131]
[8, 131]
[21, 131]
[110, 131]
[120, 131]
[40, 131]
[108, 131]
[79, 131]
[30, 131]
[103, 131]
[68, 131]
[105, 131]
[91, 131]
[90, 131]
[32, 131]
[116, 131]
[58, 131]
[78, 131]
[112, 131]
[129, 131]
[99, 131]
[45, 131]
[48, 131]
[14, 131]
[14, 96]
[14, 39]
[14, 70]
[14, 118]
[14, 125]
[14, 62]
[14, 81]
[14, 102]
[10, 14]
[5, 14]
[11, 14]
[14, 134]
[14, 25]
[14, 85]
[14, 109]
[14, 16]
[14, 130]
[14, 47]
[8, 14]
[14, 110]
[14, 126]
[14, 133]
[14, 88]
[14, 68]
[14, 105]
[14, 57]
[14, 83]
[14, 52]
[14, 32]
[14, 42]
[14, 58]
[14, 54]
[14, 112]
[14, 98]
[14, 53]
[14, 59]
[14, 38]
[14, 48]
[14, 87]
[14, 34]
[34, 78]
[34, 99]
[32, 34]
[32, 39]
[24, 32]
[12, 32]
[32, 36]
[32, 81]
[32, 66]
[32, 86]
[5, 32]
[32, 65]
[32, 124]
[32, 75]
[32, 104]
[32, 85]
[32, 43]
[32, 108]
[3, 32]
[32, 91]
[32, 110]
[11, 32]
[32, 133]
[9, 32]
[32, 98]
[32, 87]
[32, 42]
[32, 48]
[32, 54]
[32, 129]
[32, 57]
[32, 52]
[32, 49]
[32, 38]
[32, 106]
[32, 35]
[1, 35]
[4, 35]
[35, 95]
[13, 35]
[35, 123]
[35, 111]
[23, 35]
[35, 71]
[35, 70]
[35, 61]
[35, 44]
[35, 62]
[35, 102]
[10, 35]
[25, 35]
[35, 50]
[35, 108]
[35, 79]
[16, 35]
[35, 47]
[35, 126]
[35, 84]
[35, 124]
[35, 85]
[35, 112]
[35, 53]
[35, 90]
[34, 35]
[15, 35]
[35, 128]
[35, 116]
[35, 40]
[35, 46]
[35, 51]
[35, 132]
[35, 66]
[35, 86]
[12, 35]
[35, 56]
[11, 35]
[35, 65]
[35, 114]
[9, 35]
[35, 133]
[35, 98]
[35, 48]
[35, 54]
[35, 129]
[35, 52]
[14, 35]
[35, 69]
[35, 83]
[35, 107]
[31, 35]
[31, 107]
[7, 107]
[6, 107]
[20, 107]
[26, 107]
[2, 107]
[19, 107]
[13, 107]
[71, 107]
[74, 107]
[70, 107]
[17, 107]
[62, 107]
[75, 107]
[21, 107]
[107, 108]
[107, 130]
[107, 109]
[84, 107]
[85, 107]
[90, 107]
[3, 107]
[107, 117]
[91, 107]
[104, 107]
[43, 107]
[107, 113]
[105, 107]
[107, 110]
[94, 107]
[107, 116]
[107, 112]
[40, 107]
[51, 107]
[66, 107]
[86, 107]
[87, 107]
[12, 107]
[57, 107]
[38, 107]
[11, 107]
[9, 107]
[107, 133]
[65, 107]
[107, 129]
[106, 107]
[14, 107]
[14, 49]
[73, 126]
[78, 89]
[58, 78]
[78, 90]
[78, 112]
[54, 73]
[26, 117]
[9, 73]
[57, 73]
[7, 117]
[113, 128]
[126, 128]
[57, 128]
[34, 59]
[53, 59]
[59, 112]
[45, 59]
[48, 59]
[8, 117]
[50, 117]
[117, 125]
[117, 119]
[20, 117]
[4, 117]
[1, 117]
[6, 117]
[17, 117]
[61, 117]
[117, 128]
[40, 128]
[128, 132]
[117, 121]
[63, 117]
[117, 122]
[117, 123]
[44, 117]
[0, 117]
[117, 118]
[30, 117]
[103, 117]
[37, 117]
[88, 117]
[117, 124]
[104, 117]
[39, 117]
[105, 117]
[106, 122]
[2, 106]
[4, 106]
[5, 117]
[7, 106]
[51, 117]
[1, 106]
[11, 117]
[65, 117]
[92, 117]
[40, 90]
[10, 117]
[16, 117]
[81, 117]
[40, 58]
[40, 83]
[9, 40]
[40, 54]
[40, 117]
[40, 132]
[40, 52]
[40, 48]
[40, 106]
[78, 133]
[57, 78]
[78, 98]
[38, 78]
[78, 84]
[9, 78]
[46, 128]
[116, 128]
[15, 78]
[43, 117]
[110, 117]
[79, 117]
[109, 117]
[73, 117]
[53, 117]
[56, 117]
[42, 117]
[90, 117]
[117, 133]
[57, 117]
[112, 117]
[98, 117]
[49, 117]
[108, 132]
[21, 132]
[113, 132]
[127, 132]
[58, 132]
[126, 132]
[50, 132]
[43, 132]
[110, 132]
[54, 132]
[38, 132]
[90, 132]
[98, 132]
[49, 132]
[11, 52]
[2, 52]
[83, 117]
[52, 67]
[13, 52]
[52, 122]
[52, 96]
[52, 63]
[52, 95]
[52, 119]
[52, 58]
[0, 52]
[52, 71]
[17, 52]
[52, 118]
[52, 125]
[52, 102]
[30, 52]
[51, 52]
[52, 86]
[52, 92]
[52, 60]
[52, 104]
[52, 85]
[8, 52]
[52, 87]
[52, 89]
[52, 81]
[52, 109]
[52, 133]
[52, 101]
[52, 91]
[52, 73]
[50, 52]
[43, 52]
[52, 110]
[52, 54]
[42, 52]
[38, 52]
[52, 90]
[34, 52]
[52, 53]
[52, 117]
[88, 116]
[65, 116]
[86, 116]
[16, 116]
[73, 116]
[54, 116]
[69, 96]
[62, 69]
[56, 116]
[38, 116]
[78, 116]
[98, 116]
[103, 129]
[68, 129]
[79, 129]
[89, 129]
[42, 129]
[87, 129]
[58, 129]
[45, 129]
[73, 129]
[54, 129]
[38, 129]
[116, 129]
[49, 116]
[52, 132]
[52, 116]
[52, 129]
[78, 129]
[59, 128]
[0, 69]
[20, 69]
[7, 69]
[1, 69]
[69, 133]
[17, 69]
[5, 69]
[28, 69]
[4, 69]
[6, 69]
[69, 76]
[69, 123]
[69, 74]
[44, 69]
[69, 75]
[47, 69]
[36, 69]
[69, 124]
[3, 69]
[37, 69]
[10, 69]
[2, 69]
[69, 122]
[69, 125]
[69, 102]
[39, 69]
[51, 69]
[69, 92]
[69, 101]
[21, 69]
[12, 69]
[69, 120]
[50, 69]
[66, 69]
[69, 84]
[69, 108]
[69, 126]
[9, 69]
[42, 69]
[43, 69]
[58, 69]
[69, 73]
[54, 69]
[69, 94]
[56, 69]
[69, 132]
[52, 69]
[69, 78]
[15, 69]
[69, 116]
[69, 128]
[39, 46]
[19, 46]
[46, 67]
[17, 46]
[46, 62]
[46, 47]
[11, 46]
[36, 46]
[10, 46]
[46, 61]
[46, 118]
[46, 125]
[30, 46]
[46, 130]
[46, 110]
[46, 66]
[46, 91]
[46, 108]
[46, 103]
[46, 68]
[46, 79]
[46, 104]
[42, 46]
[46, 57]
[43, 46]
[46, 127]
[46, 86]
[46, 58]
[46, 90]
[46, 65]
[46, 83]
[38, 46]
[46, 53]
[46, 112]
[46, 98]
[46, 52]
[46, 48]
[46, 59]
[15, 46]
[46, 116]
[47, 99]
[7, 99]
[1, 99]
[20, 99]
[4, 99]
[6, 99]
[17, 99]
[99, 111]
[74, 99]
[95, 99]
[62, 99]
[75, 99]
[99, 113]
[22, 99]
[99, 124]
[3, 99]
[99, 105]
[37, 99]
[10, 99]
[63, 99]
[0, 99]
[99, 125]
[21, 99]
[51, 99]
[92, 99]
[81, 99]
[8, 99]
[60, 99]
[50, 99]
[99, 108]
[99, 104]
[43, 99]
[86, 99]
[99, 109]
[90, 99]
[99, 133]
[87, 99]
[58, 99]
[53, 99]
[52, 99]
[49, 99]
[69, 99]
[99, 116]
[99, 129]
[45, 99]
[21, 106]
[11, 106]
[44, 106]
[106, 121]
[6, 106]
[20, 106]
[106, 111]
[74, 106]
[67, 106]
[62, 106]
[75, 106]
[47, 106]
[5, 106]
[37, 106]
[10, 106]
[95, 106]
[61, 106]
[17, 106]
[51, 106]
[85, 106]
[81, 106]
[106, 120]
[106, 110]
[84, 106]
[88, 106]
[22, 106]
[9, 106]
[104, 106]
[57, 106]
[106, 114]
[106, 113]
[106, 109]
[90, 106]
[106, 133]
[42, 106]
[58, 106]
[53, 106]
[106, 112]
[56, 106]
[98, 106]
[49, 106]
[78, 106]
[59, 106]
[69, 106]
[106, 129]
[15, 106]
