[2, 4, 11]
[3, 4, 11]
[2, 5, 7]
[1, 5, 7]
[2, 3, 7]
[3, 6, 17]
[6, 9, 17]
[3, 9, 17]
[3, 11, 17]
[9, 11, 17]
[2, 11, 19]
[2, 3, 11]
[0, 3, 11]
[2, 11, 14]
[0, 11, 14]
[4, 11, 14]
[11, 14, 17]
[2, 3, 12]
[3, 6, 12]
[3, 4, 12]
[1, 4, 12]
[1, 4, 7]
[2, 4, 7]
[3, 6, 13]
[2, 3, 13]
[2, 3, 4]
[2, 4, 12]
[3, 4, 7]
[4, 7, 12]
[2, 12, 19]
[12, 13, 19]
[1, 6, 12]
[1, 4, 18]
[4, 13, 18]
[3, 4, 13]
[0, 3, 7]
[0, 1, 7]
[0, 7, 12]
[2, 4, 13]
[4, 12, 13]
[3, 7, 12]
[1, 5, 10]
[2, 7, 12]
[1, 7, 12]
[0, 1, 6]
[1, 6, 16]
[1, 5, 16]
[0, 3, 6]
[0, 1, 12]
[1, 6, 8]
[1, 5, 8]
[1, 4, 8]
[4, 8, 11]
[2, 4, 14]
[4, 13, 14]
[2, 5, 13]
[2, 13, 19]
[5, 7, 16]
[5, 16, 17]
[13, 18, 19]
[5, 13, 18]
[1, 5, 18]
[5, 8, 18]
[1, 8, 18]
[0, 6, 13]
[0, 6, 14]
[0, 1, 14]
[6, 16, 17]
[11, 16, 17]
[1, 7, 16]
[11, 16, 19]
[2, 7, 16]
[2, 11, 16]
[4, 7, 16]
[1, 4, 16]
[4, 11, 16]
[2, 4, 16]
[2, 5, 16]
[2, 16, 19]
[0, 1, 16]
[0, 6, 16]
[0, 11, 16]
[0, 7, 16]
[4, 12, 16]
[12, 16, 19]
[7, 12, 16]
[3, 4, 9]
[4, 9, 13]
[4, 9, 11]
[1, 4, 14]
[0, 13, 14]
[2, 4, 15]
[4, 13, 15]
[4, 11, 15]
[4, 15, 18]
[4, 8, 18]
[4, 8, 14]
[3, 6, 9]
[3, 9, 10]
[6, 8, 14]
[1, 8, 14]
[8, 11, 14]
[2, 11, 15]
[2, 13, 15]
[13, 15, 18]
[0, 13, 15]
[0, 11, 15]
[3, 9, 13]
[3, 9, 11]
[6, 9, 13]
[1, 6, 14]
[6, 14, 17]
[6, 13, 14]
[2, 13, 14]
[0, 3, 13]
[6, 12, 13]
[2, 12, 13]
[3, 12, 13]
[12, 13, 14]
[4, 12, 14]
[4, 12, 15]
[2, 12, 14]
[2, 12, 15]
[12, 13, 15]
[0, 12, 15]
[1, 12, 14]
[6, 12, 14]
[0, 3, 12]
[0, 12, 13]
[0, 6, 12]
[0, 12, 14]
[2, 12, 16]
[6, 12, 16]
[1, 12, 16]
[0, 12, 16]
