[2, 3, 8]
[1, 3, 8]
[2, 4, 7]
[3, 5, 8]
[1, 5, 8]
[3, 5, 6]
[1, 4, 5]
[1, 3, 5]
[3, 6, 8]
[2, 7, 13]
[6, 7, 13]
[6, 11, 13]
[1, 11, 13]
[2, 11, 13]
[2, 3, 11]
[3, 6, 11]
[1, 3, 11]
[2, 4, 11]
[1, 4, 11]
[2, 4, 9]
[1, 4, 9]
[4, 9, 12]
[4, 11, 12]
[6, 9, 12]
[6, 11, 12]
[3, 11, 12]
[3, 6, 12]
[2, 8, 9]
[4, 5, 11]
[5, 6, 11]
[1, 5, 11]
[3, 5, 11]
[5, 6, 13]
[1, 5, 13]
[5, 11, 13]
[4, 10, 12]
[10, 11, 12]
[3, 10, 12]
[4, 10, 11]
[2, 4, 10]
[2, 3, 10]
[1, 3, 10]
[3, 10, 11]
[2, 7, 10]
[5, 6, 8]
[6, 8, 9]
[1, 8, 9]
[6, 8, 12]
[8, 9, 12]
[3, 8, 12]
[1, 10, 11]
[2, 10, 11]
[1, 4, 10]
[4, 7, 10]
[2, 11, 14]
[1, 11, 14]
[1, 8, 14]
[6, 8, 14]
[2, 8, 14]
[3, 8, 14]
[5, 8, 14]
[1, 3, 14]
[3, 6, 14]
[5, 6, 14]
[1, 5, 14]
[2, 3, 14]
[3, 11, 14]
[5, 11, 14]
[3, 5, 14]
[3, 10, 14]
[6, 11, 14]
[1, 10, 14]
[2, 10, 14]
[10, 11, 14]
[0, 4, 9]
[0, 1, 4]
[0, 8, 9]
[0, 1, 8]
[0, 1, 13]
[0, 1, 9]
