[15, 47]
[14, 47]
[5, 47]
[1, 47]
[6, 47]
[7, 47]
[9, 47]
[11, 47]
[18, 47]
[19, 47]
[23, 47]
[26, 47]
[27, 47]
[29, 47]
[31, 47]
[36, 47]
[39, 47]
[40, 47]
[43, 47]
[45, 47]
[5, 17]
[3, 17]
[1, 17]
[4, 17]
[7, 17]
[8, 17]
[10, 17]
[13, 17]
[14, 17]
[3, 4]
[2, 3]
[1, 3]
[17, 52]
[12, 16]
[11, 16]
[3, 16]
[1, 16]
[4, 16]
[6, 16]
[8, 16]
[9, 16]
[3, 15]
[1, 15]
[4, 15]
[5, 15]
[6, 15]
[7, 15]
[9, 15]
[10, 15]
[14, 15]
[3, 12]
[1, 12]
[12, 22]
[7, 22]
[6, 22]
[22, 49]
[11, 49]
[7, 12]
[8, 12]
[12, 24]
[12, 35]
[12, 29]
[12, 112]
[12, 100]
[12, 71]
[12, 107]
[12, 72]
[12, 60]
[12, 95]
[12, 18]
[12, 61]
[12, 101]
[12, 70]
[12, 93]
[12, 75]
[12, 66]
[12, 64]
[12, 59]
[12, 55]
[12, 52]
[12, 48]
[12, 31]
[12, 63]
[12, 94]
[12, 92]
[12, 91]
[12, 65]
[12, 56]
[12, 108]
[12, 106]
[12, 77]
[12, 114]
[12, 111]
[12, 38]
[12, 83]
[12, 69]
[12, 41]
[12, 58]
[12, 99]
[12, 82]
[12, 79]
[12, 78]
[12, 74]
[12, 68]
[12, 81]
[12, 102]
[12, 19]
[12, 23]
[12, 20]
[9, 12]
[12, 28]
[12, 45]
[12, 46]
[12, 36]
[12, 42]
[12, 32]
[12, 26]
[0, 12]
[39, 55]
[21, 55]
[17, 21]
[2, 21]
[16, 52]
[52, 89]
[52, 104]
[6, 52]
[52, 67]
[34, 52]
[52, 62]
[52, 96]
[52, 54]
[8, 52]
[39, 52]
[52, 53]
[52, 73]
[52, 84]
[25, 52]
[13, 52]
[52, 105]
[52, 57]
[52, 90]
[52, 88]
[43, 52]
[44, 52]
[3, 52]
[29, 52]
[52, 107]
[35, 52]
[52, 61]
[52, 101]
[52, 70]
[52, 75]
[52, 66]
[52, 59]
[52, 55]
[6, 21]
[1, 21]
[21, 97]
[21, 98]
[21, 87]
[21, 80]
[8, 21]
[6, 8]
[4, 8]
[8, 89]
[16, 97]
[47, 97]
[47, 104]
[47, 98]
[47, 96]
[33, 97]
[6, 97]
[16, 85]
[16, 103]
[16, 30]
[16, 104]
[16, 96]
[16, 39]
[15, 103]
[6, 103]
[15, 87]
[15, 33]
[2, 33]
[89, 103]
[89, 112]
[2, 112]
[1, 112]
[6, 112]
[34, 112]
[62, 112]
[14, 112]
[51, 112]
[85, 112]
[30, 112]
[97, 112]
[104, 112]
[11, 112]
[27, 112]
[86, 112]
[67, 112]
[11, 30]
[30, 51]
[2, 30]
[2, 6]
[4, 6]
[4, 87]
[17, 86]
[19, 53]
[22, 53]
[22, 33]
[14, 22]
[22, 51]
[22, 103]
[22, 39]
[22, 113]
[22, 40]
[22, 27]
[21, 22]
[22, 73]
[22, 84]
[22, 48]
[22, 31]
[22, 92]
[22, 91]
[22, 94]
[22, 65]
[22, 63]
[22, 57]
[22, 109]
[22, 105]
[22, 88]
[22, 110]
[22, 76]
[22, 90]
[22, 43]
[22, 38]
[22, 83]
[22, 69]
[22, 81]
[19, 22]
[20, 22]
[22, 28]
[22, 45]
[22, 42]
[22, 32]
[22, 50]
[10, 22]
[22, 56]
[22, 108]
[22, 106]
[22, 77]
[22, 41]
[22, 58]
[22, 99]
[22, 82]
[22, 79]
[22, 78]
[22, 74]
[22, 68]
[6, 33]
[2, 89]
[2, 19]
[1, 19]
[19, 89]
[15, 19]
[19, 54]
[13, 19]
[19, 51]
[19, 98]
[19, 104]
[19, 96]
[19, 113]
[19, 40]
[3, 19]
[19, 27]
[19, 67]
[19, 29]
[19, 112]
[19, 107]
[19, 60]
[19, 61]
[19, 21]
[19, 84]
[19, 25]
[19, 31]
[19, 91]
[19, 94]
[19, 63]
[19, 109]
[19, 90]
[19, 88]
[19, 110]
[19, 43]
[19, 114]
[19, 38]
[19, 81]
[2, 60]
[1, 60]
[2, 43]
[4, 43]
[15, 39]
[1, 87]
[5, 53]
[5, 14]
[5, 87]
[5, 13]
[1, 5]
[5, 51]
[5, 49]
[5, 62]
[13, 14]
[13, 80]
[6, 14]
[4, 14]
[6, 100]
[17, 105]
[6, 105]
[6, 11]
[11, 89]
[11, 21]
[21, 53]
[20, 80]
[4, 20]
[4, 24]
[2, 24]
[21, 39]
[20, 39]
[13, 20]
[15, 20]
[14, 20]
[20, 89]
[1, 20]
[2, 20]
[6, 20]
[20, 52]
[20, 54]
[16, 20]
[20, 87]
[20, 49]
[20, 62]
[20, 86]
[8, 20]
[20, 92]
[20, 76]
[20, 85]
[20, 30]
[3, 20]
[20, 107]
[20, 61]
[20, 91]
[20, 63]
[20, 114]
[20, 69]
[20, 32]
[7, 20]
[20, 73]
[20, 57]
[20, 105]
[20, 50]
[20, 44]
[10, 20]
[20, 66]
[20, 56]
[20, 77]
[20, 82]
[20, 104]
[20, 113]
[20, 67]
[20, 90]
[20, 88]
[20, 110]
[8, 70]
[11, 70]
[6, 70]
[2, 70]
[70, 80]
[14, 70]
[34, 70]
[54, 70]
[49, 70]
[70, 98]
[70, 101]
[11, 80]
[21, 51]
[21, 101]
[21, 103]
[21, 30]
[21, 61]
[8, 112]
[48, 112]
[92, 112]
[107, 112]
[14, 51]
[34, 51]
[54, 59]
[59, 89]
[4, 59]
[1, 59]
[2, 59]
[33, 59]
[17, 59]
[59, 87]
[59, 62]
[59, 96]
[14, 59]
[59, 86]
[59, 98]
[16, 59]
[49, 59]
[47, 59]
[3, 59]
[39, 59]
[59, 67]
[59, 71]
[59, 70]
[48, 59]
[59, 76]
[19, 59]
[25, 59]
[59, 91]
[59, 94]
[43, 59]
[59, 69]
[9, 59]
[28, 59]
[32, 59]
[59, 73]
[59, 65]
[57, 59]
[44, 59]
[59, 83]
[10, 59]
[59, 64]
[4, 93]
[2, 93]
[6, 93]
[80, 93]
[33, 93]
[17, 93]
[87, 93]
[62, 93]
[37, 93]
[85, 93]
[93, 96]
[86, 93]
[93, 97]
[53, 93]
[13, 93]
[51, 93]
[49, 93]
[93, 104]
[47, 93]
[93, 103]
[3, 93]
[67, 93]
[8, 93]
[71, 93]
[93, 101]
[76, 93]
[19, 93]
[93, 107]
[21, 93]
[73, 93]
[65, 93]
[93, 105]
[50, 93]
[44, 93]
[83, 93]
[10, 93]
[49, 114]
[52, 114]
[80, 114]
[89, 114]
[1, 114]
[54, 114]
[87, 114]
[62, 114]
[86, 114]
[53, 114]
[13, 114]
[5, 114]
[11, 114]
[103, 114]
[67, 114]
[30, 114]
[8, 114]
[101, 114]
[48, 114]
[27, 114]
[107, 114]
[61, 114]
[21, 114]
[25, 114]
[14, 89]
[14, 80]
[14, 34]
[1, 103]
[3, 103]
[14, 103]
[33, 113]
[15, 113]
[6, 113]
[1, 113]
[89, 113]
[80, 113]
[54, 113]
[87, 113]
[37, 113]
[85, 113]
[16, 113]
[96, 113]
[3, 113]
[39, 113]
[98, 113]
[30, 113]
[104, 113]
[47, 113]
[8, 113]
[101, 113]
[76, 113]
[63, 113]
[113, 114]
[81, 113]
[67, 113]
[65, 113]
[57, 113]
[44, 113]
[83, 113]
[10, 113]
[82, 113]
[78, 113]
[38, 113]
[42, 113]
[41, 113]
[79, 113]
[107, 113]
[91, 113]
[43, 113]
[9, 113]
[93, 113]
[64, 113]
[55, 113]
[56, 113]
[6, 61]
[4, 61]
[1, 61]
[34, 61]
[54, 61]
[33, 61]
[61, 62]
[37, 61]
[14, 61]
[61, 86]
[16, 61]
[49, 61]
[5, 61]
[39, 61]
[30, 61]
[11, 61]
[47, 61]
[3, 61]
[61, 101]
[61, 70]
[48, 61]
[61, 92]
[61, 76]
[61, 65]
[44, 61]
[61, 83]
[61, 63]
[32, 61]
[61, 67]
[10, 61]
[61, 78]
[61, 90]
[42, 61]
[35, 61]
[46, 61]
[27, 69]
[30, 69]
[33, 69]
[34, 69]
[52, 69]
[69, 89]
[1, 69]
[54, 69]
[62, 69]
[14, 69]
[53, 69]
[51, 69]
[49, 69]
[39, 69]
[69, 98]
[69, 97]
[69, 104]
[47, 69]
[8, 69]
[3, 69]
[69, 70]
[48, 69]
[69, 92]
[69, 112]
[69, 73]
[65, 69]
[57, 69]
[44, 69]
[69, 83]
[53, 103]
[51, 103]
[13, 33]
[33, 54]
[1, 33]
[19, 28]
[10, 19]
[19, 66]
[19, 82]
[19, 75]
[19, 24]
[19, 58]
[19, 46]
[16, 37]
[13, 34]
[34, 45]
[15, 45]
[4, 45]
[1, 45]
[2, 45]
[45, 80]
[37, 45]
[45, 53]
[45, 96]
[45, 49]
[45, 98]
[30, 45]
[45, 104]
[11, 45]
[45, 71]
[45, 101]
[45, 48]
[45, 76]
[45, 112]
[27, 45]
[45, 57]
[21, 45]
[25, 45]
[45, 114]
[45, 110]
[45, 88]
[38, 45]
[45, 81]
[28, 45]
[10, 45]
[45, 66]
[45, 82]
[45, 78]
[42, 45]
[24, 45]
[45, 79]
[43, 45]
[7, 45]
[36, 45]
[23, 45]
[45, 113]
[45, 61]
[45, 94]
[45, 50]
[45, 64]
[45, 56]
[45, 77]
[45, 60]
[45, 84]
[14, 54]
[14, 33]
[47, 107]
[70, 97]
[1, 97]
[80, 97]
[34, 97]
[1, 89]
[70, 103]
[47, 67]
[47, 91]
[47, 95]
[47, 55]
[47, 94]
[47, 100]
[47, 109]
[39, 70]
[3, 70]
[6, 49]
[4, 49]
[49, 87]
[49, 86]
[13, 49]
[49, 51]
[14, 87]
[4, 80]
[6, 80]
[6, 18]
[2, 18]
[105, 114]
[18, 114]
[17, 18]
[4, 18]
[3, 34]
[15, 34]
[2, 34]
[34, 86]
[80, 89]
[3, 80]
[5, 71]
[4, 71]
[1, 71]
[6, 54]
[15, 54]
[1, 18]
[71, 87]
[13, 71]
[14, 71]
[86, 89]
[86, 87]
[5, 86]
[6, 86]
[2, 54]
[15, 18]
[16, 18]
[18, 20]
[1, 86]
[13, 54]
[13, 18]
[18, 21]
[18, 93]
[14, 18]
[18, 89]
[18, 80]
[18, 48]
[18, 34]
[11, 18]
[18, 53]
[18, 91]
[18, 51]
[15, 40]
[11, 33]
[33, 89]
[14, 86]
[80, 86]
[11, 71]
[11, 103]
[13, 48]
[33, 86]
[14, 97]
[14, 48]
[48, 87]
[5, 48]
[15, 53]
[4, 53]
[53, 87]
[53, 89]
[53, 80]
[48, 53]
[34, 53]
[48, 89]
[48, 80]
[5, 11]
[11, 87]
[3, 11]
[48, 54]
[30, 44]
[6, 44]
[15, 44]
[17, 44]
[44, 49]
[44, 114]
[44, 112]
[14, 44]
[44, 89]
[44, 103]
[44, 87]
[44, 86]
[44, 48]
[3, 44]
[44, 80]
[11, 44]
[44, 68]
[54, 71]
[3, 54]
[11, 54]
[71, 83]
[83, 114]
[83, 112]
[4, 83]
[15, 83]
[18, 62]
[18, 27]
[2, 83]
[13, 83]
[18, 37]
[18, 79]
[18, 64]
[18, 92]
[18, 25]
[18, 40]
[18, 109]
[18, 55]
[18, 107]
[18, 73]
[7, 18]
[18, 63]
[18, 41]
[18, 31]
[18, 85]
[18, 96]
[18, 39]
[83, 89]
[48, 83]
[34, 83]
[8, 18]
[9, 112]
[53, 83]
[11, 51]
[6, 51]
[3, 83]
[80, 83]
[55, 112]
[27, 48]
[24, 48]
[24, 70]
[55, 70]
[17, 55]
[6, 55]
[54, 55]
[49, 55]
[13, 55]
[55, 93]
[55, 114]
[55, 89]
[5, 55]
[55, 86]
[48, 55]
[34, 55]
[53, 55]
[3, 55]
[55, 80]
[55, 71]
[11, 55]
[55, 83]
[55, 68]
[55, 69]
[44, 55]
[55, 65]
[27, 55]
[37, 55]
[55, 64]
[55, 90]
[55, 109]
[53, 68]
[5, 68]
[27, 87]
[15, 68]
[4, 68]
[52, 68]
[1, 68]
[17, 68]
[68, 114]
[68, 89]
[68, 103]
[48, 68]
[3, 68]
[33, 68]
[68, 83]
[69, 114]
[68, 69]
[91, 112]
[70, 92]
[4, 92]
[4, 91]
[52, 91]
[1, 91]
[33, 91]
[53, 91]
[13, 91]
[61, 91]
[11, 91]
[5, 91]
[86, 91]
[34, 91]
[80, 91]
[83, 91]
[68, 91]
[2, 98]
[6, 98]
[1, 98]
[98, 103]
[34, 98]
[80, 98]
[11, 98]
[33, 98]
[54, 98]
[91, 98]
[98, 104]
[51, 98]
[62, 98]
[54, 104]
[34, 104]
[13, 104]
[15, 104]
[89, 104]
[103, 104]
[86, 104]
[48, 104]
[71, 104]
[83, 104]
[68, 104]
[91, 104]
[48, 51]
[4, 51]
[13, 51]
[51, 71]
[48, 107]
[30, 48]
[15, 30]
[1, 30]
[30, 49]
[13, 30]
[14, 30]
[5, 30]
[30, 87]
[3, 30]
[30, 54]
[30, 83]
[30, 91]
[30, 98]
[30, 65]
[30, 37]
[30, 111]
[30, 96]
[70, 107]
[49, 107]
[4, 107]
[13, 107]
[14, 107]
[103, 107]
[87, 107]
[34, 107]
[80, 107]
[54, 107]
[83, 107]
[44, 107]
[91, 107]
[51, 107]
[98, 107]
[37, 107]
[92, 107]
[25, 107]
[51, 89]
[51, 53]
[3, 51]
[51, 80]
[51, 83]
[44, 51]
[15, 62]
[6, 62]
[2, 62]
[13, 62]
[62, 89]
[62, 87]
[62, 86]
[53, 62]
[3, 62]
[62, 80]
[11, 62]
[33, 62]
[62, 83]
[51, 62]
[15, 65]
[1, 65]
[13, 65]
[14, 65]
[65, 89]
[5, 65]
[65, 87]
[9, 71]
[9, 70]
[9, 13]
[9, 49]
[2, 9]
[9, 14]
[9, 61]
[9, 89]
[9, 103]
[5, 9]
[9, 48]
[3, 9]
[9, 114]
[9, 80]
[9, 33]
[9, 44]
[9, 51]
[9, 62]
[9, 98]
[9, 65]
[9, 27]
[9, 37]
[65, 86]
[65, 114]
[65, 71]
[65, 80]
[5, 92]
[11, 65]
[44, 65]
[14, 27]
[4, 27]
[27, 49]
[27, 53]
[14, 25]
[21, 25]
[9, 39]
[25, 39]
[27, 89]
[5, 27]
[27, 86]
[18, 50]
[9, 50]
[5, 50]
[4, 50]
[12, 50]
[1, 50]
[2, 50]
[16, 50]
[47, 50]
[50, 112]
[19, 50]
[50, 61]
[50, 89]
[50, 86]
[34, 50]
[50, 53]
[50, 71]
[11, 50]
[44, 50]
[50, 91]
[50, 62]
[50, 98]
[27, 50]
[37, 50]
[50, 92]
[25, 50]
[50, 107]
[50, 73]
[35, 50]
[50, 85]
[50, 97]
[50, 78]
[50, 84]
[50, 67]
[50, 100]
[50, 66]
[50, 95]
[10, 50]
[36, 50]
[27, 80]
[27, 54]
[17, 73]
[15, 73]
[13, 97]
[27, 44]
[11, 37]
[37, 53]
[2, 37]
[17, 37]
[6, 37]
[40, 98]
[40, 70]
[1, 40]
[40, 113]
[21, 40]
[14, 40]
[40, 61]
[40, 89]
[5, 40]
[40, 86]
[40, 48]
[40, 53]
[33, 40]
[40, 83]
[40, 44]
[27, 40]
[40, 107]
[40, 73]
[40, 63]
[35, 40]
[31, 40]
[40, 85]
[39, 40]
[8, 40]
[30, 95]
[17, 95]
[4, 95]
[49, 95]
[13, 95]
[95, 112]
[21, 95]
[19, 95]
[14, 95]
[89, 95]
[87, 95]
[48, 95]
[34, 95]
[71, 95]
[11, 95]
[54, 95]
[83, 95]
[44, 95]
[51, 95]
[62, 95]
[95, 107]
[95, 111]
[63, 95]
[35, 95]
[31, 95]
[95, 96]
[42, 95]
[84, 95]
[67, 95]
[81, 95]
[94, 95]
[57, 95]
[95, 100]
[29, 95]
[77, 95]
[66, 95]
[13, 37]
[5, 37]
[37, 87]
[42, 53]
[16, 42]
[42, 49]
[41, 49]
[15, 41]
[3, 37]
[37, 48]
[34, 37]
[37, 71]
[37, 62]
[37, 65]
[52, 92]
[1, 92]
[14, 92]
[13, 92]
[89, 92]
[87, 92]
[5, 41]
[41, 103]
[35, 83]
[4, 35]
[1, 35]
[15, 35]
[6, 35]
[17, 35]
[2, 35]
[35, 49]
[35, 112]
[35, 93]
[14, 35]
[35, 59]
[34, 35]
[35, 80]
[35, 71]
[35, 91]
[35, 62]
[35, 98]
[35, 65]
[27, 35]
[35, 37]
[9, 35]
[35, 73]
[80, 92]
[92, 98]
[51, 92]
[83, 92]
[91, 92]
[38, 54]
[17, 108]
[1, 108]
[65, 92]
[17, 25]
[33, 63]
[11, 63]
[49, 63]
[2, 63]
[52, 63]
[6, 63]
[13, 63]
[63, 70]
[21, 63]
[14, 63]
[63, 89]
[5, 63]
[63, 87]
[63, 86]
[63, 80]
[63, 91]
[27, 63]
[25, 63]
[9, 63]
[63, 107]
[63, 111]
[25, 70]
[1, 25]
[8, 65]
[25, 49]
[25, 89]
[25, 103]
[5, 25]
[25, 34]
[25, 80]
[25, 71]
[25, 83]
[25, 44]
[33, 73]
[33, 42]
[42, 87]
[53, 73]
[38, 53]
[2, 38]
[13, 73]
[1, 73]
[73, 114]
[38, 114]
[5, 38]
[48, 73]
[70, 73]
[73, 112]
[54, 73]
[73, 83]
[44, 73]
[73, 91]
[51, 73]
[37, 73]
[73, 92]
[8, 73]
[25, 73]
[9, 73]
[111, 113]
[20, 111]
[45, 111]
[23, 100]
[23, 31]
[56, 96]
[87, 96]
[4, 96]
[4, 10]
[1, 10]
[10, 12]
[2, 10]
[10, 49]
[10, 13]
[10, 70]
[10, 112]
[10, 14]
[5, 10]
[10, 87]
[10, 48]
[10, 53]
[10, 80]
[10, 71]
[10, 33]
[10, 54]
[10, 51]
[10, 62]
[10, 98]
[10, 92]
[9, 10]
[10, 111]
[10, 85]
[10, 30]
[8, 10]
[10, 101]
[10, 42]
[10, 82]
[10, 84]
[10, 67]
[10, 60]
[10, 57]
[10, 29]
[10, 24]
[10, 77]
[10, 66]
[54, 78]
[14, 78]
[16, 78]
[17, 78]
[52, 78]
[4, 78]
[21, 78]
[78, 89]
[78, 103]
[5, 78]
[78, 86]
[53, 78]
[3, 78]
[78, 80]
[33, 78]
[78, 83]
[44, 78]
[78, 91]
[78, 98]
[37, 78]
[63, 78]
[78, 85]
[30, 78]
[39, 78]
[8, 78]
[78, 97]
[78, 105]
[1, 96]
[48, 96]
[53, 96]
[3, 96]
[71, 96]
[11, 96]
[54, 96]
[83, 96]
[44, 96]
[91, 96]
[51, 96]
[62, 96]
[96, 98]
[96, 107]
[73, 96]
[35, 96]
[111, 114]
[4, 111]
[15, 111]
[17, 111]
[2, 111]
[40, 101]
[40, 67]
[40, 76]
[40, 81]
[40, 60]
[40, 57]
[40, 100]
[40, 77]
[36, 40]
[40, 69]
[40, 104]
[40, 79]
[70, 111]
[49, 111]
[47, 111]
[111, 112]
[21, 111]
[93, 111]
[103, 111]
[87, 111]
[42, 112]
[15, 42]
[86, 111]
[53, 111]
[71, 111]
[11, 111]
[83, 111]
[98, 111]
[51, 111]
[27, 111]
[37, 111]
[25, 111]
[0, 20]
[0, 15]
[0, 52]
[0, 45]
[0, 2]
[0, 13]
[0, 16]
[0, 113]
[0, 47]
[0, 19]
[0, 103]
[0, 5]
[0, 48]
[0, 34]
[0, 53]
[0, 114]
[0, 80]
[0, 33]
[0, 83]
[0, 37]
[0, 92]
[0, 25]
[0, 9]
[0, 35]
[0, 30]
[0, 97]
[0, 105]
[0, 82]
[0, 60]
[0, 95]
[0, 10]
[0, 50]
[0, 58]
[0, 69]
[0, 79]
[0, 64]
[0, 40]
[0, 90]
[0, 109]
[0, 55]
[0, 7]
[0, 99]
[0, 23]
[0, 32]
[0, 110]
[0, 38]
[0, 102]
[0, 46]
[0, 26]
[0, 72]
[9, 111]
[42, 52]
[17, 77]
[4, 77]
[77, 79]
[30, 79]
[107, 111]
[79, 87]
[13, 79]
[52, 79]
[1, 79]
[15, 79]
[17, 79]
[49, 79]
[14, 79]
[79, 89]
[79, 103]
[5, 79]
[79, 86]
[34, 79]
[3, 79]
[79, 114]
[33, 79]
[79, 83]
[6, 42]
[31, 33]
[31, 112]
[2, 31]
[6, 31]
[15, 31]
[14, 31]
[11, 31]
[31, 87]
[31, 59]
[27, 31]
[31, 65]
[33, 77]
[13, 77]
[47, 77]
[19, 77]
[61, 77]
[77, 103]
[34, 77]
[53, 77]
[11, 77]
[54, 77]
[77, 83]
[44, 77]
[77, 91]
[62, 77]
[77, 98]
[77, 92]
[73, 77]
[77, 111]
[35, 77]
[31, 77]
[77, 85]
[30, 77]
[18, 77]
[77, 105]
[42, 77]
[67, 77]
[76, 77]
[77, 81]
[29, 77]
[31, 114]
[31, 71]
[31, 73]
[31, 83]
[33, 101]
[101, 103]
[16, 101]
[13, 101]
[31, 62]
[89, 101]
[87, 101]
[86, 101]
[48, 101]
[34, 101]
[3, 101]
[80, 101]
[71, 101]
[11, 101]
[83, 101]
[44, 101]
[51, 101]
[62, 101]
[37, 101]
[25, 101]
[31, 101]
[73, 106]
[103, 106]
[31, 98]
[31, 37]
[31, 92]
[31, 107]
[54, 85]
[48, 85]
[15, 85]
[4, 85]
[71, 85]
[6, 85]
[2, 85]
[14, 85]
[85, 89]
[85, 86]
[34, 85]
[53, 85]
[11, 85]
[83, 85]
[44, 85]
[51, 85]
[27, 85]
[37, 85]
[25, 85]
[85, 107]
[85, 111]
[63, 85]
[35, 85]
[39, 85]
[37, 39]
[39, 51]
[39, 80]
[66, 82]
[39, 96]
[14, 39]
[1, 39]
[39, 63]
[39, 53]
[39, 89]
[39, 87]
[39, 107]
[39, 92]
[39, 54]
[42, 54]
[20, 42]
[39, 71]
[39, 86]
[39, 65]
[39, 111]
[30, 39]
[8, 87]
[8, 13]
[8, 103]
[5, 8]
[8, 53]
[8, 54]
[8, 33]
[3, 8]
[8, 80]
[8, 98]
[8, 27]
[8, 37]
[8, 107]
[8, 111]
[8, 35]
[8, 31]
[8, 96]
[39, 101]
[8, 101]
[18, 101]
[65, 97]
[97, 98]
[87, 97]
[25, 104]
[27, 104]
[37, 104]
[9, 104]
[104, 107]
[73, 104]
[104, 111]
[35, 104]
[31, 104]
[96, 104]
[39, 104]
[101, 104]
[97, 104]
[104, 105]
[42, 104]
[82, 104]
[84, 104]
[67, 104]
[81, 104]
[60, 104]
[100, 104]
[24, 104]
[77, 104]
[75, 104]
[85, 97]
[51, 97]
[5, 105]
[4, 105]
[15, 105]
[17, 102]
[52, 102]
[68, 92]
[0, 56]
[35, 68]
[68, 96]
[30, 68]
[68, 101]
[68, 95]
[68, 105]
[67, 68]
[68, 81]
[36, 68]
[13, 105]
[44, 105]
[21, 105]
[2, 105]
[16, 105]
[79, 102]
[102, 107]
[105, 107]
[95, 102]
[105, 112]
[103, 105]
[86, 105]
[3, 105]
[35, 105]
[87, 105]
[96, 105]
[14, 67]
[13, 67]
[4, 67]
[1, 67]
[15, 67]
[17, 67]
[2, 67]
[67, 70]
[16, 67]
[67, 103]
[18, 67]
[11, 67]
[33, 67]
[67, 83]
[44, 67]
[67, 91]
[67, 92]
[15, 102]
[25, 67]
[67, 87]
[34, 67]
[65, 68]
[8, 67]
[67, 101]
[30, 76]
[4, 76]
[6, 76]
[65, 76]
[65, 81]
[14, 76]
[17, 76]
[2, 76]
[70, 76]
[16, 76]
[65, 66]
[44, 79]
[79, 92]
[48, 76]
[54, 76]
[3, 76]
[71, 76]
[18, 76]
[76, 101]
[25, 76]
[8, 76]
[36, 65]
[34, 76]
[76, 105]
[54, 81]
[81, 89]
[58, 65]
[34, 81]
[70, 81]
[63, 67]
[63, 81]
[63, 66]
[65, 106]
[65, 88]
[38, 65]
[46, 65]
[51, 105]
[62, 67]
[76, 98]
[51, 76]
[62, 76]
[18, 81]
[5, 81]
[6, 81]
[6, 23]
[23, 52]
[76, 81]
[81, 86]
[4, 81]
[2, 81]
[35, 81]
[16, 81]
[3, 81]
[48, 81]
[53, 81]
[8, 81]
[11, 81]
[71, 81]
[81, 83]
[44, 81]
[67, 73]
[68, 73]
[81, 114]
[81, 91]
[81, 92]
[81, 96]
[22, 102]
[89, 102]
[49, 102]
[30, 81]
[67, 81]
[81, 105]
[66, 93]
[14, 42]
[42, 93]
[5, 42]
[66, 77]
[4, 66]
[6, 66]
[17, 66]
[2, 66]
[66, 70]
[66, 89]
[5, 66]
[63, 102]
[25, 102]
[20, 102]
[47, 102]
[21, 102]
[59, 102]
[61, 102]
[48, 102]
[3, 102]
[71, 102]
[11, 102]
[83, 102]
[18, 102]
[80, 102]
[102, 114]
[91, 102]
[35, 102]
[39, 102]
[40, 102]
[67, 102]
[102, 105]
[76, 102]
[62, 102]
[69, 102]
[99, 102]
[88, 102]
[27, 102]
[73, 102]
[85, 102]
[97, 102]
[78, 102]
[94, 102]
[60, 102]
[24, 102]
[75, 102]
[41, 102]
[102, 110]
[53, 66]
[3, 66]
[66, 71]
[9, 66]
[51, 81]
[33, 66]
[11, 66]
[54, 66]
[14, 66]
[66, 114]
[66, 92]
[25, 66]
[66, 87]
[66, 98]
[49, 58]
[6, 58]
[15, 58]
[15, 106]
[4, 106]
[52, 58]
[1, 106]
[32, 49]
[4, 32]
[1, 32]
[32, 70]
[16, 32]
[32, 112]
[32, 86]
[32, 91]
[32, 103]
[32, 44]
[3, 32]
[32, 34]
[32, 96]
[32, 39]
[32, 101]
[10, 32]
[32, 40]
[11, 32]
[32, 33]
[14, 32]
[32, 92]
[25, 32]
[32, 95]
[32, 71]
[32, 98]
[32, 77]
[32, 58]
[32, 37]
[32, 107]
[32, 62]
[32, 67]
[32, 90]
[32, 36]
[32, 105]
[32, 76]
[27, 32]
[32, 109]
[32, 55]
[32, 38]
[32, 46]
[32, 65]
[32, 56]
[9, 32]
[31, 32]
[32, 82]
[32, 84]
[32, 100]
[29, 32]
[32, 104]
[32, 64]
[7, 32]
[1, 58]
[16, 58]
[17, 58]
[20, 58]
[54, 58]
[58, 70]
[58, 86]
[13, 58]
[30, 58]
[58, 103]
[58, 83]
[53, 58]
[3, 58]
[58, 80]
[34, 58]
[58, 96]
[39, 58]
[8, 58]
[58, 101]
[10, 58]
[11, 58]
[14, 58]
[25, 58]
[58, 95]
[58, 66]
[37, 66]
[37, 58]
[81, 107]
[66, 107]
[62, 81]
[66, 67]
[37, 67]
[66, 105]
[37, 105]
[66, 76]
[37, 76]
[76, 107]
[27, 67]
[27, 81]
[27, 76]
[9, 67]
[67, 85]
[31, 81]
[78, 81]
[31, 66]
[66, 73]
[66, 78]
[66, 111]
[9, 105]
[105, 111]
[9, 76]
[68, 107]
[46, 112]
[22, 46]
[1, 46]
[21, 46]
[20, 46]
[11, 46]
[46, 59]
[46, 48]
[46, 71]
[46, 80]
[46, 49]
[46, 95]
[46, 91]
[46, 53]
[46, 96]
[46, 89]
[14, 46]
[46, 101]
[46, 98]
[46, 52]
[15, 46]
[33, 46]
[17, 46]
[46, 78]
[46, 66]
[46, 104]
[46, 76]
[18, 46]
[24, 46]
[46, 100]
[46, 58]
[46, 55]
[46, 64]
[46, 63]
[46, 94]
[46, 69]
[46, 79]
[41, 46]
[46, 85]
[43, 46]
[46, 88]
[46, 74]
[46, 109]
[36, 46]
[46, 99]
[28, 46]
[46, 60]
[46, 56]
[31, 68]
[37, 68]
[68, 111]
[11, 42]
[3, 42]
[25, 42]
[42, 48]
[42, 83]
[42, 114]
[42, 44]
[35, 42]
[42, 101]
[42, 98]
[42, 51]
[34, 42]
[42, 86]
[42, 81]
[42, 62]
[9, 42]
[42, 63]
[24, 111]
[11, 24]
[24, 87]
[16, 24]
[24, 112]
[24, 71]
[24, 80]
[24, 53]
[24, 93]
[15, 24]
[24, 114]
[24, 49]
[24, 89]
[24, 96]
[24, 65]
[24, 44]
[24, 103]
[24, 25]
[24, 101]
[6, 24]
[24, 34]
[24, 67]
[24, 86]
[24, 33]
[17, 24]
[10, 55]
[30, 55]
[24, 68]
[24, 78]
[24, 37]
[24, 76]
[24, 63]
[70, 100]
[13, 100]
[100, 113]
[16, 100]
[89, 100]
[48, 100]
[61, 100]
[49, 100]
[98, 100]
[51, 100]
[11, 100]
[66, 100]
[81, 100]
[15, 100]
[62, 100]
[100, 112]
[73, 100]
[27, 100]
[87, 100]
[96, 100]
[100, 103]
[33, 100]
[78, 100]
[37, 100]
[9, 100]
[100, 111]
[76, 100]
[68, 100]
[58, 78]
[27, 58]
[9, 58]
[58, 111]
[58, 63]
[24, 58]
[41, 98]
[41, 83]
[55, 95]
[41, 51]
[41, 48]
[41, 59]
[3, 41]
[41, 77]
[41, 54]
[40, 41]
[39, 41]
[41, 50]
[41, 92]
[41, 107]
[41, 80]
[41, 71]
[41, 53]
[41, 96]
[41, 44]
[41, 86]
[33, 41]
[17, 41]
[27, 41]
[41, 78]
[37, 41]
[41, 69]
[41, 76]
[41, 42]
[41, 63]
[41, 55]
[41, 64]
[23, 41]
[38, 41]
[41, 90]
[41, 108]
[55, 81]
[50, 55]
[55, 73]
[9, 55]
[55, 111]
[55, 107]
[31, 55]
[55, 67]
[38, 55]
[55, 94]
[55, 78]
[55, 76]
[55, 106]
[55, 75]
[55, 110]
[1, 110]
[13, 110]
[21, 110]
[70, 110]
[54, 110]
[40, 110]
[39, 110]
[92, 110]
[51, 110]
[62, 110]
[5, 110]
[87, 110]
[93, 110]
[110, 114]
[4, 110]
[53, 110]
[96, 110]
[65, 110]
[103, 110]
[16, 110]
[25, 110]
[15, 110]
[17, 110]
[69, 110]
[105, 110]
[42, 110]
[58, 110]
[24, 110]
[11, 110]
[80, 110]
[27, 110]
[44, 110]
[79, 110]
[32, 110]
[23, 110]
[10, 110]
[95, 110]
[82, 110]
[50, 110]
[68, 110]
[97, 110]
[56, 110]
[28, 110]
[37, 110]
[90, 110]
[7, 110]
[88, 110]
[60, 110]
[73, 110]
[9, 110]
[110, 111]
[107, 110]
[31, 110]
[67, 110]
[38, 110]
[94, 110]
[76, 110]
[41, 110]
[41, 85]
[41, 97]
[41, 56]
[41, 99]
[28, 41]
[7, 41]
[41, 88]
[29, 41]
[41, 60]
[41, 109]
[109, 113]
[61, 109]
[2, 109]
[59, 109]
[3, 109]
[70, 109]
[91, 109]
[54, 109]
[35, 109]
[98, 109]
[104, 109]
[62, 109]
[49, 109]
[53, 109]
[103, 109]
[15, 109]
[17, 109]
[69, 109]
[42, 109]
[24, 109]
[71, 109]
[27, 109]
[44, 109]
[84, 109]
[95, 109]
[82, 109]
[64, 109]
[81, 109]
[23, 109]
[9, 109]
[109, 111]
[31, 109]
[67, 109]
[90, 109]
[56, 109]
[99, 109]
[36, 109]
[7, 109]
[76, 109]
[28, 109]
[75, 109]
[108, 109]
[88, 109]
[13, 88]
[2, 88]
[3, 88]
[70, 88]
[54, 88]
[39, 88]
[35, 88]
[88, 92]
[88, 98]
[66, 88]
[88, 104]
[62, 88]
[5, 88]
[87, 88]
[88, 114]
[49, 88]
[4, 88]
[88, 96]
[88, 89]
[88, 112]
[16, 88]
[6, 88]
[15, 88]
[34, 88]
[17, 88]
[88, 105]
[58, 88]
[24, 88]
[88, 100]
[71, 88]
[80, 88]
[79, 88]
[10, 88]
[30, 88]
[50, 88]
[88, 94]
[37, 88]
[44, 88]
[84, 88]
[82, 88]
[88, 111]
[67, 88]
[69, 88]
[32, 88]
[88, 107]
[38, 88]
[74, 88]
[88, 99]
[7, 88]
[76, 88]
[88, 106]
[75, 88]
[88, 108]
[45, 108]
[47, 108]
[59, 108]
[83, 108]
[70, 108]
[54, 108]
[39, 108]
[14, 108]
[35, 108]
[52, 108]
[51, 108]
[104, 108]
[5, 108]
[87, 108]
[49, 108]
[53, 108]
[65, 108]
[89, 108]
[108, 112]
[16, 108]
[25, 108]
[15, 108]
[34, 108]
[86, 108]
[42, 108]
[63, 108]
[58, 108]
[100, 108]
[11, 108]
[79, 108]
[30, 108]
[50, 108]
[55, 108]
[37, 108]
[95, 108]
[82, 108]
[81, 108]
[9, 108]
[108, 111]
[67, 108]
[69, 108]
[78, 108]
[29, 108]
[97, 108]
[74, 108]
[108, 110]
[36, 108]
[76, 108]
[28, 108]
[75, 108]
[1, 75]
[21, 75]
[20, 75]
[3, 75]
[75, 77]
[75, 91]
[14, 75]
[35, 75]
[75, 92]
[8, 75]
[18, 75]
[75, 93]
[75, 114]
[49, 75]
[4, 75]
[75, 96]
[75, 89]
[75, 112]
[75, 103]
[16, 75]
[25, 75]
[15, 75]
[75, 86]
[17, 75]
[75, 105]
[42, 75]
[63, 75]
[58, 75]
[24, 75]
[75, 100]
[71, 75]
[27, 75]
[75, 79]
[10, 75]
[37, 75]
[44, 75]
[75, 84]
[75, 82]
[64, 75]
[29, 75]
[60, 75]
[75, 97]
[41, 75]
[1, 57]
[13, 57]
[21, 57]
[3, 57]
[57, 70]
[57, 91]
[54, 57]
[57, 92]
[57, 66]
[8, 57]
[57, 62]
[5, 57]
[57, 87]
[49, 57]
[57, 103]
[16, 57]
[57, 101]
[6, 57]
[15, 57]
[34, 57]
[33, 57]
[17, 57]
[57, 58]
[57, 100]
[11, 57]
[57, 80]
[57, 79]
[39, 79]
[35, 79]
[66, 79]
[79, 104]
[62, 79]
[79, 96]
[65, 79]
[79, 101]
[79, 105]
[42, 79]
[63, 79]
[73, 79]
[37, 79]
[9, 79]
[31, 79]
[69, 79]
[57, 73]
[44, 57]
[57, 111]
[31, 57]
[31, 94]
[1, 94]
[13, 94]
[61, 94]
[2, 94]
[54, 94]
[94, 98]
[51, 94]
[8, 94]
[87, 94]
[49, 94]
[53, 94]
[94, 112]
[16, 94]
[25, 94]
[6, 94]
[86, 94]
[33, 94]
[94, 100]
[80, 94]
[35, 94]
[94, 96]
[94, 101]
[94, 105]
[73, 94]
[37, 94]
[44, 94]
[9, 94]
[94, 111]
[79, 94]
[68, 94]
[57, 107]
[84, 107]
[1, 84]
[13, 84]
[47, 84]
[61, 84]
[2, 84]
[83, 84]
[84, 91]
[54, 84]
[8, 84]
[5, 84]
[84, 89]
[16, 84]
[15, 84]
[34, 84]
[84, 86]
[17, 84]
[58, 84]
[84, 100]
[71, 84]
[11, 84]
[80, 84]
[39, 84]
[84, 92]
[62, 84]
[84, 101]
[84, 105]
[63, 84]
[73, 84]
[37, 84]
[44, 84]
[81, 84]
[84, 111]
[67, 84]
[84, 94]
[21, 82]
[2, 82]
[3, 82]
[48, 82]
[82, 83]
[82, 91]
[14, 82]
[8, 82]
[5, 82]
[82, 93]
[82, 114]
[4, 82]
[53, 82]
[82, 89]
[16, 82]
[6, 82]
[82, 86]
[33, 82]
[17, 82]
[58, 82]
[82, 100]
[11, 82]
[27, 82]
[30, 82]
[39, 82]
[35, 82]
[82, 101]
[37, 82]
[44, 82]
[82, 111]
[31, 82]
[67, 82]
[68, 82]
[78, 82]
[64, 82]
[1, 64]
[13, 64]
[47, 64]
[61, 64]
[3, 64]
[48, 64]
[64, 77]
[64, 91]
[54, 64]
[14, 64]
[64, 98]
[51, 64]
[8, 64]
[5, 64]
[64, 87]
[49, 64]
[4, 64]
[64, 89]
[64, 112]
[64, 103]
[6, 64]
[34, 64]
[17, 64]
[58, 64]
[24, 64]
[64, 100]
[11, 64]
[64, 80]
[10, 64]
[50, 64]
[64, 95]
[35, 64]
[62, 64]
[64, 96]
[64, 65]
[64, 101]
[42, 64]
[64, 73]
[37, 64]
[64, 111]
[31, 64]
[64, 69]
[64, 107]
[57, 64]
[64, 79]
[23, 79]
[1, 23]
[21, 23]
[23, 59]
[23, 48]
[23, 83]
[14, 23]
[5, 23]
[23, 87]
[16, 23]
[15, 23]
[23, 34]
[23, 33]
[17, 23]
[23, 58]
[23, 24]
[10, 23]
[23, 50]
[23, 95]
[23, 35]
[23, 92]
[23, 66]
[23, 104]
[23, 42]
[23, 73]
[23, 37]
[23, 44]
[23, 81]
[23, 69]
[23, 68]
[23, 107]
[23, 94]
[23, 78]
[23, 84]
[23, 82]
[32, 69]
[38, 69]
[1, 38]
[13, 38]
[3, 38]
[38, 70]
[38, 91]
[14, 38]
[38, 98]
[38, 52]
[38, 51]
[8, 38]
[38, 93]
[38, 49]
[38, 89]
[25, 38]
[15, 38]
[38, 100]
[38, 71]
[38, 80]
[30, 38]
[38, 50]
[38, 95]
[38, 92]
[38, 66]
[38, 104]
[38, 96]
[38, 101]
[37, 38]
[9, 38]
[38, 67]
[38, 107]
[38, 57]
[38, 94]
[38, 82]
[38, 64]
[23, 38]
[29, 38]
[38, 60]
[38, 56]
[36, 38]
[36, 113]
[13, 36]
[19, 36]
[21, 36]
[36, 61]
[2, 36]
[36, 59]
[3, 36]
[36, 48]
[36, 91]
[36, 54]
[14, 36]
[36, 98]
[36, 51]
[8, 36]
[5, 36]
[18, 36]
[36, 87]
[36, 89]
[36, 112]
[25, 36]
[15, 36]
[36, 86]
[36, 58]
[24, 36]
[36, 100]
[36, 71]
[30, 36]
[36, 95]
[36, 66]
[36, 96]
[36, 101]
[36, 63]
[36, 73]
[36, 44]
[36, 81]
[9, 36]
[36, 111]
[36, 67]
[36, 107]
[36, 94]
[36, 82]
[23, 36]
[36, 76]
[36, 90]
[36, 60]
[36, 106]
[36, 64]
[36, 85]
[36, 56]
[1, 56]
[19, 56]
[47, 56]
[56, 61]
[2, 56]
[56, 59]
[56, 70]
[54, 56]
[40, 56]
[52, 56]
[51, 56]
[5, 56]
[18, 56]
[4, 56]
[53, 56]
[56, 89]
[56, 103]
[16, 56]
[25, 56]
[6, 56]
[34, 56]
[56, 86]
[17, 56]
[56, 58]
[10, 56]
[50, 56]
[56, 95]
[39, 56]
[56, 62]
[56, 100]
[56, 69]
[56, 84]
[56, 73]
[44, 56]
[56, 99]
[56, 79]
[56, 65]
[24, 56]
[56, 68]
[29, 56]
[56, 94]
[23, 56]
[56, 76]
[56, 60]
[7, 56]
[7, 61]
[7, 83]
[7, 70]
[7, 40]
[7, 98]
[7, 52]
[7, 8]
[5, 7]
[7, 87]
[7, 114]
[4, 7]
[7, 53]
[7, 25]
[7, 34]
[7, 86]
[7, 58]
[7, 11]
[7, 80]
[7, 10]
[7, 30]
[7, 50]
[7, 35]
[7, 92]
[7, 104]
[7, 62]
[7, 96]
[7, 57]
[7, 78]
[7, 63]
[7, 84]
[7, 73]
[7, 9]
[7, 67]
[7, 31]
[7, 79]
[7, 24]
[7, 111]
[7, 69]
[7, 68]
[7, 107]
[7, 29]
[7, 82]
[7, 76]
[7, 90]
[21, 90]
[2, 90]
[59, 90]
[3, 90]
[48, 90]
[83, 90]
[77, 90]
[70, 90]
[40, 90]
[90, 98]
[90, 93]
[89, 90]
[25, 90]
[6, 90]
[15, 90]
[34, 90]
[86, 90]
[17, 90]
[58, 90]
[27, 90]
[30, 90]
[50, 90]
[90, 95]
[39, 90]
[35, 90]
[90, 92]
[90, 104]
[62, 90]
[90, 96]
[90, 100]
[78, 90]
[90, 101]
[63, 90]
[84, 90]
[44, 90]
[81, 90]
[67, 90]
[37, 90]
[31, 90]
[90, 99]
[79, 90]
[69, 90]
[29, 90]
[76, 90]
[57, 76]
[76, 84]
[76, 79]
[79, 99]
[28, 79]
[13, 28]
[21, 28]
[28, 48]
[28, 83]
[28, 77]
[0, 28]
[28, 70]
[28, 54]
[28, 102]
[14, 28]
[28, 52]
[8, 28]
[5, 28]
[18, 28]
[28, 87]
[28, 49]
[4, 28]
[28, 53]
[28, 89]
[28, 103]
[16, 28]
[25, 28]
[28, 34]
[28, 86]
[11, 28]
[10, 28]
[28, 50]
[28, 95]
[28, 39]
[28, 35]
[28, 66]
[28, 104]
[28, 62]
[28, 105]
[28, 42]
[28, 78]
[28, 101]
[28, 73]
[28, 67]
[28, 31]
[28, 69]
[28, 81]
[28, 84]
[28, 99]
[21, 99]
[47, 99]
[20, 99]
[3, 99]
[83, 99]
[77, 99]
[91, 99]
[40, 99]
[8, 99]
[5, 99]
[18, 99]
[93, 99]
[99, 114]
[53, 99]
[89, 99]
[99, 103]
[16, 99]
[15, 99]
[34, 99]
[86, 99]
[33, 99]
[17, 99]
[58, 99]
[11, 99]
[10, 99]
[50, 99]
[95, 99]
[39, 99]
[92, 99]
[99, 104]
[62, 99]
[96, 99]
[42, 99]
[99, 100]
[99, 101]
[67, 99]
[31, 99]
[69, 99]
[81, 99]
[57, 99]
[63, 99]
[84, 99]
[9, 99]
[28, 107]
[24, 99]
[24, 29]
[21, 29]
[29, 83]
[29, 70]
[29, 91]
[8, 29]
[18, 29]
[29, 87]
[29, 89]
[16, 29]
[25, 29]
[6, 29]
[15, 29]
[29, 71]
[11, 29]
[27, 29]
[29, 30]
[29, 39]
[29, 92]
[29, 96]
[29, 78]
[29, 101]
[29, 73]
[29, 44]
[29, 68]
[29, 58]
[29, 42]
[29, 31]
[29, 84]
[9, 29]
[29, 99]
[29, 107]
[29, 76]
[29, 79]
[29, 94]
[94, 99]
[28, 94]
[76, 94]
[76, 82]
[82, 99]
[23, 76]
[23, 29]
[29, 64]
[64, 99]
[28, 64]
[64, 90]
[64, 76]
[60, 76]
[60, 113]
[47, 60]
[60, 61]
[59, 60]
[60, 83]
[18, 60]
[60, 114]
[53, 60]
[16, 60]
[15, 60]
[30, 60]
[39, 60]
[60, 92]
[60, 66]
[60, 78]
[44, 60]
[60, 68]
[60, 86]
[60, 105]
[60, 91]
[14, 60]
[5, 60]
[60, 87]
[49, 60]
[60, 89]
[60, 112]
[35, 60]
[60, 63]
[60, 98]
[34, 60]
[58, 60]
[42, 60]
[60, 100]
[60, 111]
[60, 107]
[28, 60]
[29, 60]
[60, 82]
[21, 106]
[45, 106]
[47, 106]
[2, 106]
[59, 106]
[83, 106]
[70, 106]
[40, 106]
[18, 106]
[106, 114]
[53, 106]
[16, 106]
[25, 106]
[33, 106]
[27, 106]
[30, 106]
[66, 106]
[86, 106]
[48, 106]
[77, 106]
[54, 106]
[8, 106]
[17, 106]
[11, 106]
[80, 106]
[69, 106]
[41, 106]
[63, 106]
[84, 106]
[98, 106]
[34, 106]
[62, 106]
[42, 106]
[106, 111]
[57, 106]
[24, 106]
[99, 106]
[28, 106]
[7, 106]
[29, 106]
[23, 106]
[23, 97]
[27, 97]
[73, 97]
[63, 97]
[84, 97]
[9, 97]
[62, 97]
[97, 100]
[31, 97]
[97, 111]
[94, 97]
[42, 97]
[37, 97]
[57, 97]
[97, 107]
[82, 97]
[24, 97]
[79, 97]
[64, 97]
[29, 97]
[74, 97]
[28, 97]
[7, 97]
[60, 97]
[32, 97]
[32, 74]
[74, 113]
[19, 74]
[21, 74]
[45, 74]
[47, 74]
[20, 74]
[59, 74]
[70, 74]
[40, 74]
[74, 102]
[52, 74]
[16, 74]
[25, 74]
[15, 74]
[71, 74]
[30, 74]
[74, 92]
[44, 74]
[68, 74]
[74, 81]
[3, 74]
[74, 91]
[14, 74]
[8, 74]
[49, 74]
[74, 89]
[6, 74]
[17, 74]
[74, 80]
[35, 74]
[74, 101]
[73, 74]
[63, 74]
[51, 74]
[74, 104]
[69, 74]
[65, 74]
[9, 74]
[74, 99]
[38, 74]
[74, 76]
[74, 100]
[74, 111]
[74, 94]
[74, 82]
[24, 74]
[74, 79]
[64, 74]
[28, 74]
[7, 74]
[60, 74]
[74, 85]
[85, 105]
[85, 99]
[85, 90]
[76, 85]
[85, 106]
[85, 100]
[85, 94]
[84, 85]
[82, 85]
[32, 85]
[26, 32]
[1, 26]
[22, 26]
[13, 26]
[19, 26]
[21, 26]
[20, 26]
[2, 26]
[26, 59]
[26, 40]
[26, 114]
[26, 53]
[25, 26]
[15, 26]
[26, 33]
[26, 71]
[26, 27]
[26, 30]
[26, 44]
[26, 67]
[26, 81]
[26, 48]
[26, 77]
[3, 26]
[8, 26]
[5, 26]
[6, 26]
[17, 26]
[26, 95]
[26, 35]
[26, 96]
[26, 101]
[26, 73]
[26, 63]
[26, 104]
[26, 50]
[26, 69]
[26, 65]
[26, 98]
[9, 26]
[26, 34]
[26, 68]
[26, 56]
[26, 62]
[26, 31]
[26, 111]
[26, 38]
[23, 26]
[26, 90]
[26, 106]
[26, 29]
[26, 74]
[26, 84]
[26, 37]
[26, 85]
[26, 97]
[72, 97]
[72, 113]
[19, 72]
[47, 72]
[59, 72]
[72, 83]
[70, 72]
[40, 72]
[72, 102]
[18, 72]
[72, 93]
[72, 114]
[15, 72]
[33, 72]
[27, 72]
[39, 72]
[72, 92]
[66, 72]
[72, 81]
[72, 77]
[72, 91]
[8, 72]
[5, 72]
[72, 89]
[72, 112]
[6, 72]
[17, 72]
[11, 72]
[72, 80]
[10, 72]
[72, 95]
[72, 96]
[72, 101]
[63, 72]
[51, 72]
[58, 72]
[50, 72]
[69, 72]
[65, 72]
[34, 72]
[68, 72]
[31, 72]
[55, 72]
[72, 88]
[24, 72]
[72, 79]
[72, 111]
[23, 72]
[72, 75]
[57, 72]
[46, 72]
[72, 108]
[29, 72]
[72, 99]
[72, 90]
[72, 76]
[72, 106]
[72, 107]
[72, 74]
[72, 84]
[72, 82]
[32, 72]
[64, 85]
[26, 64]
[28, 85]
[28, 72]
[43, 72]
[1, 43]
[21, 43]
[43, 61]
[43, 83]
[0, 43]
[43, 70]
[16, 43]
[25, 43]
[27, 43]
[39, 43]
[43, 67]
[43, 81]
[3, 43]
[43, 91]
[43, 54]
[14, 43]
[43, 87]
[43, 49]
[17, 43]
[43, 80]
[43, 73]
[43, 63]
[43, 109]
[43, 104]
[43, 69]
[43, 65]
[43, 98]
[9, 43]
[34, 43]
[43, 56]
[43, 55]
[42, 43]
[43, 88]
[43, 79]
[23, 43]
[43, 57]
[43, 108]
[43, 105]
[7, 43]
[43, 99]
[43, 76]
[43, 100]
[37, 43]
[43, 107]
[43, 74]
[43, 84]
[43, 82]
[32, 43]
[43, 97]
[43, 85]
[26, 43]
