[6, 13, 15, 17, 18]
[11, 15, 16, 18, 21]
[6, 13, 15, 18, 28]
[11, 13, 15, 18, 28]
[15, 16, 18, 21, 25]
[11, 15, 21, 24, 27]
[0, 11, 15, 21, 27]
[0, 11, 15, 18, 21]
[0, 11, 15, 24, 27]
[0, 15, 21, 24, 27]
[0, 11, 15, 21, 24]
[0, 11, 21, 24, 27]
[0, 3, 11, 18, 23]
[0, 3, 7, 18, 23]
[0, 3, 11, 14, 16]
[0, 3, 11, 16, 18]
[0, 11, 15, 16, 18]
[0, 3, 10, 16, 18]
[0, 15, 16, 21, 24]
[15, 16, 19, 21, 25]
[15, 19, 21, 25, 27]
[15, 21, 24, 25, 27]
[21, 24, 25, 27, 29]
[16, 18, 19, 21, 25]
[15, 18, 19, 21, 25]
[19, 21, 25, 27, 29]
[0, 15, 16, 18, 21]
[15, 16, 18, 19, 21]
[0, 11, 16, 18, 21]
[0, 11, 15, 16, 21]
[0, 6, 7, 10, 27]
[0, 7, 10, 18, 23]
[7, 10, 18, 22, 23]
[10, 13, 18, 20, 26]
[7, 10, 13, 18, 22]
[7, 10, 13, 22, 27]
[6, 13, 15, 27, 28]
[4, 11, 13, 15, 28]
[6, 7, 18, 22, 23]
[6, 7, 10, 22, 23]
[6, 10, 18, 22, 23]
[0, 6, 10, 18, 23]
[6, 7, 10, 18, 23]
[0, 6, 7, 18, 23]
[0, 6, 18, 23, 28]
[0, 6, 8, 23, 28]
[0, 11, 18, 23, 28]
[0, 5, 11, 16, 18]
[7, 10, 18, 19, 25]
[7, 10, 13, 18, 25]
[7, 10, 13, 25, 27]
[7, 10, 19, 25, 27]
[0, 6, 7, 10, 23]
[0, 1, 6, 7, 23]
[6, 7, 10, 22, 27]
[6, 7, 13, 22, 27]
[2, 6, 18, 22, 23]
[6, 7, 10, 13, 27]
[0, 5, 11, 18, 28]
[0, 3, 10, 18, 23]
[15, 16, 18, 19, 25]
[10, 16, 18, 19, 25]
[11, 15, 16, 21, 24]
[0, 11, 15, 16, 24]
[2, 5, 6, 18, 22]
[2, 6, 13, 18, 26]
[6, 10, 13, 18, 26]
[0, 6, 7, 10, 18]
[6, 10, 13, 18, 22]
[2, 6, 13, 18, 22]
[6, 7, 10, 18, 22]
[0, 3, 7, 10, 18]
[3, 7, 10, 18, 23]
[0, 5, 6, 18, 28]
[0, 3, 9, 14, 16]
[11, 21, 24, 27, 29]
[2, 4, 5, 22, 24]
[6, 10, 13, 22, 27]
[6, 10, 13, 26, 27]
[6, 13, 15, 17, 27]
[0, 6, 15, 27, 28]
[0, 6, 15, 18, 28]
[5, 16, 18, 19, 25]
[1, 4, 5, 19, 25]
[15, 16, 21, 24, 25]
[0, 3, 9, 10, 16]
[0, 11, 16, 21, 24]
[0, 5, 11, 16, 24]
[0, 6, 8, 9, 10]
[0, 6, 8, 10, 23]
[0, 1, 6, 8, 23]
[0, 11, 15, 18, 28]
[0, 11, 15, 27, 28]
[0, 1, 3, 7, 23]
[0, 3, 7, 10, 23]
[11, 13, 15, 27, 28]
[0, 3, 7, 10, 27]
[1, 4, 7, 19, 25]
[6, 7, 13, 18, 22]
[6, 7, 10, 13, 18]
[6, 7, 10, 13, 22]
[2, 22, 23, 24, 29]
