[24, 27]
[8, 27]
[105, 113]
[27, 113]
[8, 26]
[1, 26]
[26, 28]
[25, 28]
[6, 28]
[6, 25]
[3, 25]
[26, 29]
[25, 29]
[4, 28]
[2, 28]
[11, 28]
[8, 29]
[7, 27]
[4, 27]
[11, 27]
[12, 27]
[14, 27]
[15, 27]
[17, 27]
[19, 27]
[22, 27]
[23, 27]
[6, 7]
[3, 7]
[1, 7]
[5, 7]
[2, 3]
[1, 2]
[2, 24]
[7, 24]
[26, 86]
[7, 86]
[2, 5]
[1, 5]
[27, 86]
[6, 86]
[3, 86]
[8, 86]
[9, 86]
[10, 86]
[17, 86]
[18, 86]
[20, 86]
[21, 86]
[22, 86]
[23, 86]
[25, 86]
[28, 86]
[29, 86]
[30, 86]
[31, 86]
[32, 86]
[34, 86]
[35, 86]
[37, 86]
[41, 86]
[42, 86]
[45, 86]
[48, 86]
[49, 86]
[50, 86]
[53, 86]
[55, 86]
[56, 86]
[57, 86]
[58, 86]
[59, 86]
[86, 158]
[86, 174]
[86, 168]
[86, 131]
[86, 122]
[86, 139]
[86, 132]
[86, 115]
[86, 185]
[86, 108]
[86, 102]
[75, 86]
[61, 86]
[77, 86]
[86, 182]
[86, 150]
[86, 145]
[86, 136]
[86, 125]
[86, 124]
[86, 114]
[86, 180]
[86, 170]
[86, 156]
[86, 149]
[86, 96]
[80, 86]
[86, 90]
[79, 86]
[86, 155]
[82, 86]
[0, 86]
[86, 111]
[86, 91]
[86, 165]
[86, 164]
[86, 154]
[86, 147]
[86, 140]
[86, 137]
[86, 116]
[86, 172]
[86, 148]
[86, 141]
[86, 135]
[86, 161]
[86, 89]
[68, 86]
[66, 86]
[78, 86]
[72, 86]
[86, 178]
[86, 176]
[86, 173]
[86, 169]
[86, 144]
[86, 146]
[86, 97]
[86, 119]
[86, 179]
[86, 166]
[86, 162]
[86, 138]
[86, 186]
[85, 86]
[86, 107]
[67, 86]
[83, 86]
[73, 86]
[65, 86]
[86, 128]
[27, 54]
[27, 160]
[27, 181]
[27, 28]
[27, 152]
[17, 29]
[16, 29]
[29, 48]
[29, 151]
[29, 175]
[2, 29]
[29, 52]
[29, 87]
[29, 184]
[29, 74]
[29, 40]
[29, 35]
[29, 32]
[29, 84]
[4, 29]
[14, 29]
[29, 177]
[29, 117]
[29, 134]
[29, 120]
[24, 29]
[12, 29]
[29, 94]
[29, 88]
[29, 50]
[29, 41]
[20, 29]
[29, 187]
[29, 42]
[18, 29]
[50, 133]
[5, 50]
[27, 130]
[27, 123]
[27, 159]
[27, 70]
[27, 143]
[27, 142]
[27, 47]
[27, 71]
[27, 57]
[27, 30]
[27, 58]
[27, 60]
[27, 44]
[27, 118]
[27, 183]
[27, 99]
[27, 64]
[27, 62]
[27, 163]
[27, 38]
[27, 189]
[27, 34]
[27, 55]
[27, 49]
[27, 31]
[27, 59]
[27, 36]
[27, 95]
[48, 62]
[62, 175]
[13, 62]
[13, 87]
[87, 93]
[28, 175]
[28, 133]
[28, 29]
[15, 28]
[28, 151]
[28, 52]
[28, 81]
[28, 63]
[28, 87]
[28, 105]
[28, 184]
[28, 32]
[28, 51]
[14, 28]
[28, 121]
[28, 120]
[28, 129]
[12, 28]
[28, 76]
[28, 43]
[28, 104]
[28, 92]
[28, 101]
[28, 39]
[28, 187]
[18, 28]
[28, 70]
[28, 143]
[28, 142]
[28, 130]
[28, 62]
[28, 163]
[28, 38]
[28, 54]
[28, 34]
[28, 45]
[15, 93]
[15, 26]
[26, 30]
[2, 30]
[2, 19]
[1, 19]
[19, 25]
[25, 134]
[29, 181]
[29, 160]
[29, 159]
[29, 47]
[29, 71]
[29, 30]
[29, 58]
[29, 118]
[29, 64]
[29, 189]
[20, 133]
[17, 133]
[13, 133]
[5, 133]
[93, 133]
[2, 133]
[133, 153]
[37, 133]
[69, 133]
[98, 133]
[22, 133]
[74, 133]
[40, 133]
[35, 133]
[53, 133]
[133, 177]
[117, 133]
[21, 133]
[100, 133]
[88, 133]
[94, 133]
[41, 133]
[46, 133]
[42, 133]
[46, 93]
[26, 46]
[1, 30]
[20, 30]
[9, 30]
[9, 25]
[25, 93]
[17, 20]
[13, 20]
[1, 20]
[20, 153]
[20, 188]
[20, 33]
[20, 22]
[20, 74]
[20, 35]
[9, 20]
[20, 171]
[20, 134]
[19, 20]
[20, 37]
[20, 56]
[20, 48]
[16, 20]
[20, 84]
[4, 20]
[20, 117]
[20, 21]
[20, 88]
[20, 50]
[10, 20]
[157, 177]
[19, 157]
[22, 157]
[33, 157]
[26, 157]
[1, 157]
[93, 157]
[126, 157]
[157, 167]
[153, 157]
[69, 157]
[9, 157]
[157, 171]
[112, 157]
[94, 157]
[37, 157]
[56, 157]
[48, 157]
[4, 157]
[117, 157]
[13, 26]
[2, 126]
[24, 26]
[30, 93]
[5, 30]
[5, 87]
[87, 126]
[20, 87]
[17, 87]
[22, 87]
[33, 87]
[87, 153]
[69, 87]
[87, 98]
[74, 87]
[35, 87]
[87, 171]
[19, 87]
[87, 112]
[87, 94]
[37, 87]
[48, 87]
[87, 103]
[16, 87]
[87, 117]
[87, 88]
[41, 87]
[10, 87]
[46, 87]
[42, 87]
[87, 133]
[15, 87]
[63, 87]
[87, 105]
[87, 129]
[43, 87]
[76, 87]
[87, 101]
[39, 87]
[87, 151]
[52, 87]
[24, 175]
[13, 175]
[26, 175]
[109, 175]
[127, 175]
[153, 175]
[33, 175]
[98, 175]
[22, 175]
[40, 175]
[53, 175]
[134, 175]
[19, 175]
[94, 175]
[37, 175]
[103, 175]
[117, 175]
[21, 175]
[50, 175]
[10, 175]
[20, 175]
[63, 175]
[105, 175]
[11, 175]
[121, 175]
[43, 175]
[104, 175]
[39, 175]
[13, 177]
[5, 177]
[93, 177]
[2, 177]
[126, 177]
[127, 177]
[167, 177]
[153, 177]
[69, 177]
[22, 177]
[40, 177]
[35, 177]
[23, 177]
[171, 177]
[56, 177]
[48, 177]
[4, 177]
[13, 48]
[48, 126]
[26, 85]
[18, 26]
[2, 18]
[19, 26]
[23, 25]
[25, 171]
[21, 25]
[21, 24]
[16, 24]
[16, 17]
[16, 23]
[23, 189]
[35, 189]
[5, 189]
[2, 189]
[1, 189]
[26, 189]
[13, 189]
[109, 189]
[167, 189]
[153, 189]
[188, 189]
[69, 189]
[33, 189]
[98, 189]
[74, 189]
[9, 189]
[134, 189]
[112, 189]
[37, 189]
[56, 189]
[84, 189]
[4, 189]
[21, 189]
[24, 189]
[41, 189]
[20, 189]
[46, 189]
[15, 189]
[81, 189]
[105, 189]
[51, 189]
[11, 189]
[104, 189]
[101, 189]
[151, 189]
[184, 189]
[32, 189]
[14, 189]
[120, 189]
[12, 189]
[187, 189]
[160, 189]
[123, 189]
[159, 189]
[47, 189]
[57, 189]
[30, 189]
[58, 189]
[44, 189]
[183, 189]
[99, 189]
[19, 22]
[19, 93]
[19, 126]
[13, 19]
[19, 109]
[19, 127]
[19, 167]
[19, 153]
[19, 188]
[19, 98]
[19, 74]
[19, 40]
[19, 35]
[9, 19]
[19, 23]
[19, 171]
[17, 19]
[22, 26]
[30, 126]
[13, 30]
[22, 53]
[4, 22]
[4, 167]
[25, 41]
[17, 25]
[25, 112]
[25, 94]
[25, 177]
[25, 117]
[25, 157]
[24, 25]
[25, 100]
[25, 88]
[25, 50]
[10, 25]
[25, 46]
[25, 42]
[11, 25]
[25, 129]
[25, 121]
[25, 43]
[25, 76]
[25, 104]
[25, 92]
[25, 101]
[25, 39]
[25, 120]
[12, 25]
[25, 187]
[25, 44]
[25, 118]
[25, 183]
[25, 99]
[25, 64]
[25, 189]
[18, 25]
[25, 62]
[25, 163]
[25, 38]
[25, 54]
[25, 45]
[25, 55]
[25, 49]
[18, 105]
[18, 19]
[5, 18]
[130, 175]
[26, 130]
[109, 130]
[69, 130]
[33, 130]
[22, 130]
[40, 130]
[112, 130]
[94, 130]
[37, 130]
[56, 130]
[4, 130]
[117, 130]
[130, 157]
[100, 130]
[88, 130]
[41, 130]
[46, 130]
[130, 133]
[15, 130]
[63, 130]
[51, 130]
[121, 130]
[43, 130]
[104, 130]
[92, 130]
[39, 130]
[130, 151]
[87, 130]
[130, 184]
[32, 130]
[14, 130]
[12, 130]
[130, 187]
[130, 160]
[130, 152]
[123, 130]
[47, 130]
[71, 130]
[30, 130]
[58, 130]
[6, 130]
[118, 130]
[130, 183]
[99, 130]
[18, 130]
[130, 142]
[22, 181]
[93, 181]
[109, 181]
[127, 181]
[153, 181]
[69, 181]
[98, 181]
[74, 181]
[9, 181]
[48, 181]
[103, 181]
[16, 181]
[177, 181]
[117, 181]
[157, 181]
[24, 181]
[100, 181]
[88, 181]
[41, 181]
[10, 181]
[20, 181]
[63, 181]
[81, 181]
[51, 181]
[129, 181]
[76, 181]
[104, 181]
[39, 181]
[175, 181]
[151, 181]
[52, 181]
[87, 181]
[12, 181]
[181, 187]
[1, 126]
[13, 69]
[69, 93]
[63, 64]
[64, 84]
[5, 64]
[2, 64]
[1, 64]
[64, 109]
[64, 153]
[40, 64]
[35, 64]
[64, 171]
[17, 64]
[64, 134]
[19, 64]
[64, 94]
[48, 64]
[64, 103]
[4, 64]
[64, 177]
[64, 117]
[21, 64]
[64, 88]
[50, 64]
[41, 64]
[10, 64]
[20, 64]
[46, 64]
[42, 64]
[64, 133]
[64, 81]
[64, 105]
[51, 64]
[11, 64]
[64, 129]
[64, 76]
[64, 92]
[39, 64]
[64, 151]
[52, 64]
[32, 64]
[14, 64]
[64, 120]
[64, 187]
[47, 64]
[64, 71]
[57, 64]
[30, 64]
[6, 64]
[64, 118]
[64, 183]
[64, 99]
[2, 188]
[126, 188]
[109, 188]
[167, 188]
[5, 126]
[1, 18]
[18, 93]
[18, 188]
[18, 127]
[18, 167]
[18, 69]
[53, 69]
[24, 101]
[13, 101]
[93, 101]
[1, 101]
[26, 101]
[101, 109]
[101, 167]
[53, 101]
[9, 101]
[23, 101]
[101, 171]
[101, 134]
[101, 112]
[37, 101]
[16, 101]
[4, 101]
[101, 177]
[101, 157]
[50, 101]
[41, 101]
[10, 101]
[46, 101]
[101, 133]
[63, 101]
[51, 101]
[11, 101]
[43, 101]
[92, 101]
[109, 126]
[26, 109]
[30, 109]
[30, 127]
[53, 93]
[13, 71]
[71, 126]
[2, 71]
[26, 71]
[71, 127]
[71, 153]
[71, 188]
[33, 71]
[71, 98]
[22, 71]
[71, 74]
[40, 71]
[35, 71]
[9, 71]
[71, 171]
[17, 71]
[19, 71]
[71, 112]
[48, 71]
[71, 103]
[16, 71]
[71, 84]
[24, 71]
[71, 100]
[50, 71]
[41, 71]
[10, 71]
[63, 71]
[71, 81]
[43, 71]
[39, 71]
[71, 87]
[71, 120]
[71, 160]
[71, 181]
[71, 159]
[47, 71]
[63, 129]
[16, 129]
[19, 129]
[17, 129]
[22, 129]
[109, 129]
[35, 129]
[53, 129]
[9, 129]
[129, 171]
[112, 129]
[56, 129]
[48, 129]
[103, 129]
[4, 129]
[117, 129]
[129, 157]
[21, 129]
[24, 129]
[100, 129]
[10, 129]
[20, 129]
[46, 129]
[15, 129]
[16, 26]
[30, 167]
[30, 153]
[1, 53]
[44, 184]
[17, 44]
[22, 44]
[44, 69]
[44, 109]
[13, 44]
[44, 127]
[44, 167]
[44, 153]
[35, 44]
[44, 53]
[9, 44]
[23, 44]
[44, 171]
[19, 44]
[44, 112]
[44, 94]
[44, 48]
[44, 103]
[16, 44]
[44, 84]
[44, 177]
[44, 117]
[21, 44]
[44, 88]
[10, 44]
[20, 44]
[42, 44]
[44, 133]
[15, 44]
[44, 105]
[44, 51]
[44, 76]
[44, 104]
[44, 92]
[44, 101]
[39, 44]
[44, 52]
[44, 120]
[12, 44]
[44, 187]
[44, 160]
[44, 181]
[13, 109]
[2, 109]
[13, 17]
[17, 126]
[2, 85]
[13, 24]
[30, 98]
[30, 74]
[26, 53]
[92, 129]
[20, 92]
[85, 159]
[47, 123]
[64, 77]
[25, 114]
[114, 157]
[114, 188]
[114, 127]
[5, 114]
[2, 114]
[26, 114]
[114, 126]
[13, 114]
[109, 114]
[114, 167]
[114, 153]
[69, 114]
[33, 114]
[98, 114]
[53, 114]
[23, 114]
[114, 171]
[112, 114]
[94, 114]
[56, 114]
[48, 114]
[4, 114]
[114, 177]
[114, 117]
[21, 114]
[100, 114]
[88, 114]
[50, 114]
[10, 114]
[42, 114]
[114, 133]
[15, 114]
[81, 114]
[11, 114]
[114, 121]
[76, 114]
[39, 114]
[29, 114]
[114, 151]
[52, 114]
[114, 184]
[32, 114]
[114, 120]
[12, 114]
[114, 187]
[114, 181]
[71, 114]
[57, 114]
[58, 114]
[60, 114]
[44, 114]
[114, 118]
[99, 114]
[114, 143]
[114, 142]
[114, 130]
[38, 114]
[28, 114]
[31, 114]
[114, 158]
[114, 174]
[114, 122]
[102, 114]
[114, 150]
[114, 136]
[114, 125]
[24, 127]
[24, 33]
[24, 98]
[22, 24]
[24, 74]
[24, 40]
[24, 35]
[24, 53]
[9, 24]
[23, 24]
[17, 24]
[24, 112]
[24, 94]
[24, 157]
[2, 127]
[17, 22]
[17, 26]
[17, 167]
[17, 153]
[17, 53]
[17, 88]
[17, 171]
[17, 35]
[17, 74]
[17, 39]
[17, 188]
[17, 69]
[17, 21]
[17, 98]
[16, 188]
[74, 81]
[16, 98]
[16, 33]
[16, 32]
[15, 16]
[16, 134]
[16, 117]
[9, 16]
[16, 112]
[26, 74]
[74, 126]
[74, 171]
[35, 74]
[26, 153]
[26, 103]
[103, 153]
[2, 103]
[24, 30]
[24, 39]
[103, 126]
[159, 167]
[30, 129]
[15, 35]
[15, 53]
[60, 87]
[87, 99]
[87, 174]
[72, 87]
[87, 147]
[87, 138]
[1, 15]
[15, 171]
[15, 74]
[15, 39]
[15, 109]
[15, 94]
[15, 21]
[15, 98]
[23, 35]
[2, 23]
[1, 23]
[23, 126]
[23, 171]
[103, 171]
[35, 103]
[26, 35]
[35, 153]
[1, 35]
[153, 171]
[53, 171]
[126, 171]
[35, 39]
[39, 53]
[1, 39]
[30, 175]
[24, 121]
[94, 103]
[174, 188]
[29, 174]
[28, 174]
[174, 189]
[53, 174]
[126, 174]
[64, 174]
[130, 174]
[23, 174]
[94, 174]
[21, 174]
[33, 174]
[15, 174]
[117, 174]
[17, 174]
[20, 174]
[93, 174]
[39, 174]
[134, 174]
[105, 174]
[76, 174]
[137, 174]
[70, 174]
[111, 174]
[154, 174]
[158, 174]
[101, 174]
[16, 174]
[71, 174]
[21, 103]
[21, 26]
[30, 32]
[24, 172]
[23, 33]
[33, 103]
[21, 153]
[24, 72]
[24, 99]
[33, 153]
[2, 33]
[87, 165]
[34, 87]
[87, 145]
[87, 163]
[87, 91]
[87, 159]
[87, 131]
[87, 132]
[87, 180]
[87, 143]
[59, 87]
[87, 123]
[87, 136]
[45, 87]
[14, 87]
[79, 87]
[87, 179]
[78, 87]
[87, 146]
[87, 124]
[87, 115]
[87, 116]
[87, 97]
[75, 87]
[87, 169]
[87, 141]
[87, 139]
[30, 87]
[87, 182]
[61, 87]
[12, 87]
[7, 87]
[87, 187]
[6, 87]
[87, 90]
[87, 106]
[58, 87]
[87, 186]
[65, 87]
[87, 164]
[87, 142]
[27, 148]
[66, 81]
[27, 66]
[66, 189]
[72, 175]
[15, 47]
[1, 21]
[30, 52]
[52, 67]
[27, 67]
[26, 88]
[88, 126]
[85, 129]
[121, 129]
[129, 172]
[72, 129]
[38, 129]
[129, 137]
[129, 162]
[111, 129]
[129, 158]
[129, 173]
[49, 72]
[21, 72]
[26, 72]
[30, 101]
[21, 188]
[103, 127]
[26, 127]
[21, 127]
[127, 171]
[21, 171]
[21, 35]
[26, 117]
[53, 117]
[117, 153]
[103, 117]
[117, 188]
[117, 127]
[15, 117]
[117, 171]
[23, 117]
[94, 117]
[33, 117]
[39, 117]
[23, 93]
[74, 93]
[35, 127]
[21, 23]
[21, 109]
[21, 69]
[23, 127]
[23, 109]
[109, 153]
[25, 85]
[15, 88]
[15, 22]
[22, 74]
[5, 74]
[5, 103]
[5, 153]
[5, 84]
[84, 103]
[5, 127]
[26, 69]
[69, 188]
[69, 103]
[69, 171]
[93, 103]
[22, 35]
[35, 93]
[22, 126]
[33, 85]
[27, 85]
[1, 85]
[28, 85]
[29, 85]
[85, 189]
[44, 85]
[85, 157]
[85, 188]
[85, 175]
[85, 114]
[85, 101]
[85, 153]
[15, 85]
[35, 85]
[85, 177]
[85, 87]
[85, 117]
[85, 93]
[5, 85]
[39, 85]
[22, 85]
[48, 85]
[85, 167]
[51, 85]
[60, 85]
[85, 104]
[85, 105]
[85, 119]
[70, 85]
[49, 85]
[85, 172]
[38, 85]
[85, 137]
[85, 100]
[85, 111]
[85, 173]
[19, 85]
[85, 181]
[85, 88]
[85, 92]
[73, 85]
[81, 85]
[36, 85]
[85, 122]
[37, 85]
[85, 147]
[40, 85]
[85, 152]
[11, 85]
[67, 85]
[41, 85]
[82, 85]
[85, 96]
[80, 85]
[85, 168]
[54, 85]
[85, 148]
[85, 144]
[85, 110]
[85, 145]
[85, 163]
[85, 136]
[45, 85]
[85, 179]
[85, 124]
[85, 97]
[34, 85]
[61, 85]
[12, 85]
[85, 187]
[85, 90]
[58, 85]
[65, 85]
[85, 164]
[85, 142]
[83, 154]
[27, 154]
[28, 154]
[64, 154]
[130, 154]
[20, 154]
[154, 157]
[154, 188]
[154, 175]
[114, 154]
[24, 154]
[153, 154]
[103, 154]
[127, 154]
[15, 154]
[35, 154]
[117, 154]
[69, 154]
[21, 154]
[98, 154]
[9, 154]
[48, 154]
[99, 154]
[71, 154]
[133, 154]
[134, 154]
[84, 154]
[60, 154]
[104, 154]
[107, 154]
[1, 22]
[13, 21]
[21, 94]
[13, 117]
[13, 103]
[70, 103]
[24, 70]
[9, 21]
[9, 35]
[5, 35]
[5, 15]
[109, 127]
[30, 71]
[23, 69]
[94, 188]
[2, 94]
[1, 94]
[160, 177]
[17, 160]
[103, 160]
[126, 160]
[1, 160]
[153, 160]
[15, 160]
[35, 160]
[129, 160]
[109, 160]
[21, 160]
[94, 160]
[154, 160]
[9, 160]
[112, 160]
[22, 160]
[104, 160]
[63, 160]
[76, 160]
[49, 160]
[121, 160]
[160, 173]
[13, 160]
[131, 160]
[143, 160]
[147, 160]
[107, 160]
[160, 162]
[10, 160]
[160, 180]
[133, 160]
[56, 160]
[160, 185]
[43, 160]
[42, 160]
[4, 160]
[108, 160]
[83, 160]
[14, 160]
[7, 160]
[37, 160]
[67, 160]
[96, 160]
[32, 160]
[84, 160]
[136, 160]
[65, 160]
[89, 160]
[120, 160]
[125, 160]
[160, 170]
[66, 160]
[19, 160]
[151, 160]
[59, 160]
[123, 160]
[116, 160]
[106, 160]
[40, 160]
[82, 160]
[33, 126]
[26, 33]
[33, 171]
[33, 109]
[21, 33]
[33, 94]
[94, 127]
[94, 153]
[25, 158]
[26, 95]
[24, 49]
[26, 94]
[22, 153]
[35, 94]
[94, 109]
[21, 98]
[26, 98]
[98, 171]
[53, 98]
[1, 98]
[98, 153]
[74, 98]
[69, 98]
[39, 47]
[47, 74]
[20, 47]
[47, 126]
[1, 47]
[47, 157]
[17, 47]
[47, 69]
[47, 103]
[47, 127]
[35, 47]
[47, 93]
[9, 47]
[22, 47]
[47, 105]
[98, 109]
[94, 98]
[30, 160]
[21, 112]
[53, 112]
[1, 112]
[112, 126]
[74, 112]
[112, 171]
[112, 188]
[109, 112]
[94, 112]
[6, 47]
[23, 137]
[98, 112]
[104, 171]
[104, 126]
[31, 126]
[27, 165]
[28, 165]
[165, 171]
[165, 189]
[44, 165]
[114, 165]
[23, 165]
[109, 165]
[21, 165]
[94, 165]
[117, 165]
[112, 165]
[104, 165]
[63, 165]
[20, 165]
[157, 165]
[69, 165]
[17, 165]
[15, 165]
[93, 165]
[9, 165]
[22, 165]
[47, 165]
[38, 165]
[100, 165]
[28, 172]
[27, 172]
[1, 172]
[172, 189]
[64, 172]
[44, 172]
[114, 172]
[153, 172]
[74, 172]
[172, 188]
[26, 172]
[109, 172]
[112, 172]
[104, 172]
[63, 172]
[76, 172]
[101, 172]
[39, 172]
[69, 172]
[103, 172]
[127, 172]
[35, 172]
[51, 172]
[5, 172]
[69, 76]
[1, 104]
[175, 183]
[104, 177]
[26, 68]
[27, 68]
[2, 68]
[24, 104]
[1, 88]
[63, 133]
[105, 133]
[70, 133]
[133, 173]
[133, 137]
[51, 133]
[91, 133]
[133, 145]
[52, 133]
[121, 133]
[119, 133]
[133, 147]
[133, 143]
[107, 133]
[133, 136]
[133, 170]
[66, 133]
[123, 133]
[36, 133]
[79, 133]
[110, 133]
[68, 133]
[122, 133]
[133, 179]
[34, 133]
[1, 34]
[2, 34]
[34, 189]
[34, 53]
[34, 64]
[34, 130]
[34, 44]
[34, 153]
[34, 74]
[34, 188]
[24, 34]
[34, 101]
[20, 34]
[26, 34]
[34, 174]
[34, 109]
[21, 34]
[34, 129]
[34, 127]
[17, 34]
[34, 76]
[34, 94]
[5, 34]
[34, 93]
[22, 34]
[34, 49]
[34, 71]
[34, 162]
[34, 47]
[34, 38]
[34, 111]
[34, 165]
[34, 100]
[34, 63]
[10, 34]
[34, 84]
[16, 34]
[34, 50]
[34, 67]
[34, 59]
[34, 180]
[34, 105]
[34, 173]
[34, 91]
[34, 145]
[34, 154]
[34, 52]
[34, 119]
[34, 147]
[34, 160]
[34, 46]
[34, 170]
[34, 66]
[34, 79]
[34, 110]
[34, 122]
[1, 122]
[2, 122]
[29, 122]
[122, 189]
[53, 122]
[122, 126]
[122, 130]
[44, 122]
[23, 122]
[122, 175]
[101, 122]
[122, 157]
[26, 122]
[122, 174]
[109, 122]
[21, 122]
[117, 122]
[122, 129]
[122, 127]
[35, 122]
[17, 122]
[98, 122]
[94, 122]
[15, 122]
[69, 122]
[93, 122]
[122, 172]
[48, 122]
[13, 122]
[49, 122]
[71, 122]
[122, 162]
[38, 122]
[122, 165]
[99, 122]
[122, 138]
[122, 132]
[100, 122]
[63, 122]
[10, 122]
[56, 122]
[84, 122]
[19, 122]
[83, 122]
[67, 122]
[59, 122]
[122, 180]
[80, 122]
[122, 135]
[122, 134]
[105, 122]
[51, 122]
[122, 154]
[121, 122]
[122, 147]
[122, 143]
[122, 170]
[66, 122]
[122, 123]
[1, 123]
[2, 123]
[53, 123]
[74, 123]
[123, 188]
[101, 123]
[123, 171]
[123, 157]
[26, 123]
[103, 123]
[123, 127]
[98, 123]
[33, 123]
[93, 123]
[9, 123]
[22, 123]
[48, 123]
[72, 123]
[13, 123]
[49, 123]
[123, 162]
[111, 123]
[123, 132]
[63, 123]
[50, 123]
[59, 123]
[123, 135]
[123, 134]
[105, 123]
[70, 123]
[123, 137]
[91, 123]
[123, 154]
[52, 123]
[121, 123]
[107, 123]
[46, 123]
[123, 136]
[36, 123]
[123, 185]
[42, 123]
[123, 128]
[123, 181]
[123, 169]
[123, 186]
[92, 123]
[45, 123]
[89, 123]
[123, 149]
[123, 151]
[115, 123]
[116, 123]
[123, 141]
[88, 123]
[40, 123]
[82, 123]
[123, 124]
[123, 187]
[90, 123]
[58, 123]
[2, 58]
[53, 58]
[58, 126]
[58, 74]
[58, 188]
[58, 177]
[58, 175]
[20, 58]
[26, 58]
[58, 174]
[58, 117]
[58, 103]
[33, 58]
[58, 104]
[58, 76]
[58, 112]
[5, 58]
[58, 93]
[9, 58]
[22, 58]
[48, 58]
[58, 72]
[13, 58]
[58, 167]
[58, 162]
[47, 58]
[58, 165]
[58, 99]
[58, 60]
[58, 159]
[58, 158]
[58, 132]
[58, 63]
[10, 58]
[58, 84]
[16, 58]
[19, 58]
[32, 58]
[58, 134]
[58, 70]
[58, 145]
[58, 154]
[52, 58]
[58, 121]
[58, 147]
[58, 180]
[58, 80]
[58, 143]
[58, 107]
[58, 136]
[58, 170]
[58, 133]
[58, 185]
[43, 58]
[42, 58]
[58, 128]
[14, 58]
[58, 169]
[58, 73]
[58, 81]
[58, 96]
[58, 65]
[58, 142]
[58, 125]
[58, 166]
[58, 115]
[58, 106]
[40, 58]
[11, 58]
[58, 82]
[58, 124]
[58, 90]
[53, 90]
[64, 90]
[90, 130]
[25, 90]
[74, 90]
[23, 90]
[90, 188]
[90, 177]
[24, 90]
[20, 90]
[90, 157]
[26, 90]
[21, 90]
[90, 117]
[90, 103]
[90, 127]
[17, 90]
[90, 98]
[33, 90]
[90, 104]
[15, 90]
[90, 112]
[5, 90]
[90, 93]
[90, 172]
[22, 90]
[48, 90]
[72, 90]
[49, 90]
[90, 167]
[47, 90]
[38, 90]
[60, 90]
[90, 138]
[90, 163]
[90, 100]
[10, 90]
[56, 90]
[50, 90]
[67, 90]
[90, 105]
[90, 173]
[51, 90]
[90, 91]
[90, 145]
[90, 119]
[80, 90]
[90, 135]
[90, 107]
[66, 90]
[36, 90]
[90, 133]
[90, 185]
[43, 90]
[4, 90]
[90, 128]
[14, 90]
[90, 169]
[90, 186]
[90, 92]
[37, 90]
[90, 96]
[65, 90]
[89, 90]
[90, 184]
[90, 125]
[90, 151]
[90, 106]
[11, 90]
[82, 90]
[90, 124]
[1, 124]
[2, 124]
[28, 124]
[29, 124]
[53, 124]
[64, 124]
[124, 130]
[44, 124]
[25, 124]
[74, 124]
[124, 177]
[24, 124]
[101, 124]
[20, 124]
[124, 171]
[124, 157]
[26, 124]
[21, 124]
[117, 124]
[124, 129]
[98, 124]
[104, 124]
[94, 124]
[112, 124]
[5, 124]
[69, 124]
[93, 124]
[39, 124]
[124, 172]
[9, 124]
[22, 124]
[13, 124]
[49, 124]
[47, 124]
[111, 124]
[124, 165]
[124, 132]
[100, 124]
[56, 124]
[84, 124]
[67, 124]
[32, 124]
[124, 134]
[124, 137]
[91, 124]
[124, 154]
[52, 124]
[121, 124]
[119, 124]
[124, 143]
[107, 124]
[124, 136]
[124, 170]
[36, 124]
[43, 124]
[42, 124]
[108, 124]
[124, 128]
[14, 124]
[124, 169]
[7, 124]
[81, 124]
[124, 152]
[41, 124]
[96, 124]
[45, 124]
[65, 124]
[120, 124]
[124, 184]
[124, 149]
[124, 151]
[124, 141]
[106, 124]
[11, 124]
[11, 126]
[11, 153]
[11, 74]
[11, 23]
[11, 188]
[11, 177]
[11, 24]
[11, 20]
[11, 171]
[11, 26]
[11, 109]
[11, 21]
[11, 117]
[11, 35]
[11, 17]
[11, 33]
[11, 104]
[11, 76]
[11, 94]
[11, 15]
[11, 112]
[5, 11]
[11, 69]
[11, 39]
[11, 48]
[11, 13]
[11, 49]
[11, 162]
[11, 47]
[11, 111]
[11, 165]
[11, 60]
[11, 138]
[11, 158]
[11, 132]
[11, 163]
[11, 100]
[11, 131]
[11, 56]
[11, 84]
[11, 16]
[11, 67]
[11, 59]
[11, 105]
[11, 70]
[11, 137]
[11, 145]
[11, 154]
[11, 52]
[11, 121]
[11, 135]
[11, 143]
[11, 136]
[11, 170]
[11, 36]
[11, 185]
[11, 42]
[11, 73]
[11, 81]
[11, 41]
[11, 96]
[11, 45]
[11, 12]
[11, 89]
[11, 120]
[11, 184]
[11, 125]
[11, 115]
[11, 116]
[11, 88]
[88, 171]
[88, 174]
[88, 109]
[21, 88]
[88, 117]
[88, 94]
[88, 112]
[39, 88]
[5, 88]
[32, 88]
[88, 134]
[88, 93]
[47, 88]
[38, 88]
[88, 111]
[88, 165]
[88, 99]
[60, 88]
[88, 159]
[88, 158]
[88, 131]
[10, 88]
[50, 88]
[83, 88]
[67, 88]
[59, 88]
[88, 137]
[51, 88]
[88, 91]
[88, 145]
[88, 154]
[88, 121]
[88, 119]
[88, 147]
[80, 88]
[88, 135]
[88, 143]
[88, 107]
[36, 88]
[88, 185]
[42, 88]
[88, 92]
[73, 88]
[37, 88]
[88, 96]
[45, 88]
[88, 142]
[88, 120]
[88, 151]
[40, 88]
[88, 187]
[88, 176]
[88, 146]
[75, 88]
[6, 88]
[88, 164]
[18, 88]
[88, 178]
[88, 140]
[88, 113]
[78, 88]
[88, 125]
[88, 149]
[88, 166]
[88, 116]
[88, 141]
[27, 141]
[2, 141]
[28, 141]
[29, 141]
[141, 189]
[53, 141]
[44, 141]
[74, 141]
[141, 188]
[141, 175]
[141, 157]
[129, 141]
[103, 141]
[35, 141]
[98, 141]
[33, 141]
[114, 141]
[69, 141]
[141, 177]
[9, 141]
[104, 141]
[26, 141]
[109, 141]
[21, 141]
[16, 141]
[141, 172]
[22, 141]
[72, 141]
[141, 167]
[141, 162]
[132, 141]
[84, 141]
[17, 141]
[105, 141]
[141, 173]
[52, 141]
[141, 180]
[94, 141]
[112, 141]
[39, 141]
[46, 141]
[43, 141]
[108, 141]
[128, 141]
[141, 169]
[49, 141]
[141, 174]
[81, 141]
[41, 141]
[12, 141]
[65, 141]
[89, 141]
[141, 163]
[141, 170]
[133, 141]
[99, 141]
[141, 158]
[10, 141]
[137, 141]
[141, 154]
[121, 141]
[119, 141]
[80, 141]
[135, 141]
[141, 143]
[111, 141]
[141, 185]
[42, 141]
[59, 141]
[141, 159]
[131, 141]
[37, 141]
[96, 141]
[45, 141]
[141, 151]
[82, 141]
[118, 141]
[141, 181]
[141, 187]
[92, 141]
[36, 141]
[141, 149]
[141, 146]
[6, 141]
[18, 141]
[78, 141]
[27, 78]
[28, 78]
[44, 78]
[78, 153]
[78, 188]
[78, 175]
[24, 78]
[20, 78]
[78, 129]
[78, 103]
[78, 127]
[35, 78]
[33, 78]
[9, 78]
[13, 78]
[71, 78]
[78, 171]
[26, 78]
[16, 78]
[78, 172]
[48, 78]
[72, 78]
[78, 167]
[78, 162]
[78, 132]
[78, 100]
[63, 78]
[56, 78]
[78, 84]
[17, 78]
[78, 105]
[70, 78]
[78, 173]
[15, 78]
[78, 112]
[39, 78]
[43, 78]
[4, 78]
[78, 108]
[49, 78]
[78, 174]
[32, 78]
[78, 93]
[78, 81]
[65, 78]
[78, 89]
[11, 78]
[78, 124]
[78, 170]
[66, 78]
[78, 133]
[78, 115]
[78, 136]
[78, 165]
[10, 78]
[50, 78]
[78, 83]
[78, 137]
[51, 78]
[78, 145]
[78, 154]
[78, 121]
[78, 119]
[78, 135]
[78, 143]
[78, 107]
[78, 185]
[78, 90]
[59, 78]
[67, 78]
[37, 78]
[78, 96]
[45, 78]
[40, 78]
[78, 92]
[73, 78]
[0, 78]
[78, 139]
[78, 148]
[78, 156]
[78, 123]
[78, 125]
[6, 78]
[78, 140]
[78, 113]
[1, 113]
[29, 113]
[113, 126]
[64, 113]
[113, 153]
[23, 113]
[87, 113]
[101, 113]
[20, 113]
[113, 157]
[113, 129]
[98, 113]
[33, 113]
[113, 177]
[71, 113]
[21, 113]
[113, 172]
[48, 113]
[72, 113]
[113, 162]
[113, 138]
[113, 132]
[63, 113]
[56, 113]
[84, 113]
[17, 113]
[113, 180]
[94, 113]
[112, 113]
[39, 113]
[14, 113]
[113, 169]
[7, 113]
[49, 113]
[113, 134]
[81, 113]
[113, 152]
[41, 113]
[89, 113]
[113, 124]
[113, 163]
[113, 170]
[113, 115]
[106, 113]
[113, 136]
[113, 165]
[60, 113]
[10, 113]
[83, 113]
[113, 154]
[113, 121]
[113, 135]
[113, 143]
[42, 113]
[47, 113]
[59, 113]
[113, 159]
[113, 131]
[113, 120]
[113, 151]
[40, 113]
[113, 160]
[113, 187]
[95, 113]
[113, 156]
[57, 113]
[113, 123]
[113, 149]
[113, 166]
[113, 176]
[113, 146]
[18, 113]
[18, 53]
[18, 64]
[18, 44]
[18, 74]
[18, 24]
[18, 87]
[18, 101]
[18, 20]
[18, 103]
[18, 177]
[18, 71]
[18, 117]
[16, 18]
[18, 22]
[18, 72]
[18, 100]
[18, 63]
[17, 18]
[18, 173]
[18, 94]
[18, 39]
[18, 46]
[18, 43]
[4, 18]
[14, 18]
[7, 18]
[18, 184]
[18, 49]
[18, 174]
[18, 152]
[11, 18]
[18, 170]
[18, 66]
[18, 133]
[18, 136]
[18, 60]
[10, 18]
[18, 83]
[18, 51]
[18, 145]
[18, 121]
[18, 147]
[18, 80]
[18, 143]
[18, 111]
[18, 107]
[18, 185]
[18, 90]
[18, 59]
[18, 159]
[18, 37]
[18, 96]
[18, 142]
[18, 40]
[18, 82]
[18, 160]
[18, 187]
[18, 73]
[18, 36]
[18, 77]
[18, 118]
[18, 139]
[18, 148]
[18, 57]
[18, 123]
[18, 125]
[18, 149]
[18, 166]
[18, 116]
[18, 176]
[18, 75]
[28, 75]
[29, 75]
[75, 126]
[75, 130]
[23, 75]
[75, 188]
[75, 175]
[75, 157]
[75, 129]
[33, 75]
[13, 75]
[75, 104]
[75, 109]
[21, 75]
[19, 75]
[48, 75]
[75, 162]
[75, 138]
[75, 132]
[75, 84]
[75, 105]
[70, 75]
[52, 75]
[75, 180]
[15, 75]
[75, 108]
[75, 128]
[75, 81]
[12, 75]
[75, 89]
[75, 115]
[75, 165]
[75, 99]
[50, 75]
[75, 137]
[75, 91]
[75, 135]
[38, 75]
[69, 75]
[75, 131]
[45, 75]
[75, 151]
[75, 144]
[0, 75]
[75, 146]
[75, 93]
[44, 75]
[75, 101]
[20, 75]
[75, 103]
[71, 75]
[16, 75]
[22, 75]
[75, 173]
[75, 94]
[43, 75]
[11, 75]
[75, 136]
[75, 111]
[75, 185]
[75, 79]
[75, 110]
[34, 75]
[75, 168]
[37, 75]
[75, 96]
[75, 82]
[73, 75]
[75, 77]
[75, 118]
[75, 148]
[75, 149]
[75, 166]
[75, 116]
[75, 90]
[75, 176]
[75, 142]
[75, 187]
[75, 140]
[75, 122]
[75, 179]
[75, 183]
[75, 155]
[75, 182]
[8, 75]
[3, 75]
[3, 189]
[3, 126]
[3, 153]
[3, 188]
[3, 175]
[3, 157]
[3, 129]
[3, 35]
[3, 13]
[3, 104]
[3, 76]
[3, 21]
[3, 162]
[3, 84]
[3, 15]
[3, 81]
[3, 124]
[3, 163]
[3, 137]
[3, 91]
[3, 154]
[3, 135]
[3, 42]
[3, 69]
[3, 131]
[3, 67]
[3, 181]
[3, 92]
[3, 186]
[3, 85]
[3, 12]
[3, 89]
[3, 106]
[3, 146]
[3, 58]
[3, 95]
[3, 53]
[3, 44]
[3, 101]
[3, 20]
[3, 6]
[3, 164]
[3, 167]
[3, 71]
[3, 117]
[3, 16]
[3, 22]
[3, 72]
[3, 173]
[3, 46]
[3, 14]
[3, 49]
[3, 174]
[3, 152]
[3, 11]
[3, 170]
[3, 66]
[3, 136]
[3, 60]
[3, 83]
[3, 51]
[3, 107]
[3, 87]
[3, 141]
[3, 36]
[3, 139]
[3, 123]
[3, 125]
[3, 54]
[3, 97]
[3, 57]
[3, 37]
[3, 73]
[3, 118]
[3, 148]
[3, 102]
[3, 166]
[3, 116]
[3, 176]
[3, 168]
[3, 178]
[3, 140]
[3, 179]
[3, 183]
[3, 155]
[3, 8]
[2, 8]
[8, 189]
[8, 25]
[8, 153]
[8, 35]
[8, 98]
[8, 9]
[8, 13]
[8, 76]
[8, 109]
[8, 21]
[8, 172]
[8, 162]
[8, 132]
[8, 70]
[8, 112]
[8, 128]
[8, 32]
[8, 134]
[8, 41]
[8, 165]
[8, 99]
[8, 158]
[8, 50]
[8, 137]
[8, 91]
[8, 135]
[8, 47]
[8, 38]
[8, 69]
[8, 151]
[8, 181]
[8, 92]
[8, 144]
[8, 106]
[8, 146]
[8, 58]
[0, 8]
[8, 95]
[8, 156]
[8, 44]
[8, 74]
[8, 24]
[8, 101]
[8, 20]
[8, 103]
[8, 164]
[8, 167]
[8, 177]
[8, 71]
[8, 100]
[8, 94]
[8, 46]
[8, 43]
[4, 8]
[8, 14]
[8, 49]
[8, 174]
[8, 11]
[8, 66]
[8, 133]
[8, 136]
[8, 60]
[8, 10]
[8, 83]
[8, 51]
[8, 145]
[8, 121]
[8, 147]
[8, 143]
[8, 111]
[8, 107]
[8, 185]
[8, 59]
[8, 159]
[8, 87]
[8, 40]
[8, 36]
[8, 139]
[7, 8]
[8, 125]
[8, 79]
[8, 110]
[8, 97]
[8, 37]
[8, 82]
[8, 118]
[8, 55]
[8, 102]
[8, 149]
[8, 166]
[8, 90]
[8, 168]
[8, 179]
[8, 182]
[2, 182]
[28, 182]
[29, 182]
[182, 189]
[126, 182]
[130, 182]
[25, 182]
[23, 182]
[182, 188]
[175, 182]
[157, 182]
[129, 182]
[98, 182]
[9, 182]
[172, 182]
[48, 182]
[162, 182]
[132, 182]
[84, 182]
[105, 182]
[52, 182]
[180, 182]
[15, 182]
[5, 182]
[32, 182]
[81, 182]
[41, 182]
[163, 182]
[165, 182]
[99, 182]
[158, 182]
[91, 182]
[119, 182]
[135, 182]
[38, 182]
[69, 182]
[131, 182]
[67, 182]
[45, 182]
[151, 182]
[181, 182]
[127, 182]
[182, 186]
[89, 182]
[106, 182]
[146, 182]
[58, 182]
[120, 182]
[74, 182]
[20, 182]
[103, 182]
[6, 182]
[177, 182]
[71, 182]
[117, 182]
[22, 182]
[72, 182]
[17, 182]
[173, 182]
[39, 182]
[46, 182]
[43, 182]
[4, 182]
[14, 182]
[152, 182]
[11, 182]
[170, 182]
[136, 182]
[51, 182]
[145, 182]
[147, 182]
[80, 182]
[159, 182]
[40, 182]
[68, 182]
[31, 182]
[54, 182]
[96, 182]
[82, 182]
[55, 182]
[149, 182]
[116, 182]
[176, 182]
[7, 182]
[168, 182]
[88, 182]
[113, 182]
[57, 182]
[122, 182]
[179, 182]
[155, 182]
[90, 182]
[30, 182]
[61, 182]
[182, 187]
[140, 182]
[1, 140]
[27, 140]
[2, 140]
[29, 140]
[126, 140]
[140, 153]
[23, 140]
[140, 188]
[140, 157]
[98, 140]
[33, 140]
[114, 140]
[9, 140]
[104, 140]
[109, 140]
[21, 140]
[19, 140]
[140, 172]
[140, 162]
[138, 140]
[70, 140]
[15, 140]
[112, 140]
[108, 140]
[140, 169]
[5, 140]
[134, 140]
[124, 140]
[140, 163]
[115, 140]
[99, 140]
[50, 140]
[137, 140]
[140, 154]
[119, 140]
[135, 140]
[42, 140]
[38, 140]
[69, 140]
[127, 140]
[140, 144]
[140, 146]
[44, 140]
[74, 140]
[24, 140]
[101, 140]
[140, 167]
[140, 177]
[71, 140]
[117, 140]
[72, 140]
[63, 140]
[17, 140]
[140, 173]
[43, 140]
[140, 184]
[49, 140]
[140, 174]
[140, 152]
[140, 170]
[133, 140]
[60, 140]
[10, 140]
[83, 140]
[140, 145]
[107, 140]
[85, 140]
[12, 140]
[59, 140]
[140, 160]
[123, 140]
[95, 140]
[140, 156]
[34, 140]
[31, 140]
[140, 150]
[37, 140]
[96, 140]
[82, 140]
[87, 140]
[118, 140]
[140, 148]
[55, 140]
[140, 166]
[116, 140]
[140, 176]
[57, 140]
[18, 140]
[140, 178]
[140, 183]
[30, 140]
[61, 140]
[1, 61]
[2, 61]
[28, 61]
[61, 130]
[61, 153]
[23, 61]
[61, 188]
[61, 175]
[61, 157]
[61, 129]
[61, 98]
[33, 61]
[9, 61]
[13, 61]
[61, 171]
[61, 109]
[21, 61]
[61, 162]
[61, 132]
[56, 61]
[61, 180]
[61, 112]
[61, 169]
[5, 61]
[61, 81]
[41, 61]
[61, 124]
[61, 163]
[61, 99]
[61, 158]
[50, 61]
[61, 154]
[61, 119]
[42, 61]
[61, 131]
[61, 67]
[45, 61]
[61, 181]
[61, 144]
[61, 93]
[53, 61]
[61, 64]
[44, 61]
[61, 74]
[61, 101]
[61, 103]
[61, 71]
[61, 117]
[22, 61]
[61, 100]
[61, 63]
[17, 61]
[61, 173]
[61, 184]
[49, 61]
[61, 152]
[61, 133]
[10, 61]
[61, 83]
[61, 121]
[61, 143]
[61, 65]
[61, 89]
[59, 61]
[61, 159]
[40, 61]
[36, 61]
[61, 120]
[61, 139]
[61, 123]
[61, 95]
[61, 73]
[61, 77]
[61, 148]
[61, 149]
[61, 166]
[61, 176]
[7, 61]
[61, 79]
[61, 68]
[54, 61]
[61, 75]
[61, 168]
[61, 88]
[61, 179]
[57, 61]
[30, 61]
[18, 61]
[61, 178]
[61, 102]
[1, 102]
[102, 126]
[23, 102]
[102, 188]
[102, 129]
[9, 102]
[102, 171]
[76, 102]
[26, 102]
[19, 102]
[102, 172]
[102, 138]
[52, 102]
[102, 108]
[102, 169]
[5, 102]
[102, 134]
[41, 102]
[102, 163]
[102, 165]
[102, 137]
[91, 102]
[102, 154]
[102, 135]
[47, 102]
[38, 102]
[67, 102]
[45, 102]
[102, 151]
[102, 181]
[102, 127]
[92, 102]
[102, 146]
[78, 102]
[93, 102]
[64, 102]
[44, 102]
[101, 102]
[102, 103]
[71, 102]
[22, 102]
[72, 102]
[100, 102]
[63, 102]
[39, 102]
[43, 102]
[14, 102]
[102, 152]
[11, 102]
[102, 170]
[66, 102]
[60, 102]
[10, 102]
[51, 102]
[102, 145]
[102, 121]
[102, 147]
[102, 143]
[102, 111]
[102, 125]
[37, 102]
[96, 102]
[82, 102]
[102, 116]
[102, 141]
[85, 102]
[31, 102]
[102, 150]
[0, 102]
[102, 164]
[55, 102]
[102, 187]
[59, 102]
[102, 122]
[102, 183]
[102, 155]
[40, 102]
[90, 102]
[102, 142]
[102, 139]
[102, 123]
[73, 102]
[77, 102]
[102, 166]
[87, 102]
[7, 102]
[79, 102]
[30, 102]
[102, 178]
[1, 178]
[27, 178]
[178, 189]
[126, 178]
[130, 178]
[25, 178]
[23, 178]
[98, 178]
[114, 178]
[104, 178]
[76, 178]
[19, 178]
[48, 178]
[162, 178]
[138, 178]
[132, 178]
[108, 178]
[169, 178]
[32, 178]
[81, 178]
[41, 178]
[124, 178]
[165, 178]
[158, 178]
[50, 178]
[91, 178]
[119, 178]
[135, 178]
[69, 178]
[131, 178]
[67, 178]
[45, 178]
[151, 178]
[92, 178]
[144, 178]
[93, 178]
[53, 178]
[44, 178]
[24, 178]
[101, 178]
[20, 178]
[177, 178]
[71, 178]
[117, 178]
[16, 178]
[63, 178]
[17, 178]
[39, 178]
[4, 178]
[178, 184]
[49, 178]
[174, 178]
[152, 178]
[66, 178]
[60, 178]
[10, 178]
[51, 178]
[145, 178]
[147, 178]
[80, 178]
[143, 178]
[111, 178]
[82, 178]
[118, 178]
[116, 178]
[178, 186]
[106, 178]
[150, 178]
[156, 178]
[6, 178]
[55, 178]
[178, 183]
[90, 178]
[142, 178]
[89, 178]
[139, 178]
[73, 178]
[87, 178]
[79, 178]
[68, 178]
[54, 178]
[30, 178]
[18, 178]
[18, 55]
[18, 122]
[18, 183]
[18, 155]
[18, 179]
[18, 62]
[18, 30]
[19, 30]
[30, 56]
[30, 84]
[30, 108]
[30, 128]
[30, 88]
[13, 47]
[13, 153]
[13, 171]
[13, 33]
[13, 127]
[13, 158]
[35, 98]
[39, 98]
[98, 127]
[71, 172]
[5, 94]
[30, 181]
[22, 94]
[22, 127]
[22, 109]
[26, 82]
[63, 127]
[154, 165]
[13, 165]
[5, 104]
[1, 79]
[2, 79]
[50, 79]
[79, 153]
[28, 79]
[25, 79]
[79, 188]
[129, 151]
[151, 157]
[44, 79]
[50, 76]
[50, 157]
[21, 50]
[2, 50]
[47, 50]
[50, 126]
[50, 177]
[24, 50]
[50, 117]
[50, 103]
[15, 50]
[50, 93]
[50, 154]
[50, 104]
[50, 105]
[50, 51]
[50, 159]
[10, 50]
[50, 170]
[50, 100]
[36, 50]
[39, 50]
[50, 162]
[50, 83]
[48, 50]
[50, 184]
[50, 121]
[50, 56]
[30, 50]
[49, 50]
[50, 72]
[50, 158]
[50, 54]
[50, 97]
[16, 50]
[50, 119]
[50, 180]
[50, 131]
[50, 135]
[50, 84]
[50, 73]
[50, 81]
[50, 148]
[50, 128]
[43, 50]
[84, 188]
[93, 104]
[98, 104]
[82, 185]
[82, 109]
[23, 82]
[17, 82]
[24, 82]
[25, 82]
[2, 82]
[64, 82]
[82, 189]
[5, 82]
[82, 114]
[82, 130]
[33, 82]
[82, 129]
[82, 172]
[82, 126]
[29, 82]
[53, 82]
[82, 175]
[82, 103]
[15, 82]
[11, 82]
[82, 174]
[82, 104]
[60, 82]
[82, 159]
[9, 82]
[82, 98]
[69, 82]
[82, 83]
[82, 184]
[82, 121]
[56, 82]
[30, 82]
[82, 110]
[82, 134]
[72, 82]
[82, 96]
[82, 158]
[82, 146]
[82, 142]
[82, 154]
[46, 82]
[82, 107]
[82, 105]
[22, 82]
[66, 82]
[82, 137]
[82, 91]
[36, 82]
[39, 82]
[19, 82]
[82, 167]
[82, 99]
[80, 82]
[82, 112]
[82, 165]
[59, 82]
[54, 82]
[82, 97]
[82, 131]
[82, 84]
[81, 82]
[26, 32]
[21, 32]
[104, 117]
[4, 5]
[4, 21]
[34, 90]
[15, 104]
[15, 70]
[20, 70]
[17, 70]
[33, 104]
[94, 104]
[70, 94]
[44, 70]
[70, 189]
[11, 30]
[10, 26]
[10, 21]
[70, 177]
[70, 153]
[30, 75]
[70, 172]
[3, 61]
[26, 187]
[70, 109]
[53, 70]
[30, 141]
[35, 70]
[70, 117]
[33, 70]
[60, 70]
[60, 175]
[20, 60]
[4, 23]
[23, 60]
[21, 60]
[2, 60]
[26, 60]
[47, 60]
[60, 172]
[60, 109]
[60, 103]
[33, 60]
[10, 48]
[30, 113]
[13, 70]
[60, 171]
[60, 94]
[38, 154]
[29, 38]
[24, 38]
[38, 47]
[38, 189]
[38, 44]
[38, 153]
[38, 101]
[38, 172]
[23, 38]
[20, 38]
[38, 53]
[38, 109]
[35, 38]
[38, 103]
[33, 38]
[38, 69]
[15, 38]
[38, 70]
[26, 159]
[159, 177]
[153, 159]
[53, 159]
[33, 159]
[154, 159]
[159, 171]
[60, 159]
[1, 10]
[10, 177]
[10, 157]
[10, 35]
[10, 174]
[10, 103]
[10, 69]
[10, 154]
[10, 104]
[10, 94]
[10, 70]
[10, 60]
[10, 38]
[10, 159]
[9, 33]
[9, 153]
[9, 188]
[34, 88]
[9, 117]
[9, 172]
[9, 103]
[9, 15]
[23, 67]
[21, 67]
[44, 67]
[25, 67]
[64, 67]
[31, 33]
[31, 177]
[35, 67]
[67, 114]
[67, 130]
[67, 157]
[30, 133]
[5, 70]
[5, 60]
[5, 67]
[5, 163]
[126, 159]
[60, 93]
[23, 66]
[47, 66]
[67, 172]
[67, 74]
[3, 30]
[28, 83]
[2, 83]
[67, 126]
[67, 101]
[67, 175]
[22, 37]
[67, 117]
[78, 122]
[78, 110]
[54, 78]
[30, 78]
[78, 97]
[78, 155]
[55, 78]
[28, 111]
[1, 111]
[64, 111]
[27, 111]
[20, 111]
[17, 111]
[111, 153]
[29, 111]
[109, 111]
[15, 111]
[104, 111]
[111, 172]
[111, 154]
[111, 130]
[111, 157]
[5, 111]
[67, 111]
[101, 111]
[53, 111]
[111, 175]
[74, 111]
[69, 111]
[70, 111]
[60, 111]
[93, 111]
[111, 127]
[10, 111]
[76, 111]
[53, 67]
[22, 67]
[67, 103]
[67, 69]
[67, 171]
[67, 70]
[67, 159]
[67, 93]
[23, 163]
[26, 163]
[44, 163]
[1, 163]
[24, 163]
[17, 163]
[163, 188]
[29, 163]
[33, 163]
[15, 163]
[104, 163]
[154, 163]
[130, 163]
[67, 163]
[126, 163]
[117, 163]
[70, 163]
[67, 127]
[70, 127]
[5, 10]
[10, 126]
[10, 93]
[38, 127]
[5, 38]
[38, 93]
[69, 84]
[23, 84]
[60, 67]
[94, 163]
[88, 122]
[113, 122]
[10, 163]
[76, 104]
[76, 177]
[76, 157]
[74, 76]
[21, 31]
[76, 171]
[70, 76]
[35, 76]
[76, 126]
[76, 93]
[76, 94]
[5, 76]
[76, 127]
[9, 126]
[9, 94]
[103, 173]
[24, 173]
[23, 173]
[44, 173]
[28, 173]
[25, 173]
[29, 173]
[64, 173]
[27, 173]
[20, 173]
[109, 173]
[104, 173]
[50, 173]
[130, 173]
[114, 173]
[101, 173]
[74, 173]
[53, 173]
[15, 173]
[154, 173]
[171, 173]
[82, 173]
[173, 175]
[159, 173]
[9, 163]
[9, 76]
[60, 98]
[19, 104]
[98, 163]
[89, 153]
[27, 89]
[38, 98]
[26, 48]
[2, 32]
[23, 32]
[30, 58]
[32, 70]
[32, 109]
[32, 53]
[32, 172]
[32, 171]
[32, 104]
[101, 136]
[1, 136]
[9, 32]
[1, 139]
[9, 100]
[32, 159]
[32, 127]
[32, 94]
[32, 60]
[127, 134]
[69, 134]
[53, 134]
[26, 134]
[23, 134]
[17, 187]
[134, 188]
[11, 34]
[109, 134]
[74, 134]
[96, 129]
[28, 96]
[25, 96]
[96, 175]
[36, 69]
[36, 175]
[15, 134]
[15, 187]
[101, 187]
[174, 187]
[24, 187]
[2, 187]
[133, 187]
[157, 187]
[74, 187]
[33, 187]
[11, 187]
[70, 187]
[126, 187]
[93, 187]
[94, 187]
[165, 187]
[60, 187]
[163, 187]
[38, 187]
[67, 187]
[76, 187]
[32, 187]
[134, 187]
[152, 187]
[167, 187]
[37, 187]
[49, 187]
[170, 187]
[111, 187]
[99, 187]
[66, 187]
[115, 187]
[176, 187]
[54, 187]
[30, 187]
[146, 187]
[128, 187]
[12, 187]
[95, 187]
[148, 187]
[96, 187]
[22, 187]
[124, 187]
[145, 187]
[158, 187]
[46, 187]
[138, 187]
[72, 187]
[108, 187]
[147, 187]
[14, 187]
[169, 187]
[107, 187]
[173, 187]
[56, 187]
[135, 187]
[42, 187]
[84, 187]
[16, 187]
[81, 187]
[57, 187]
[52, 187]
[132, 187]
[7, 187]
[186, 187]
[156, 187]
[6, 187]
[166, 187]
[97, 187]
[122, 187]
[136, 187]
[106, 187]
[149, 187]
[183, 187]
[59, 187]
[150, 187]
[68, 187]
[134, 172]
[19, 154]
[104, 134]
[33, 121]
[70, 134]
[28, 31]
[103, 134]
[93, 134]
[25, 31]
[2, 31]
[31, 189]
[31, 160]
[17, 31]
[31, 130]
[31, 157]
[31, 53]
[31, 117]
[31, 175]
[31, 103]
[31, 171]
[31, 90]
[31, 50]
[15, 31]
[31, 70]
[31, 154]
[31, 127]
[31, 94]
[31, 165]
[31, 60]
[10, 31]
[9, 31]
[31, 98]
[31, 32]
[31, 91]
[31, 164]
[31, 71]
[31, 105]
[31, 39]
[31, 137]
[31, 162]
[31, 89]
[31, 185]
[31, 100]
[31, 63]
[31, 121]
[13, 31]
[0, 31]
[4, 31]
[31, 43]
[31, 119]
[31, 139]
[31, 92]
[31, 73]
[31, 36]
[31, 79]
[19, 159]
[19, 76]
[76, 134]
[28, 80]
[1, 80]
[103, 112]
[5, 112]
[112, 159]
[112, 134]
[80, 112]
[112, 184]
[40, 112]
[76, 80]
[41, 53]
[41, 188]
[17, 41]
[41, 177]
[1, 41]
[41, 153]
[41, 109]
[41, 174]
[41, 157]
[41, 74]
[41, 172]
[41, 117]
[41, 159]
[41, 134]
[19, 41]
[40, 41]
[41, 142]
[41, 77]
[41, 144]
[80, 177]
[25, 80]
[64, 80]
[80, 189]
[20, 80]
[4, 19]
[23, 80]
[80, 188]
[80, 153]
[80, 109]
[76, 173]
[20, 45]
[80, 173]
[112, 173]
[142, 173]
[83, 173]
[173, 180]
[41, 173]
[118, 173]
[151, 173]
[173, 179]
[152, 173]
[37, 173]
[163, 173]
[94, 173]
[165, 173]
[60, 173]
[98, 173]
[91, 173]
[164, 173]
[71, 173]
[39, 173]
[100, 173]
[121, 173]
[13, 173]
[4, 173]
[139, 173]
[79, 173]
[116, 173]
[125, 173]
[155, 173]
[111, 173]
[138, 173]
[147, 173]
[169, 173]
[42, 173]
[115, 173]
[132, 173]
[22, 173]
[46, 173]
[107, 173]
[120, 173]
[65, 173]
[16, 173]
[95, 173]
[148, 173]
[56, 173]
[57, 173]
[156, 173]
[81, 173]
[97, 173]
[136, 173]
[149, 173]
[173, 183]
[150, 173]
[161, 173]
[146, 173]
[2, 45]
[1, 45]
[45, 64]
[45, 189]
[21, 45]
[45, 177]
[45, 129]
[24, 45]
[45, 153]
[29, 45]
[45, 74]
[45, 53]
[45, 172]
[45, 117]
[45, 104]
[45, 103]
[45, 47]
[5, 45]
[45, 134]
[45, 184]
[45, 67]
[45, 70]
[9, 45]
[45, 137]
[45, 89]
[45, 63]
[43, 45]
[36, 45]
[45, 110]
[45, 108]
[45, 49]
[45, 170]
[45, 82]
[14, 45]
[45, 175]
[0, 45]
[45, 144]
[45, 80]
[45, 83]
[45, 180]
[45, 143]
[45, 185]
[45, 92]
[45, 131]
[45, 52]
[41, 45]
[31, 45]
[45, 118]
[45, 179]
[33, 80]
[31, 49]
[30, 134]
[47, 184]
[31, 170]
[31, 176]
[31, 145]
[31, 72]
[31, 66]
[31, 181]
[24, 184]
[24, 139]
[2, 139]
[28, 139]
[58, 139]
[21, 139]
[26, 139]
[139, 177]
[139, 160]
[129, 139]
[123, 139]
[17, 139]
[29, 139]
[117, 139]
[126, 139]
[103, 139]
[19, 63]
[19, 184]
[26, 184]
[21, 184]
[172, 184]
[17, 184]
[126, 184]
[51, 167]
[5, 184]
[26, 51]
[2, 51]
[26, 125]
[44, 125]
[25, 125]
[125, 177]
[24, 125]
[74, 125]
[69, 125]
[125, 126]
[47, 125]
[35, 125]
[125, 134]
[76, 125]
[20, 125]
[125, 188]
[125, 153]
[109, 125]
[125, 174]
[125, 130]
[53, 125]
[125, 172]
[104, 125]
[48, 125]
[125, 167]
[99, 125]
[67, 125]
[10, 125]
[9, 125]
[32, 125]
[125, 162]
[63, 125]
[40, 125]
[41, 125]
[125, 158]
[72, 125]
[73, 125]
[12, 125]
[125, 181]
[82, 125]
[14, 125]
[125, 144]
[83, 125]
[125, 180]
[125, 143]
[125, 185]
[92, 125]
[52, 125]
[110, 125]
[125, 151]
[118, 125]
[125, 179]
[45, 125]
[55, 125]
[125, 171]
[15, 125]
[34, 125]
[106, 125]
[125, 165]
[100, 125]
[116, 125]
[125, 138]
[125, 147]
[125, 169]
[42, 125]
[115, 125]
[22, 125]
[95, 125]
[57, 125]
[7, 125]
[125, 186]
[81, 125]
[125, 149]
[6, 125]
[59, 125]
[68, 125]
[30, 125]
[62, 125]
[20, 51]
[17, 51]
[51, 126]
[35, 51]
[5, 51]
[51, 134]
[19, 51]
[51, 112]
[51, 53]
[51, 184]
[23, 184]
[184, 188]
[157, 184]
[101, 184]
[30, 184]
[30, 89]
[16, 30]
[31, 110]
[31, 131]
[31, 106]
[22, 31]
[31, 107]
[31, 59]
[31, 68]
[31, 128]
[14, 31]
[31, 124]
[124, 179]
[34, 124]
[77, 124]
[118, 124]
[110, 124]
[124, 139]
[97, 124]
[124, 150]
[124, 161]
[18, 161]
[87, 161]
[28, 161]
[44, 161]
[64, 161]
[140, 161]
[27, 161]
[161, 189]
[21, 161]
[161, 177]
[129, 161]
[123, 161]
[161, 182]
[24, 161]
[17, 161]
[29, 161]
[74, 161]
[117, 161]
[126, 161]
[35, 161]
[61, 161]
[112, 161]
[76, 161]
[20, 161]
[161, 188]
[157, 161]
[130, 161]
[101, 161]
[53, 161]
[104, 161]
[99, 161]
[67, 161]
[33, 161]
[70, 161]
[159, 161]
[141, 161]
[11, 161]
[88, 161]
[78, 161]
[58, 161]
[3, 161]
[161, 167]
[32, 161]
[105, 161]
[161, 162]
[43, 161]
[113, 161]
[96, 161]
[12, 161]
[49, 161]
[80, 161]
[83, 161]
[142, 161]
[60, 161]
[37, 161]
[15, 161]
[71, 161]
[72, 161]
[161, 164]
[94, 161]
[122, 161]
[138, 161]
[92, 161]
[161, 176]
[161, 181]
[144, 161]
[161, 165]
[121, 161]
[100, 161]
[13, 161]
[45, 161]
[111, 161]
[132, 161]
[152, 161]
[155, 161]
[46, 161]
[16, 161]
[161, 168]
[54, 161]
[115, 161]
[57, 161]
[161, 186]
[161, 187]
[161, 179]
[14, 161]
[110, 161]
[149, 161]
[56, 161]
[22, 161]
[7, 161]
[84, 161]
[161, 169]
[65, 161]
[81, 161]
[77, 161]
[139, 161]
[150, 161]
[28, 150]
[25, 150]
[44, 150]
[129, 150]
[123, 150]
[17, 150]
[117, 150]
[69, 150]
[126, 150]
[112, 150]
[76, 150]
[150, 175]
[150, 188]
[150, 157]
[101, 150]
[51, 150]
[99, 150]
[67, 150]
[38, 150]
[33, 150]
[70, 150]
[150, 159]
[11, 150]
[58, 150]
[150, 167]
[40, 150]
[41, 150]
[127, 150]
[10, 150]
[32, 150]
[150, 162]
[150, 158]
[108, 150]
[135, 150]
[12, 150]
[73, 150]
[80, 150]
[83, 150]
[150, 180]
[60, 150]
[82, 150]
[37, 150]
[15, 150]
[50, 150]
[71, 150]
[150, 185]
[66, 150]
[4, 150]
[147, 150]
[150, 176]
[59, 150]
[68, 150]
[150, 181]
[150, 151]
[150, 165]
[91, 150]
[121, 150]
[100, 150]
[98, 150]
[52, 150]
[132, 150]
[150, 171]
[150, 155]
[150, 183]
[150, 168]
[54, 150]
[116, 150]
[115, 150]
[6, 150]
[150, 166]
[150, 179]
[110, 150]
[56, 150]
[7, 150]
[84, 150]
[150, 169]
[42, 150]
[118, 150]
[81, 150]
[34, 150]
[139, 150]
[97, 150]
[28, 97]
[25, 97]
[64, 97]
[27, 97]
[97, 189]
[21, 97]
[97, 177]
[97, 160]
[97, 123]
[24, 97]
[17, 97]
[29, 97]
[97, 103]
[93, 97]
[47, 97]
[35, 97]
[5, 97]
[76, 97]
[97, 175]
[23, 97]
[20, 97]
[97, 188]
[97, 157]
[97, 130]
[97, 104]
[97, 172]
[38, 97]
[33, 97]
[70, 97]
[11, 97]
[88, 97]
[48, 97]
[58, 97]
[97, 184]
[41, 97]
[97, 105]
[63, 97]
[89, 97]
[97, 119]
[97, 158]
[97, 113]
[49, 97]
[97, 170]
[73, 97]
[97, 163]
[83, 97]
[97, 180]
[97, 143]
[71, 97]
[97, 185]
[66, 97]
[94, 97]
[97, 122]
[97, 131]
[97, 154]
[39, 97]
[97, 121]
[13, 97]
[52, 97]
[97, 136]
[97, 107]
[46, 97]
[22, 97]
[92, 97]
[97, 181]
[56, 97]
[84, 97]
[4, 97]
[97, 176]
[68, 97]
[97, 144]
[97, 132]
[97, 128]
[97, 155]
[97, 116]
[97, 148]
[57, 97]
[97, 156]
[6, 97]
[97, 166]
[14, 97]
[79, 97]
[30, 97]
[65, 97]
[97, 169]
[42, 97]
[97, 118]
[97, 139]
[93, 139]
[47, 139]
[35, 139]
[112, 139]
[139, 153]
[53, 139]
[139, 159]
[134, 139]
[10, 139]
[32, 139]
[137, 139]
[139, 162]
[135, 139]
[96, 139]
[139, 145]
[80, 139]
[15, 139]
[72, 139]
[139, 165]
[91, 139]
[100, 139]
[139, 186]
[139, 146]
[108, 139]
[110, 139]
[43, 139]
[45, 139]
[139, 152]
[115, 139]
[95, 139]
[139, 175]
[139, 188]
[139, 157]
[33, 139]
[70, 139]
[11, 139]
[48, 139]
[139, 184]
[139, 149]
[7, 139]
[139, 168]
[81, 139]
[63, 139]
[49, 139]
[73, 139]
[41, 139]
[71, 139]
[139, 185]
[66, 139]
[121, 139]
[13, 139]
[52, 139]
[136, 139]
[84, 139]
[139, 143]
[4, 139]
[139, 176]
[128, 139]
[14, 139]
[79, 139]
[65, 139]
[55, 139]
[30, 139]
[30, 40]
[30, 37]
[30, 164]
[30, 151]
[0, 30]
[30, 77]
[30, 54]
[12, 30]
[30, 81]
[30, 43]
[30, 149]
[30, 73]
[30, 186]
[30, 185]
[30, 57]
[30, 116]
[30, 41]
[30, 124]
[4, 30]
[30, 62]
[30, 115]
[30, 152]
[30, 42]
[30, 118]
[30, 144]
[30, 45]
[30, 166]
[30, 146]
[30, 183]
[14, 30]
[30, 96]
[7, 30]
[5, 100]
[47, 100]
[100, 177]
[21, 100]
[50, 106]
[50, 68]
[100, 188]
[2, 100]
[6, 53]
[53, 149]
[26, 149]
[28, 149]
[17, 100]
[2, 149]
[1, 149]
[25, 149]
[149, 189]
[17, 149]
[74, 149]
[109, 149]
[149, 171]
[23, 149]
[104, 149]
[38, 149]
[47, 149]
[35, 149]
[149, 159]
[15, 149]
[70, 149]
[94, 149]
[149, 154]
[5, 149]
[100, 149]
[69, 100]
[100, 126]
[15, 100]
[76, 100]
[23, 100]
[10, 100]
[70, 100]
[15, 48]
[21, 48]
[9, 48]
[23, 48]
[38, 48]
[48, 103]
[47, 48]
[35, 48]
[48, 53]
[33, 48]
[25, 83]
[44, 83]
[27, 83]
[83, 189]
[83, 177]
[83, 129]
[17, 83]
[69, 83]
[83, 174]
[83, 101]
[83, 171]
[76, 83]
[20, 83]
[35, 83]
[53, 83]
[83, 159]
[15, 83]
[83, 157]
[70, 83]
[83, 130]
[28, 136]
[25, 136]
[64, 136]
[21, 136]
[24, 136]
[109, 136]
[136, 171]
[38, 136]
[103, 136]
[47, 136]
[33, 136]
[70, 136]
[60, 83]
[83, 163]
[9, 83]
[10, 83]
[5, 83]
[83, 93]
[67, 136]
[136, 172]
[136, 163]
[126, 136]
[93, 136]
[136, 165]
[32, 136]
[21, 84]
[26, 84]
[5, 145]
[15, 45]
[45, 94]
[38, 51]
[33, 51]
[51, 67]
[9, 51]
[15, 51]
[51, 94]
[51, 163]
[51, 72]
[51, 108]
[48, 51]
[51, 170]
[51, 142]
[51, 52]
[51, 135]
[51, 180]
[51, 60]
[32, 51]
[51, 99]
[22, 51]
[51, 136]
[51, 77]
[0, 51]
[14, 51]
[30, 46]
[112, 127]
[33, 158]
[35, 158]
[133, 149]
[149, 172]
[69, 158]
[117, 158]
[24, 158]
[112, 149]
[149, 158]
[36, 130]
[26, 36]
[149, 163]
[119, 149]
[21, 36]
[21, 147]
[28, 147]
[36, 189]
[137, 149]
[149, 165]
[2, 36]
[63, 149]
[106, 149]
[131, 149]
[121, 149]
[43, 149]
[19, 149]
[149, 170]
[52, 149]
[135, 149]
[149, 180]
[99, 149]
[22, 149]
[136, 149]
[77, 149]
[0, 149]
[14, 149]
[98, 149]
[105, 149]
[49, 149]
[79, 149]
[107, 149]
[16, 149]
[91, 149]
[68, 149]
[89, 149]
[81, 149]
[138, 149]
[37, 149]
[54, 149]
[36, 127]
[36, 177]
[17, 84]
[17, 36]
[24, 36]
[29, 36]
[5, 162]
[5, 40]
[23, 36]
[36, 104]
[1, 167]
[36, 188]
[36, 76]
[80, 104]
[53, 80]
[80, 174]
[35, 121]
[109, 121]
[63, 109]
[21, 63]
[36, 47]
[33, 36]
[10, 36]
[36, 67]
[9, 36]
[36, 83]
[21, 145]
[2, 145]
[32, 83]
[32, 145]
[25, 145]
[1, 145]
[84, 104]
[84, 109]
[10, 145]
[35, 145]
[17, 145]
[24, 145]
[64, 145]
[117, 145]
[69, 145]
[145, 157]
[145, 188]
[76, 145]
[47, 145]
[9, 145]
[145, 159]
[145, 154]
[83, 145]
[36, 145]
[39, 69]
[108, 151]
[151, 175]
[109, 151]
[24, 151]
[2, 151]
[1, 151]
[26, 151]
[151, 177]
[20, 151]
[126, 151]
[151, 171]
[151, 154]
[74, 151]
[35, 151]
[93, 151]
[76, 151]
[104, 151]
[133, 151]
[9, 151]
[83, 151]
[145, 151]
[134, 151]
[72, 151]
[48, 151]
[59, 151]
[80, 151]
[143, 151]
[13, 151]
[147, 151]
[15, 151]
[70, 151]
[38, 151]
[151, 162]
[40, 151]
[34, 151]
[60, 151]
[111, 151]
[151, 164]
[151, 183]
[46, 151]
[151, 184]
[151, 163]
[149, 151]
[122, 151]
[12, 151]
[119, 151]
[151, 165]
[100, 151]
[106, 151]
[131, 151]
[151, 170]
[135, 151]
[151, 180]
[99, 151]
[77, 151]
[98, 151]
[105, 151]
[49, 151]
[79, 151]
[91, 151]
[89, 151]
[81, 151]
[37, 151]
[54, 151]
[116, 151]
[41, 151]
[4, 151]
[42, 151]
[118, 151]
[151, 169]
[55, 151]
[142, 151]
[151, 179]
[51, 151]
[32, 39]
[39, 127]
[6, 127]
[6, 69]
[6, 175]
[6, 123]
[6, 21]
[5, 6]
[41, 158]
[41, 127]
[41, 50]
[41, 145]
[41, 143]
[15, 41]
[41, 110]
[41, 162]
[41, 60]
[41, 66]
[13, 41]
[41, 121]
[41, 107]
[41, 138]
[41, 176]
[38, 41]
[34, 41]
[41, 111]
[14, 41]
[41, 128]
[12, 41]
[41, 119]
[41, 135]
[41, 105]
[41, 89]
[41, 118]
[41, 131]
[41, 49]
[41, 120]
[41, 46]
[41, 62]
[41, 179]
[41, 65]
[4, 41]
[41, 95]
[41, 79]
[41, 54]
[41, 91]
[41, 163]
[41, 100]
[41, 57]
[41, 186]
[41, 136]
[41, 165]
[41, 146]
[41, 68]
[41, 166]
[41, 155]
[41, 55]
[6, 41]
[41, 183]
[41, 148]
[20, 49]
[80, 114]
[80, 130]
[80, 101]
[80, 157]
[83, 134]
[83, 112]
[19, 83]
[80, 83]
[94, 134]
[60, 134]
[32, 134]
[30, 31]
[70, 112]
[15, 112]
[60, 112]
[53, 68]
[21, 68]
[84, 117]
[32, 112]
[33, 184]
[91, 126]
[91, 174]
[1, 91]
[44, 91]
[91, 159]
[24, 91]
[17, 91]
[17, 63]
[2, 63]
[63, 92]
[35, 92]
[92, 117]
[27, 91]
[63, 157]
[63, 108]
[63, 103]
[21, 95]
[25, 95]
[38, 134]
[26, 167]
[69, 167]
[153, 167]
[74, 167]
[93, 167]
[167, 172]
[167, 171]
[134, 167]
[9, 167]
[67, 167]
[28, 137]
[2, 137]
[1, 137]
[44, 137]
[27, 137]
[21, 137]
[17, 137]
[29, 137]
[117, 137]
[137, 189]
[53, 137]
[137, 175]
[24, 137]
[114, 137]
[137, 153]
[137, 188]
[20, 137]
[130, 137]
[93, 137]
[137, 157]
[103, 137]
[104, 137]
[33, 137]
[32, 137]
[10, 137]
[9, 137]
[67, 137]
[137, 167]
[20, 99]
[21, 99]
[35, 84]
[80, 172]
[4, 76]
[4, 17]
[70, 80]
[53, 84]
[80, 159]
[60, 80]
[56, 92]
[1, 92]
[92, 177]
[76, 92]
[92, 172]
[53, 92]
[92, 153]
[74, 92]
[23, 92]
[92, 188]
[47, 92]
[92, 109]
[33, 92]
[92, 171]
[92, 94]
[70, 92]
[9, 92]
[82, 92]
[92, 180]
[10, 92]
[38, 92]
[92, 136]
[92, 122]
[0, 92]
[43, 92]
[92, 105]
[92, 184]
[92, 127]
[92, 145]
[92, 158]
[36, 92]
[66, 92]
[77, 92]
[92, 144]
[92, 128]
[92, 170]
[12, 92]
[92, 135]
[92, 96]
[92, 176]
[14, 92]
[83, 92]
[49, 92]
[92, 131]
[84, 92]
[92, 98]
[92, 115]
[1, 115]
[44, 115]
[64, 115]
[21, 115]
[26, 115]
[115, 177]
[115, 129]
[115, 174]
[24, 115]
[20, 115]
[101, 115]
[5, 115]
[115, 130]
[93, 115]
[115, 157]
[103, 115]
[115, 117]
[104, 115]
[35, 115]
[53, 115]
[47, 115]
[115, 134]
[115, 159]
[108, 115]
[51, 115]
[32, 115]
[115, 137]
[99, 115]
[115, 162]
[15, 115]
[40, 115]
[52, 115]
[115, 143]
[110, 115]
[115, 185]
[89, 115]
[82, 115]
[115, 171]
[115, 180]
[63, 115]
[39, 115]
[115, 164]
[115, 152]
[105, 115]
[115, 184]
[56, 115]
[115, 127]
[115, 158]
[115, 144]
[96, 115]
[14, 115]
[115, 119]
[115, 181]
[115, 136]
[45, 115]
[98, 115]
[51, 98]
[98, 137]
[98, 99]
[98, 162]
[40, 98]
[98, 142]
[98, 185]
[98, 147]
[98, 152]
[98, 180]
[98, 145]
[98, 121]
[66, 98]
[83, 98]
[98, 136]
[43, 98]
[89, 98]
[98, 138]
[98, 132]
[37, 98]
[77, 98]
[14, 98]
[98, 176]
[4, 98]
[56, 98]
[57, 98]
[96, 98]
[59, 98]
[98, 119]
[98, 111]
[98, 106]
[98, 155]
[98, 156]
[98, 168]
[42, 98]
[98, 128]
[1, 128]
[28, 128]
[25, 128]
[27, 128]
[21, 128]
[128, 129]
[17, 128]
[29, 128]
[128, 175]
[24, 128]
[114, 128]
[20, 128]
[126, 128]
[128, 130]
[53, 128]
[128, 188]
[15, 128]
[128, 153]
[33, 128]
[128, 171]
[128, 154]
[69, 128]
[128, 133]
[74, 128]
[22, 128]
[35, 128]
[9, 128]
[32, 128]
[94, 128]
[128, 163]
[82, 128]
[39, 128]
[19, 128]
[128, 134]
[60, 128]
[100, 128]
[112, 128]
[128, 164]
[128, 167]
[72, 128]
[91, 128]
[63, 128]
[128, 131]
[128, 143]
[34, 128]
[46, 128]
[128, 152]
[54, 128]
[128, 180]
[107, 128]
[79, 128]
[128, 146]
[7, 128]
[128, 145]
[128, 162]
[37, 128]
[89, 128]
[66, 128]
[83, 128]
[128, 136]
[38, 128]
[119, 128]
[16, 128]
[96, 128]
[128, 166]
[122, 128]
[121, 128]
[128, 149]
[106, 128]
[42, 128]
[128, 168]
[2, 168]
[64, 168]
[168, 177]
[123, 168]
[29, 168]
[168, 189]
[168, 174]
[168, 175]
[24, 168]
[126, 168]
[130, 168]
[157, 168]
[23, 168]
[11, 168]
[90, 168]
[93, 168]
[15, 168]
[5, 168]
[153, 168]
[69, 168]
[141, 168]
[78, 168]
[58, 168]
[22, 168]
[109, 168]
[47, 168]
[10, 168]
[67, 168]
[159, 168]
[163, 168]
[82, 168]
[39, 168]
[19, 168]
[134, 168]
[60, 168]
[49, 168]
[108, 168]
[125, 168]
[164, 168]
[0, 168]
[48, 168]
[63, 168]
[36, 168]
[168, 170]
[135, 168]
[131, 168]
[99, 168]
[137, 168]
[168, 173]
[12, 168]
[147, 168]
[51, 168]
[152, 168]
[168, 185]
[168, 180]
[40, 168]
[165, 168]
[13, 168]
[34, 168]
[68, 168]
[115, 168]
[71, 168]
[107, 168]
[168, 179]
[59, 168]
[56, 168]
[84, 168]
[57, 168]
[168, 184]
[168, 181]
[168, 183]
[146, 168]
[116, 168]
[4, 168]
[145, 168]
[168, 176]
[37, 168]
[46, 168]
[92, 168]
[155, 168]
[38, 168]
[119, 168]
[16, 168]
[122, 168]
[7, 168]
[149, 168]
[168, 186]
[62, 168]
[95, 168]
[6, 168]
[30, 168]
[30, 150]
[22, 159]
[67, 158]
[157, 158]
[15, 158]
[4, 174]
[153, 158]
[22, 104]
[158, 171]
[158, 165]
[9, 158]
[76, 158]
[22, 32]
[32, 158]
[158, 163]
[22, 38]
[39, 74]
[19, 67]
[19, 38]
[36, 112]
[112, 145]
[67, 112]
[112, 163]
[9, 112]
[112, 158]
[52, 112]
[39, 93]
[39, 94]
[39, 104]
[39, 134]
[39, 67]
[39, 60]
[39, 108]
[39, 167]
[39, 72]
[39, 91]
[39, 63]
[39, 136]
[39, 66]
[39, 43]
[39, 84]
[4, 39]
[39, 120]
[9, 39]
[39, 48]
[39, 99]
[39, 100]
[39, 83]
[12, 39]
[39, 152]
[39, 56]
[39, 186]
[39, 80]
[39, 135]
[39, 162]
[39, 77]
[39, 119]
[39, 156]
[39, 158]
[39, 107]
[39, 164]
[39, 57]
[39, 144]
[39, 118]
[38, 39]
[39, 170]
[39, 54]
[39, 55]
[39, 155]
[39, 163]
[39, 68]
[39, 79]
[39, 62]
[39, 95]
[6, 39]
[39, 148]
[93, 105]
[17, 105]
[20, 105]
[2, 105]
[1, 105]
[21, 105]
[105, 117]
[103, 105]
[105, 153]
[53, 105]
[23, 105]
[105, 157]
[33, 105]
[35, 105]
[105, 171]
[105, 127]
[104, 105]
[32, 105]
[105, 172]
[105, 108]
[72, 105]
[134, 145]
[145, 172]
[6, 45]
[6, 101]
[6, 103]
[45, 138]
[22, 45]
[16, 45]
[45, 136]
[45, 164]
[45, 154]
[7, 45]
[45, 166]
[45, 122]
[45, 146]
[4, 45]
[45, 156]
[45, 152]
[45, 79]
[45, 62]
[45, 165]
[34, 45]
[45, 111]
[13, 45]
[99, 175]
[70, 167]
[70, 77]
[28, 77]
[2, 77]
[77, 177]
[77, 129]
[29, 77]
[77, 130]
[77, 126]
[35, 77]
[77, 133]
[23, 77]
[77, 101]
[77, 167]
[77, 109]
[67, 77]
[48, 77]
[12, 77]
[77, 127]
[10, 77]
[77, 93]
[77, 104]
[72, 77]
[40, 77]
[77, 119]
[5, 77]
[77, 158]
[77, 137]
[36, 77]
[43, 77]
[52, 77]
[77, 89]
[77, 142]
[77, 131]
[77, 83]
[77, 80]
[77, 81]
[77, 163]
[77, 91]
[38, 99]
[135, 145]
[26, 57]
[21, 57]
[57, 87]
[1, 57]
[57, 177]
[57, 129]
[57, 123]
[57, 174]
[20, 57]
[57, 117]
[57, 69]
[47, 57]
[57, 188]
[57, 76]
[57, 101]
[57, 103]
[57, 109]
[11, 57]
[57, 153]
[57, 70]
[48, 57]
[57, 159]
[53, 57]
[57, 104]
[57, 135]
[57, 58]
[38, 57]
[57, 99]
[57, 127]
[57, 93]
[19, 57]
[32, 57]
[9, 57]
[57, 72]
[57, 112]
[57, 73]
[57, 96]
[57, 77]
[12, 57]
[57, 158]
[57, 94]
[57, 137]
[36, 57]
[51, 57]
[57, 172]
[15, 57]
[57, 89]
[57, 83]
[57, 180]
[50, 57]
[57, 81]
[57, 60]
[57, 63]
[57, 134]
[22, 57]
[0, 57]
[57, 121]
[57, 71]
[57, 110]
[57, 144]
[56, 57]
[57, 59]
[57, 183]
[49, 57]
[57, 185]
[46, 57]
[57, 68]
[57, 165]
[34, 57]
[57, 118]
[57, 107]
[54, 57]
[57, 164]
[57, 166]
[4, 57]
[57, 115]
[57, 111]
[57, 179]
[57, 65]
[57, 120]
[29, 91]
[91, 114]
[91, 130]
[91, 117]
[91, 157]
[91, 188]
[91, 153]
[53, 91]
[19, 48]
[4, 47]
[32, 48]
[91, 104]
[48, 60]
[92, 165]
[48, 165]
[9, 91]
[30, 161]
[30, 55]
[30, 169]
[30, 92]
[30, 176]
[30, 155]
[30, 120]
[30, 65]
[31, 81]
[31, 183]
[31, 116]
[31, 54]
[31, 56]
[31, 84]
[31, 146]
[26, 99]
[1, 99]
[45, 107]
[2, 107]
[28, 107]
[25, 107]
[44, 107]
[64, 107]
[27, 107]
[21, 107]
[26, 107]
[107, 189]
[20, 107]
[101, 107]
[103, 107]
[29, 107]
[107, 114]
[107, 188]
[107, 130]
[35, 107]
[107, 153]
[107, 159]
[93, 107]
[9, 107]
[67, 107]
[48, 107]
[32, 107]
[107, 167]
[107, 145]
[107, 158]
[107, 175]
[107, 172]
[19, 107]
[99, 107]
[105, 107]
[107, 119]
[107, 137]
[63, 107]
[40, 107]
[66, 107]
[107, 170]
[80, 107]
[107, 143]
[0, 107]
[15, 107]
[107, 163]
[107, 165]
[60, 107]
[91, 107]
[100, 107]
[107, 132]
[106, 107]
[107, 136]
[68, 107]
[107, 147]
[71, 107]
[14, 107]
[107, 184]
[92, 107]
[107, 185]
[107, 176]
[107, 138]
[107, 164]
[107, 115]
[81, 107]
[107, 183]
[107, 166]
[107, 186]
[107, 120]
[107, 148]
[107, 156]
[6, 107]
[6, 109]
[6, 58]
[6, 93]
[6, 32]
[6, 158]
[6, 104]
[6, 172]
[6, 105]
[6, 162]
[6, 119]
[6, 63]
[6, 134]
[6, 72]
[6, 49]
[6, 98]
[6, 112]
[6, 159]
[6, 110]
[6, 51]
[6, 30]
[6, 154]
[6, 10]
[6, 128]
[6, 149]
[6, 31]
[6, 82]
[6, 15]
[6, 19]
[6, 71]
[6, 122]
[6, 165]
[6, 77]
[0, 6]
[6, 59]
[6, 42]
[6, 143]
[6, 118]
[6, 37]
[6, 184]
[6, 108]
[6, 106]
[6, 95]
[6, 100]
[6, 91]
[6, 169]
[6, 152]
[6, 148]
[6, 54]
[6, 132]
[6, 65]
[6, 179]
[6, 60]
[6, 142]
[6, 84]
[6, 13]
[6, 120]
[6, 147]
[6, 34]
[6, 40]
[6, 111]
[6, 14]
[6, 170]
[6, 183]
[6, 185]
[6, 176]
[6, 186]
[32, 89]
[24, 89]
[20, 89]
[23, 89]
[64, 89]
[87, 89]
[2, 89]
[89, 129]
[89, 189]
[89, 126]
[33, 89]
[89, 177]
[69, 89]
[89, 114]
[17, 89]
[89, 130]
[89, 175]
[89, 171]
[47, 89]
[89, 159]
[38, 89]
[89, 127]
[36, 89]
[89, 167]
[89, 163]
[83, 89]
[89, 94]
[52, 89]
[67, 89]
[4, 50]
[80, 145]
[80, 127]
[38, 181]
[47, 181]
[159, 181]
[36, 181]
[145, 167]
[108, 171]
[33, 108]
[145, 158]
[136, 145]
[5, 96]
[80, 136]
[36, 136]
[136, 181]
[135, 136]
[73, 136]
[136, 146]
[136, 137]
[81, 136]
[145, 163]
[126, 131]
[104, 131]
[32, 52]
[80, 163]
[48, 80]
[93, 121]
[47, 121]
[32, 121]
[103, 121]
[17, 121]
[121, 188]
[121, 153]
[76, 121]
[121, 159]
[38, 121]
[92, 121]
[115, 121]
[94, 121]
[121, 145]
[10, 121]
[70, 121]
[121, 163]
[80, 121]
[36, 121]
[22, 121]
[52, 121]
[73, 121]
[121, 146]
[89, 121]
[121, 137]
[36, 94]
[15, 36]
[32, 73]
[36, 48]
[36, 70]
[36, 163]
[67, 181]
[163, 181]
[127, 167]
[80, 167]
[83, 167]
[94, 167]
[163, 167]
[44, 135]
[111, 115]
[149, 181]
[146, 149]
[73, 149]
[96, 149]
[149, 156]
[55, 149]
[51, 149]
[149, 185]
[95, 149]
[142, 149]
[42, 149]
[116, 149]
[149, 179]
[22, 48]
[34, 115]
[22, 145]
[10, 89]
[27, 166]
[64, 166]
[129, 166]
[2, 166]
[28, 166]
[25, 166]
[29, 166]
[20, 166]
[104, 166]
[74, 166]
[126, 166]
[35, 166]
[117, 166]
[50, 166]
[21, 166]
[26, 166]
[24, 166]
[133, 166]
[130, 166]
[109, 166]
[166, 188]
[9, 166]
[151, 166]
[38, 166]
[94, 166]
[93, 166]
[153, 166]
[166, 175]
[92, 166]
[67, 166]
[34, 166]
[31, 166]
[10, 166]
[15, 166]
[48, 166]
[166, 167]
[22, 166]
[48, 89]
[83, 166]
[166, 181]
[48, 158]
[48, 134]
[51, 166]
[4, 51]
[71, 80]
[71, 163]
[166, 172]
[7, 51]
[51, 59]
[51, 84]
[12, 51]
[51, 164]
[51, 148]
[46, 51]
[51, 156]
[51, 79]
[32, 81]
[53, 81]
[20, 81]
[34, 181]
[20, 135]
[135, 160]
[27, 135]
[22, 81]
[33, 81]
[33, 42]
[42, 126]
[42, 104]
[35, 42]
[42, 69]
[42, 50]
[24, 42]
[42, 109]
[42, 188]
[42, 171]
[42, 153]
[42, 92]
[9, 42]
[42, 115]
[42, 70]
[42, 82]
[42, 145]
[32, 100]
[48, 100]
[93, 100]
[100, 153]
[92, 100]
[100, 115]
[22, 100]
[36, 100]
[100, 167]
[100, 135]
[100, 137]
[100, 158]
[13, 100]
[100, 131]
[43, 100]
[100, 172]
[99, 100]
[63, 100]
[100, 105]
[91, 100]
[60, 100]
[100, 138]
[54, 100]
[37, 100]
[100, 169]
[84, 100]
[46, 100]
[100, 147]
[49, 100]
[0, 100]
[100, 180]
[100, 118]
[55, 100]
[4, 100]
[96, 100]
[100, 164]
[100, 155]
[100, 120]
[100, 179]
[7, 100]
[27, 72]
[64, 72]
[2, 72]
[28, 72]
[20, 72]
[72, 189]
[44, 72]
[72, 104]
[72, 74]
[33, 72]
[72, 117]
[29, 72]
[72, 130]
[53, 72]
[72, 109]
[72, 101]
[9, 72]
[72, 153]
[70, 72]
[48, 72]
[72, 167]
[72, 145]
[40, 72]
[72, 121]
[16, 72]
[72, 81]
[72, 80]
[40, 93]
[23, 40]
[1, 40]
[21, 40]
[40, 126]
[33, 40]
[40, 103]
[26, 40]
[40, 69]
[40, 117]
[40, 174]
[40, 53]
[40, 109]
[40, 171]
[19, 89]
[40, 80]
[52, 80]
[40, 82]
[40, 134]
[40, 153]
[16, 167]
[16, 154]
[32, 40]
[40, 145]
[33, 119]
[119, 126]
[47, 119]
[40, 47]
[47, 52]
[71, 119]
[16, 47]
[47, 162]
[71, 162]
[17, 135]
[135, 177]
[15, 52]
[52, 129]
[1, 52]
[23, 52]
[20, 52]
[52, 126]
[35, 52]
[52, 174]
[52, 53]
[52, 109]
[52, 171]
[52, 101]
[52, 154]
[52, 175]
[10, 52]
[52, 70]
[22, 52]
[52, 145]
[52, 83]
[19, 52]
[52, 159]
[52, 134]
[52, 166]
[40, 52]
[19, 166]
[40, 121]
[40, 159]
[36, 40]
[10, 16]
[16, 104]
[5, 16]
[16, 145]
[16, 48]
[16, 83]
[16, 159]
[16, 38]
[16, 67]
[16, 36]
[16, 166]
[16, 40]
[16, 73]
[16, 77]
[16, 184]
[16, 170]
[16, 66]
[16, 163]
[16, 165]
[16, 135]
[16, 105]
[16, 43]
[16, 131]
[16, 169]
[16, 180]
[16, 96]
[7, 16]
[16, 62]
[1, 62]
[62, 178]
[62, 140]
[62, 182]
[62, 75]
[62, 87]
[61, 62]
[2, 62]
[62, 160]
[62, 64]
[62, 123]
[62, 189]
[62, 141]
[11, 62]
[44, 62]
[62, 78]
[62, 97]
[62, 124]
[62, 187]
[33, 62]
[62, 177]
[35, 62]
[62, 69]
[21, 62]
[26, 62]
[24, 62]
[62, 174]
[17, 62]
[62, 130]
[53, 62]
[62, 109]
[62, 171]
[62, 101]
[62, 93]
[62, 153]
[58, 62]
[62, 150]
[62, 98]
[62, 151]
[31, 62]
[62, 82]
[62, 94]
[15, 62]
[22, 62]
[19, 62]
[51, 62]
[9, 62]
[62, 100]
[62, 104]
[5, 62]
[62, 154]
[62, 108]
[62, 167]
[62, 132]
[62, 172]
[62, 71]
[60, 62]
[62, 89]
[62, 181]
[62, 122]
[54, 62]
[49, 62]
[0, 62]
[4, 62]
[62, 136]
[47, 62]
[62, 67]
[62, 106]
[36, 62]
[62, 183]
[62, 166]
[40, 62]
[62, 73]
[62, 77]
[62, 184]
[62, 170]
[62, 163]
[62, 165]
[62, 152]
[62, 79]
[62, 118]
[62, 105]
[62, 164]
[62, 131]
[62, 180]
[7, 62]
[7, 174]
[7, 114]
[7, 103]
[7, 29]
[7, 17]
[7, 130]
[7, 53]
[7, 109]
[7, 188]
[7, 171]
[7, 157]
[7, 101]
[7, 153]
[7, 175]
[7, 151]
[7, 31]
[7, 92]
[7, 22]
[7, 32]
[7, 52]
[7, 10]
[7, 146]
[7, 48]
[7, 132]
[7, 60]
[7, 89]
[7, 34]
[7, 122]
[7, 72]
[7, 54]
[7, 159]
[7, 38]
[7, 106]
[7, 36]
[7, 183]
[7, 166]
[7, 40]
[7, 184]
[7, 66]
[7, 163]
[7, 165]
[7, 176]
[7, 84]
[7, 55]
[7, 105]
[7, 43]
[7, 164]
[7, 155]
[7, 180]
[1, 180]
[2, 180]
[129, 180]
[28, 180]
[23, 180]
[25, 180]
[44, 180]
[126, 180]
[177, 180]
[69, 180]
[21, 180]
[26, 180]
[103, 180]
[130, 180]
[171, 180]
[153, 180]
[175, 180]
[94, 180]
[15, 180]
[22, 180]
[32, 180]
[19, 180]
[52, 180]
[104, 180]
[5, 180]
[10, 180]
[80, 180]
[81, 180]
[134, 180]
[145, 180]
[158, 180]
[167, 180]
[71, 180]
[60, 180]
[54, 180]
[0, 180]
[136, 180]
[47, 180]
[38, 180]
[180, 184]
[165, 180]
[135, 180]
[79, 180]
[147, 180]
[55, 180]
[43, 180]
[119, 180]
[56, 180]
[138, 180]
[111, 180]
[68, 180]
[4, 180]
[106, 180]
[73, 180]
[96, 180]
[42, 180]
[180, 186]
[166, 180]
[12, 180]
[2, 12]
[12, 23]
[12, 20]
[12, 126]
[12, 35]
[12, 21]
[12, 24]
[12, 133]
[12, 103]
[12, 53]
[12, 109]
[12, 171]
[12, 76]
[12, 93]
[12, 175]
[12, 127]
[12, 15]
[12, 70]
[12, 121]
[12, 108]
[12, 48]
[12, 132]
[12, 112]
[12, 104]
[12, 81]
[12, 134]
[12, 72]
[12, 49]
[12, 167]
[12, 67]
[12, 36]
[12, 183]
[12, 66]
[12, 118]
[12, 105]
[12, 60]
[12, 152]
[12, 176]
[12, 164]
[0, 12]
[12, 38]
[12, 184]
[12, 135]
[12, 147]
[12, 43]
[12, 137]
[12, 65]
[12, 99]
[4, 12]
[12, 42]
[12, 148]
[12, 142]
[12, 34]
[12, 68]
[12, 122]
[12, 179]
[1, 179]
[64, 179]
[27, 179]
[28, 179]
[23, 179]
[25, 179]
[20, 179]
[141, 179]
[44, 179]
[74, 179]
[126, 179]
[33, 179]
[69, 179]
[26, 179]
[29, 179]
[17, 179]
[130, 179]
[53, 179]
[109, 179]
[179, 188]
[171, 179]
[157, 179]
[101, 179]
[153, 179]
[92, 179]
[70, 179]
[51, 179]
[58, 179]
[48, 179]
[83, 179]
[19, 179]
[52, 179]
[94, 179]
[112, 179]
[104, 179]
[5, 179]
[10, 179]
[80, 179]
[121, 179]
[154, 179]
[167, 179]
[108, 179]
[84, 179]
[118, 179]
[40, 179]
[169, 179]
[146, 179]
[119, 179]
[91, 179]
[16, 179]
[159, 179]
[36, 179]
[170, 179]
[66, 179]
[163, 179]
[71, 179]
[96, 179]
[164, 179]
[179, 184]
[54, 179]
[46, 179]
[59, 179]
[155, 179]
[14, 179]
[144, 179]
[179, 185]
[55, 179]
[147, 179]
[43, 179]
[148, 179]
[38, 179]
[7, 179]
[179, 181]
[95, 179]
[120, 179]
[156, 179]
[122, 179]
[58, 122]
[122, 146]
[73, 122]
[96, 122]
[122, 186]
[122, 185]
[122, 148]
[122, 181]
[65, 122]
[122, 166]
[122, 142]
[95, 122]
[120, 122]
[122, 156]
[1, 156]
[87, 156]
[2, 156]
[129, 156]
[25, 156]
[11, 156]
[126, 156]
[33, 156]
[35, 156]
[69, 156]
[117, 156]
[50, 156]
[21, 156]
[26, 156]
[24, 156]
[103, 156]
[156, 174]
[130, 156]
[53, 156]
[156, 157]
[101, 156]
[76, 156]
[93, 156]
[153, 156]
[30, 156]
[151, 156]
[31, 156]
[22, 156]
[32, 156]
[9, 156]
[100, 156]
[83, 156]
[19, 156]
[132, 156]
[13, 156]
[112, 156]
[5, 156]
[80, 156]
[145, 156]
[156, 167]
[60, 156]
[156, 169]
[16, 156]
[136, 156]
[4, 156]
[71, 156]
[34, 156]
[84, 156]
[156, 159]
[54, 156]
[155, 156]
[55, 156]
[106, 156]
[118, 156]
[66, 156]
[131, 156]
[77, 156]
[156, 170]
[146, 156]
[105, 156]
[91, 156]
[63, 156]
[156, 180]
[46, 156]
[14, 156]
[37, 156]
[110, 156]
[42, 156]
[68, 156]
[144, 156]
[156, 165]
[99, 156]
[73, 156]
[59, 156]
[148, 156]
[142, 156]
[95, 156]
[120, 156]
[85, 120]
[87, 120]
[2, 120]
[120, 129]
[20, 120]
[33, 120]
[120, 177]
[69, 120]
[50, 120]
[120, 128]
[17, 120]
[53, 120]
[120, 188]
[120, 171]
[120, 157]
[76, 120]
[93, 120]
[120, 153]
[98, 120]
[45, 120]
[32, 120]
[48, 120]
[83, 120]
[19, 120]
[120, 132]
[13, 120]
[120, 172]
[112, 120]
[10, 120]
[80, 120]
[120, 121]
[120, 134]
[120, 154]
[72, 120]
[120, 158]
[60, 120]
[120, 169]
[16, 120]
[0, 120]
[120, 136]
[47, 120]
[49, 120]
[34, 120]
[84, 120]
[66, 120]
[120, 152]
[40, 120]
[120, 184]
[111, 120]
[14, 120]
[120, 137]
[42, 120]
[56, 120]
[120, 147]
[38, 120]
[120, 165]
[120, 138]
[96, 120]
[73, 120]
[120, 176]
[59, 120]
[118, 120]
[120, 131]
[77, 120]
[79, 120]
[120, 135]
[120, 146]
[120, 164]
[120, 180]
[110, 120]
[120, 144]
[120, 162]
[120, 143]
[7, 120]
[120, 185]
[120, 186]
[120, 142]
[1, 142]
[129, 142]
[20, 142]
[142, 189]
[142, 177]
[69, 142]
[117, 142]
[103, 142]
[142, 174]
[29, 142]
[142, 188]
[142, 171]
[142, 157]
[93, 142]
[142, 153]
[127, 142]
[15, 142]
[22, 142]
[52, 142]
[13, 142]
[112, 142]
[89, 142]
[104, 142]
[10, 142]
[81, 142]
[134, 142]
[142, 145]
[142, 167]
[60, 142]
[16, 142]
[47, 142]
[142, 159]
[106, 142]
[105, 142]
[63, 142]
[46, 142]
[116, 142]
[142, 158]
[0, 142]
[99, 142]
[54, 142]
[142, 155]
[34, 142]
[84, 142]
[119, 142]
[142, 163]
[142, 183]
[14, 142]
[142, 184]
[137, 142]
[49, 142]
[142, 166]
[73, 142]
[142, 148]
[135, 142]
[142, 162]
[110, 142]
[142, 186]
[142, 185]
[2, 185]
[64, 185]
[23, 185]
[185, 189]
[126, 185]
[69, 185]
[21, 185]
[24, 185]
[174, 185]
[29, 185]
[17, 185]
[53, 185]
[185, 188]
[101, 185]
[153, 185]
[175, 185]
[151, 185]
[70, 185]
[22, 185]
[32, 185]
[48, 185]
[83, 185]
[52, 185]
[172, 185]
[112, 185]
[5, 185]
[10, 185]
[134, 185]
[72, 185]
[167, 185]
[4, 185]
[67, 185]
[159, 185]
[105, 185]
[36, 185]
[158, 185]
[0, 185]
[54, 185]
[121, 185]
[108, 185]
[16, 185]
[40, 185]
[63, 185]
[46, 185]
[116, 185]
[155, 185]
[184, 185]
[137, 185]
[152, 185]
[49, 185]
[166, 185]
[147, 185]
[176, 185]
[59, 185]
[148, 185]
[135, 185]
[7, 185]
[77, 185]
[146, 185]
[164, 185]
[110, 185]
[185, 186]
[143, 185]
[95, 185]
[1, 95]
[87, 95]
[95, 129]
[64, 95]
[95, 123]
[23, 95]
[20, 95]
[95, 189]
[50, 95]
[24, 95]
[95, 174]
[95, 103]
[95, 130]
[53, 95]
[95, 109]
[95, 188]
[95, 171]
[76, 95]
[93, 95]
[95, 175]
[95, 98]
[30, 95]
[95, 151]
[95, 127]
[31, 95]
[92, 95]
[15, 95]
[22, 95]
[32, 95]
[51, 95]
[83, 95]
[19, 95]
[95, 112]
[89, 95]
[10, 95]
[95, 134]
[95, 145]
[72, 95]
[60, 95]
[47, 95]
[4, 95]
[67, 95]
[95, 159]
[95, 105]
[91, 95]
[80, 95]
[84, 95]
[66, 95]
[94, 95]
[95, 121]
[16, 95]
[95, 111]
[38, 95]
[95, 106]
[63, 95]
[95, 116]
[34, 95]
[95, 137]
[95, 152]
[56, 95]
[68, 95]
[95, 166]
[73, 95]
[95, 147]
[59, 95]
[95, 118]
[71, 95]
[95, 148]
[95, 162]
[7, 95]
[77, 95]
[95, 186]
[1, 186]
[64, 186]
[27, 186]
[28, 186]
[25, 186]
[20, 186]
[186, 189]
[126, 186]
[33, 186]
[35, 186]
[21, 186]
[24, 186]
[133, 186]
[103, 186]
[186, 188]
[171, 186]
[157, 186]
[101, 186]
[76, 186]
[175, 186]
[98, 186]
[151, 186]
[127, 186]
[31, 186]
[92, 186]
[15, 186]
[22, 186]
[32, 186]
[9, 186]
[83, 186]
[172, 186]
[112, 186]
[5, 186]
[10, 186]
[134, 186]
[145, 186]
[72, 186]
[167, 186]
[60, 186]
[169, 186]
[149, 186]
[136, 186]
[4, 186]
[67, 186]
[170, 186]
[91, 186]
[132, 186]
[158, 186]
[99, 186]
[94, 186]
[121, 186]
[16, 186]
[40, 186]
[63, 186]
[46, 186]
[55, 186]
[184, 186]
[137, 186]
[68, 186]
[166, 186]
[96, 186]
[147, 186]
[165, 186]
[118, 186]
[135, 186]
[162, 186]
[7, 186]
[138, 186]
[62, 186]
[146, 186]
[110, 186]
[1, 110]
[86, 110]
[110, 129]
[64, 110]
[27, 110]
[28, 110]
[110, 123]
[25, 110]
[20, 110]
[44, 110]
[74, 110]
[110, 177]
[35, 110]
[69, 110]
[24, 110]
[103, 110]
[110, 174]
[110, 114]
[29, 110]
[110, 188]
[110, 171]
[101, 110]
[76, 110]
[93, 110]
[110, 175]
[110, 113]
[110, 127]
[15, 110]
[70, 110]
[48, 110]
[83, 110]
[13, 110]
[110, 172]
[110, 112]
[104, 110]
[10, 110]
[110, 145]
[72, 110]
[110, 167]
[60, 110]
[110, 136]
[47, 110]
[67, 110]
[43, 110]
[110, 170]
[36, 110]
[80, 110]
[110, 158]
[84, 110]
[110, 181]
[66, 110]
[110, 119]
[110, 183]
[16, 110]
[110, 111]
[38, 110]
[110, 116]
[110, 137]
[73, 110]
[110, 147]
[59, 110]
[110, 131]
[71, 110]
[110, 135]
[110, 162]
[110, 138]
[55, 110]
[68, 110]
[110, 176]
[40, 110]
[42, 110]
[62, 110]
[14, 110]
[77, 110]
[77, 94]
[77, 121]
[77, 154]
[77, 108]
[63, 77]
[46, 77]
[77, 155]
[77, 165]
[77, 79]
[77, 146]
[77, 152]
[77, 106]
[37, 77]
[77, 116]
[77, 147]
[71, 77]
[77, 82]
[77, 164]
[77, 138]
[55, 77]
[68, 77]
[34, 77]
[77, 143]
[14, 77]
[1, 14]
[2, 14]
[14, 23]
[14, 74]
[14, 126]
[14, 177]
[14, 69]
[14, 24]
[14, 133]
[14, 174]
[14, 17]
[14, 53]
[14, 109]
[14, 157]
[14, 93]
[14, 153]
[14, 175]
[14, 112]
[14, 89]
[14, 104]
[5, 14]
[14, 72]
[14, 36]
[14, 80]
[14, 158]
[14, 84]
[14, 66]
[14, 132]
[14, 184]
[14, 169]
[4, 14]
[14, 96]
[14, 65]
[14, 166]
[14, 38]
[14, 73]
[14, 183]
[14, 170]
[14, 118]
[14, 91]
[14, 56]
[14, 42]
[14, 121]
[14, 146]
[14, 106]
[14, 137]
[14, 16]
[14, 82]
[14, 165]
[14, 34]
[14, 131]
[14, 152]
[14, 63]
[14, 46]
[14, 37]
[14, 116]
[14, 164]
[14, 138]
[14, 62]
[62, 99]
[62, 148]
[62, 162]
[62, 63]
[46, 62]
[62, 116]
[62, 138]
[62, 68]
[68, 160]
[68, 129]
[64, 68]
[28, 68]
[68, 123]
[23, 68]
[68, 189]
[11, 68]
[44, 68]
[68, 78]
[68, 74]
[68, 126]
[35, 68]
[68, 117]
[24, 68]
[68, 114]
[68, 109]
[68, 101]
[68, 93]
[68, 153]
[68, 175]
[68, 92]
[68, 70]
[32, 68]
[52, 68]
[68, 112]
[68, 134]
[68, 145]
[68, 159]
[68, 158]
[66, 68]
[68, 115]
[68, 96]
[38, 68]
[43, 68]
[68, 135]
[68, 176]
[68, 155]
[68, 146]
[15, 68]
[68, 147]
[51, 68]
[9, 68]
[68, 172]
[5, 68]
[60, 68]
[36, 68]
[68, 184]
[4, 68]
[49, 68]
[68, 181]
[68, 105]
[68, 163]
[55, 68]
[7, 68]
[16, 68]
[68, 82]
[68, 165]
[68, 131]
[40, 68]
[68, 79]
[68, 71]
[68, 91]
[68, 119]
[59, 68]
[42, 68]
[68, 162]
[68, 164]
[68, 99]
[68, 138]
[68, 143]
[46, 68]
[1, 46]
[23, 46]
[46, 126]
[33, 46]
[46, 177]
[46, 69]
[46, 117]
[21, 46]
[46, 103]
[46, 188]
[46, 76]
[46, 153]
[46, 83]
[13, 46]
[46, 112]
[46, 134]
[46, 145]
[46, 72]
[46, 159]
[46, 80]
[46, 158]
[46, 84]
[46, 115]
[46, 96]
[38, 46]
[43, 46]
[46, 146]
[46, 104]
[46, 167]
[46, 89]
[46, 47]
[46, 67]
[0, 46]
[46, 183]
[46, 170]
[15, 46]
[9, 46]
[5, 46]
[36, 46]
[46, 105]
[31, 46]
[46, 137]
[16, 46]
[46, 165]
[46, 131]
[46, 63]
[46, 91]
[46, 59]
[46, 162]
[46, 99]
[46, 166]
[46, 56]
[46, 111]
[7, 46]
[4, 46]
[46, 164]
[46, 144]
[1, 144]
[129, 144]
[27, 144]
[23, 144]
[123, 144]
[25, 144]
[126, 144]
[144, 177]
[35, 144]
[90, 144]
[103, 144]
[114, 144]
[29, 144]
[17, 144]
[130, 144]
[109, 144]
[144, 171]
[101, 144]
[76, 144]
[93, 144]
[144, 153]
[144, 175]
[112, 144]
[10, 144]
[134, 144]
[72, 144]
[144, 159]
[58, 144]
[80, 144]
[19, 144]
[144, 172]
[60, 144]
[144, 184]
[144, 163]
[144, 154]
[144, 169]
[65, 144]
[79, 144]
[144, 146]
[71, 144]
[116, 144]
[119, 144]
[138, 144]
[144, 148]
[144, 167]
[49, 144]
[144, 155]
[77, 144]
[14, 144]
[40, 144]
[67, 144]
[34, 144]
[15, 144]
[9, 144]
[5, 144]
[36, 144]
[105, 144]
[137, 144]
[16, 144]
[144, 165]
[131, 144]
[91, 144]
[144, 162]
[99, 144]
[144, 183]
[51, 144]
[144, 166]
[82, 144]
[111, 144]
[48, 111]
[111, 112]
[72, 111]
[84, 111]
[111, 135]
[19, 111]
[111, 136]
[54, 111]
[73, 111]
[94, 111]
[111, 116]
[111, 181]
[111, 138]
[111, 148]
[111, 167]
[106, 111]
[0, 111]
[13, 111]
[111, 121]
[55, 111]
[111, 170]
[7, 111]
[111, 164]
[111, 176]
[111, 146]
[111, 152]
[40, 111]
[63, 111]
[59, 111]
[36, 111]
[111, 137]
[111, 162]
[111, 183]
[51, 111]
[16, 111]
[111, 166]
[81, 166]
[158, 166]
[108, 166]
[119, 166]
[132, 166]
[166, 184]
[96, 166]
[134, 163]
[36, 158]
[89, 158]
[145, 165]
[121, 165]
[83, 165]
[112, 121]
[89, 172]
[48, 112]
[71, 158]
[134, 136]
[66, 101]
[66, 177]
[66, 126]
[20, 66]
[44, 66]
[63, 171]
[33, 66]
[66, 117]
[26, 66]
[17, 66]
[66, 130]
[66, 157]
[66, 93]
[66, 175]
[5, 66]
[66, 69]
[38, 66]
[9, 66]
[22, 66]
[66, 67]
[66, 167]
[36, 66]
[66, 121]
[66, 171]
[66, 145]
[66, 70]
[66, 104]
[66, 83]
[66, 80]
[66, 172]
[105, 159]
[38, 105]
[22, 105]
[67, 105]
[36, 105]
[105, 121]
[80, 105]
[5, 91]
[67, 91]
[83, 91]
[36, 91]
[91, 171]
[91, 134]
[22, 91]
[91, 172]
[91, 166]
[22, 60]
[60, 166]
[34, 40]
[40, 60]
[60, 91]
[26, 135]
[23, 135]
[117, 135]
[135, 174]
[135, 188]
[32, 106]
[33, 106]
[106, 126]
[135, 157]
[76, 135]
[93, 135]
[47, 135]
[69, 135]
[135, 159]
[94, 135]
[127, 135]
[134, 135]
[83, 135]
[36, 135]
[71, 135]
[135, 165]
[25, 73]
[24, 96]
[27, 73]
[23, 96]
[73, 189]
[22, 96]
[22, 73]
[29, 73]
[73, 117]
[21, 73]
[73, 133]
[73, 103]
[17, 73]
[73, 130]
[53, 73]
[73, 109]
[73, 101]
[69, 73]
[9, 73]
[15, 73]
[73, 159]
[73, 94]
[73, 127]
[73, 145]
[36, 73]
[73, 166]
[73, 165]
[27, 65]
[2, 65]
[65, 129]
[48, 135]
[48, 65]
[48, 99]
[48, 137]
[48, 49]
[48, 138]
[48, 116]
[48, 131]
[48, 59]
[48, 118]
[91, 112]
[91, 136]
[129, 146]
[9, 184]
[70, 184]
[94, 184]
[22, 184]
[159, 184]
[38, 184]
[67, 184]
[145, 184]
[89, 184]
[4, 184]
[81, 184]
[91, 184]
[0, 184]
[72, 184]
[105, 184]
[136, 184]
[146, 184]
[116, 184]
[183, 184]
[84, 184]
[137, 184]
[13, 184]
[49, 184]
[52, 135]
[52, 165]
[23, 170]
[1, 170]
[29, 170]
[24, 170]
[25, 170]
[20, 170]
[44, 170]
[126, 170]
[117, 170]
[26, 170]
[103, 170]
[17, 170]
[130, 170]
[157, 170]
[101, 170]
[5, 170]
[35, 170]
[69, 170]
[154, 170]
[134, 170]
[9, 170]
[70, 170]
[22, 170]
[15, 170]
[121, 170]
[94, 170]
[159, 170]
[38, 170]
[145, 170]
[163, 170]
[170, 181]
[52, 91]
[73, 170]
[60, 170]
[65, 188]
[25, 65]
[48, 147]
[104, 147]
[65, 149]
[65, 117]
[50, 65]
[65, 128]
[65, 174]
[53, 65]
[65, 109]
[65, 157]
[65, 101]
[65, 93]
[65, 175]
[65, 98]
[45, 65]
[5, 65]
[65, 69]
[35, 65]
[65, 92]
[65, 171]
[65, 153]
[31, 65]
[32, 65]
[10, 65]
[65, 134]
[65, 83]
[65, 127]
[9, 65]
[15, 65]
[65, 94]
[65, 145]
[36, 65]
[65, 80]
[65, 121]
[65, 159]
[65, 172]
[65, 115]
[65, 165]
[34, 65]
[65, 73]
[60, 65]
[65, 170]
[135, 158]
[33, 99]
[99, 126]
[13, 92]
[40, 158]
[60, 158]
[158, 170]
[48, 66]
[66, 158]
[66, 135]
[60, 66]
[66, 181]
[64, 96]
[74, 96]
[21, 96]
[96, 133]
[96, 174]
[17, 96]
[96, 130]
[53, 96]
[96, 109]
[93, 96]
[51, 96]
[96, 104]
[32, 96]
[63, 79]
[79, 123]
[96, 154]
[96, 163]
[63, 163]
[63, 70]
[63, 94]
[63, 104]
[63, 80]
[48, 63]
[63, 83]
[63, 145]
[63, 158]
[40, 63]
[63, 112]
[63, 136]
[63, 164]
[43, 63]
[63, 72]
[7, 63]
[16, 63]
[52, 63]
[63, 119]
[63, 81]
[63, 183]
[63, 84]
[63, 106]
[63, 166]
[63, 89]
[63, 146]
[49, 63]
[37, 63]
[63, 152]
[19, 66]
[19, 170]
[105, 163]
[105, 170]
[74, 99]
[48, 105]
[13, 115]
[19, 96]
[24, 43]
[19, 135]
[43, 129]
[47, 96]
[108, 133]
[52, 66]
[43, 74]
[23, 43]
[1, 43]
[43, 177]
[43, 117]
[21, 43]
[43, 174]
[43, 157]
[43, 93]
[5, 43]
[43, 82]
[43, 153]
[22, 43]
[43, 171]
[43, 159]
[43, 47]
[43, 83]
[32, 43]
[38, 43]
[43, 104]
[43, 167]
[43, 134]
[40, 43]
[43, 80]
[43, 163]
[43, 165]
[43, 170]
[43, 73]
[0, 28]
[0, 64]
[84, 170]
[32, 84]
[0, 163]
[0, 85]
[0, 1]
[0, 87]
[0, 160]
[0, 129]
[0, 123]
[0, 23]
[0, 25]
[0, 189]
[0, 44]
[0, 126]
[0, 21]
[0, 24]
[0, 90]
[0, 174]
[0, 130]
[0, 53]
[0, 109]
[0, 188]
[0, 93]
[0, 69]
[0, 127]
[0, 171]
[0, 154]
[0, 83]
[0, 38]
[0, 10]
[0, 94]
[0, 167]
[0, 134]
[0, 121]
[0, 145]
[0, 67]
[0, 9]
[0, 70]
[0, 40]
[0, 71]
[0, 165]
[0, 60]
[0, 73]
[0, 43]
[72, 159]
[47, 72]
[38, 72]
[36, 72]
[29, 162]
[28, 162]
[27, 162]
[2, 162]
[19, 158]
[162, 175]
[26, 162]
[25, 162]
[20, 162]
[162, 188]
[162, 189]
[103, 162]
[114, 162]
[17, 162]
[130, 162]
[101, 162]
[94, 162]
[162, 171]
[83, 162]
[134, 162]
[19, 162]
[70, 162]
[162, 167]
[145, 162]
[121, 162]
[66, 162]
[159, 162]
[104, 108]
[28, 108]
[1, 108]
[108, 189]
[74, 108]
[108, 126]
[108, 117]
[76, 108]
[108, 127]
[108, 154]
[10, 108]
[94, 108]
[53, 108]
[32, 108]
[108, 134]
[108, 167]
[108, 145]
[67, 108]
[66, 108]
[40, 108]
[108, 159]
[36, 108]
[72, 163]
[108, 163]
[72, 135]
[72, 165]
[108, 165]
[60, 72]
[72, 73]
[0, 72]
[60, 108]
[73, 108]
[0, 108]
[52, 105]
[66, 105]
[0, 105]
[83, 137]
[70, 137]
[137, 145]
[19, 137]
[94, 137]
[80, 137]
[137, 166]
[135, 137]
[36, 137]
[72, 137]
[40, 137]
[137, 148]
[2, 148]
[129, 148]
[28, 148]
[123, 148]
[20, 148]
[11, 148]
[126, 148]
[33, 148]
[26, 148]
[24, 148]
[114, 148]
[17, 148]
[130, 148]
[148, 157]
[101, 148]
[30, 148]
[58, 148]
[109, 148]
[148, 153]
[133, 148]
[76, 148]
[148, 154]
[31, 148]
[92, 148]
[148, 151]
[15, 148]
[47, 148]
[71, 148]
[10, 148]
[104, 148]
[38, 148]
[148, 159]
[9, 148]
[127, 148]
[145, 148]
[19, 148]
[121, 148]
[66, 148]
[60, 148]
[148, 170]
[52, 148]
[70, 148]
[108, 148]
[148, 166]
[36, 148]
[72, 148]
[40, 148]
[43, 91]
[0, 91]
[148, 184]
[148, 152]
[4, 148]
[146, 148]
[119, 148]
[79, 148]
[148, 162]
[37, 148]
[112, 148]
[148, 183]
[13, 148]
[49, 148]
[84, 148]
[74, 84]
[84, 153]
[47, 84]
[10, 84]
[38, 84]
[84, 159]
[84, 167]
[84, 127]
[84, 165]
[84, 145]
[84, 121]
[84, 163]
[48, 84]
[84, 105]
[84, 137]
[84, 91]
[40, 84]
[72, 84]
[84, 143]
[84, 152]
[19, 84]
[84, 158]
[84, 119]
[84, 162]
[42, 84]
[84, 96]
[84, 132]
[84, 176]
[65, 84]
[60, 84]
[84, 112]
[84, 183]
[84, 89]
[84, 136]
[66, 136]
[105, 136]
[136, 170]
[40, 136]
[136, 138]
[136, 162]
[37, 136]
[42, 136]
[132, 136]
[136, 176]
[19, 136]
[49, 136]
[116, 136]
[112, 136]
[79, 112]
[112, 137]
[108, 112]
[112, 143]
[112, 152]
[112, 138]
[81, 112]
[112, 119]
[112, 162]
[37, 112]
[42, 112]
[112, 132]
[112, 176]
[112, 116]
[2, 116]
[116, 129]
[64, 116]
[27, 116]
[23, 116]
[116, 189]
[74, 116]
[116, 126]
[33, 116]
[116, 117]
[50, 116]
[26, 116]
[24, 116]
[114, 116]
[103, 116]
[116, 157]
[101, 116]
[35, 116]
[53, 116]
[76, 116]
[116, 133]
[47, 116]
[104, 116]
[38, 116]
[116, 172]
[116, 127]
[70, 116]
[116, 167]
[116, 145]
[15, 116]
[36, 116]
[52, 116]
[116, 181]
[116, 121]
[116, 165]
[40, 116]
[89, 116]
[43, 116]
[4, 116]
[116, 170]
[13, 116]
[19, 116]
[116, 152]
[116, 138]
[116, 119]
[116, 162]
[116, 132]
[129, 132]
[28, 132]
[20, 132]
[132, 189]
[74, 132]
[33, 132]
[132, 177]
[117, 132]
[50, 132]
[26, 132]
[103, 132]
[29, 132]
[17, 132]
[132, 188]
[101, 132]
[132, 175]
[5, 132]
[109, 132]
[53, 132]
[82, 132]
[76, 132]
[132, 171]
[104, 132]
[38, 132]
[32, 132]
[132, 163]
[70, 132]
[94, 132]
[67, 132]
[132, 145]
[132, 154]
[15, 132]
[73, 132]
[132, 135]
[132, 134]
[71, 132]
[121, 132]
[132, 165]
[43, 132]
[132, 170]
[65, 132]
[91, 132]
[132, 143]
[132, 152]
[132, 138]
[81, 132]
[132, 158]
[37, 132]
[132, 183]
[19, 132]
[49, 132]
[108, 132]
[119, 132]
[2, 119]
[64, 119]
[27, 119]
[23, 119]
[25, 119]
[119, 189]
[44, 119]
[26, 119]
[103, 119]
[119, 175]
[69, 119]
[35, 119]
[109, 119]
[76, 119]
[119, 159]
[22, 119]
[119, 127]
[119, 163]
[70, 119]
[83, 119]
[104, 119]
[52, 119]
[10, 119]
[40, 119]
[66, 119]
[105, 119]
[72, 119]
[119, 162]
[119, 165]
[13, 119]
[119, 170]
[91, 119]
[119, 146]
[19, 119]
[108, 119]
[43, 119]
[16, 119]
[59, 119]
[119, 143]
[119, 183]
[42, 119]
[56, 119]
[119, 147]
[55, 119]
[106, 119]
[119, 152]
[20, 152]
[33, 152]
[152, 177]
[117, 152]
[50, 152]
[103, 152]
[152, 174]
[152, 188]
[101, 152]
[93, 152]
[5, 152]
[69, 152]
[35, 152]
[53, 152]
[152, 153]
[76, 152]
[38, 152]
[70, 152]
[80, 152]
[152, 154]
[36, 152]
[134, 152]
[105, 152]
[72, 152]
[104, 152]
[9, 152]
[89, 152]
[0, 152]
[152, 167]
[15, 152]
[152, 172]
[51, 152]
[152, 162]
[40, 152]
[108, 152]
[37, 152]
[152, 176]
[79, 152]
[99, 152]
[138, 152]
[4, 152]
[34, 152]
[65, 152]
[59, 152]
[60, 152]
[131, 152]
[106, 152]
[143, 152]
[152, 155]
[1, 155]
[155, 160]
[64, 155]
[23, 155]
[25, 155]
[20, 155]
[155, 189]
[141, 155]
[126, 155]
[33, 155]
[117, 155]
[50, 155]
[21, 155]
[26, 155]
[24, 155]
[114, 155]
[155, 174]
[29, 155]
[155, 188]
[155, 157]
[155, 175]
[5, 155]
[53, 155]
[153, 155]
[155, 171]
[47, 155]
[38, 155]
[32, 155]
[70, 155]
[83, 155]
[145, 155]
[80, 155]
[154, 155]
[36, 155]
[66, 155]
[105, 155]
[72, 155]
[71, 155]
[31, 155]
[94, 155]
[0, 155]
[67, 155]
[155, 167]
[84, 155]
[112, 155]
[155, 172]
[51, 155]
[155, 165]
[73, 155]
[40, 155]
[137, 155]
[108, 155]
[43, 155]
[155, 176]
[96, 155]
[132, 155]
[155, 181]
[13, 155]
[49, 155]
[155, 183]
[138, 155]
[4, 155]
[99, 155]
[155, 166]
[59, 155]
[56, 155]
[55, 155]
[1, 55]
[55, 160]
[55, 129]
[20, 55]
[55, 189]
[55, 141]
[55, 88]
[44, 55]
[55, 124]
[55, 126]
[33, 55]
[21, 55]
[24, 55]
[55, 90]
[17, 55]
[55, 93]
[55, 161]
[5, 55]
[35, 55]
[55, 82]
[55, 133]
[55, 76]
[55, 171]
[38, 55]
[32, 55]
[55, 83]
[55, 145]
[55, 154]
[36, 55]
[55, 159]
[55, 134]
[55, 115]
[55, 105]
[55, 135]
[55, 71]
[55, 136]
[31, 55]
[55, 94]
[55, 89]
[48, 55]
[55, 84]
[55, 112]
[55, 172]
[55, 165]
[55, 170]
[55, 108]
[43, 55]
[55, 176]
[55, 79]
[55, 96]
[55, 181]
[13, 55]
[49, 55]
[55, 146]
[19, 55]
[55, 183]
[4, 55]
[55, 162]
[55, 137]
[55, 166]
[54, 55]
[55, 91]
[55, 116]
[55, 118]
[55, 147]
[1, 147]
[2, 147]
[27, 147]
[74, 147]
[126, 147]
[33, 147]
[117, 147]
[24, 147]
[147, 174]
[29, 147]
[17, 147]
[147, 175]
[69, 147]
[109, 147]
[76, 147]
[147, 171]
[47, 147]
[32, 147]
[70, 147]
[147, 159]
[134, 147]
[135, 147]
[9, 147]
[147, 167]
[15, 147]
[10, 147]
[81, 147]
[112, 147]
[147, 172]
[51, 147]
[147, 165]
[147, 158]
[147, 170]
[73, 147]
[40, 147]
[79, 147]
[96, 147]
[13, 147]
[146, 147]
[147, 183]
[147, 162]
[137, 147]
[138, 147]
[131, 147]
[60, 147]
[147, 148]
[59, 147]
[147, 166]
[37, 147]
[63, 147]
[4, 63]
[55, 63]
[63, 138]
[2, 138]
[27, 138]
[23, 138]
[25, 138]
[74, 138]
[126, 138]
[138, 177]
[21, 138]
[26, 138]
[103, 138]
[138, 174]
[29, 138]
[101, 138]
[35, 138]
[109, 138]
[22, 138]
[127, 138]
[138, 145]
[80, 138]
[138, 154]
[36, 138]
[138, 163]
[92, 138]
[72, 138]
[121, 138]
[89, 138]
[0, 138]
[49, 138]
[32, 138]
[70, 138]
[138, 159]
[138, 167]
[55, 60]
[55, 148]
[52, 158]
[72, 158]
[0, 158]
[13, 32]
[9, 13]
[13, 76]
[13, 40]
[13, 145]
[13, 163]
[13, 167]
[13, 135]
[13, 170]
[13, 166]
[13, 108]
[13, 105]
[51, 89]
[66, 89]
[43, 89]
[54, 73]
[54, 174]
[54, 93]
[29, 54]
[45, 54]
[54, 129]
[54, 173]
[54, 181]
[54, 126]
[54, 58]
[44, 54]
[53, 54]
[54, 103]
[54, 90]
[54, 188]
[22, 54]
[13, 91]
[37, 50]
[37, 104]
[1, 37]
[23, 37]
[37, 82]
[37, 103]
[37, 93]
[37, 53]
[36, 37]
[37, 69]
[37, 117]
[37, 154]
[37, 67]
[37, 51]
[59, 153]
[35, 59]
[37, 172]
[15, 37]
[37, 159]
[37, 121]
[37, 83]
[34, 37]
[37, 94]
[37, 66]
[19, 37]
[37, 171]
[37, 70]
[37, 167]
[37, 135]
[37, 170]
[37, 105]
[37, 72]
[0, 37]
[13, 37]
[16, 116]
[16, 91]
[16, 37]
[81, 127]
[81, 157]
[69, 81]
[81, 117]
[81, 133]
[81, 174]
[81, 154]
[48, 81]
[15, 81]
[81, 134]
[81, 83]
[17, 81]
[81, 94]
[43, 81]
[19, 81]
[81, 153]
[81, 165]
[76, 81]
[40, 81]
[81, 145]
[70, 81]
[81, 167]
[81, 105]
[52, 81]
[0, 81]
[37, 81]
[72, 89]
[16, 148]
[21, 59]
[26, 59]
[2, 59]
[1, 59]
[59, 177]
[59, 74]
[59, 127]
[59, 104]
[47, 59]
[59, 101]
[59, 103]
[29, 59]
[59, 109]
[28, 59]
[25, 59]
[59, 188]
[23, 59]
[59, 80]
[59, 157]
[59, 117]
[59, 174]
[59, 154]
[20, 59]
[59, 159]
[59, 112]
[59, 134]
[59, 83]
[38, 59]
[17, 59]
[59, 181]
[59, 67]
[44, 118]
[118, 177]
[59, 130]
[59, 136]
[19, 59]
[59, 165]
[40, 59]
[59, 145]
[59, 135]
[59, 170]
[59, 166]
[59, 158]
[52, 56]
[56, 158]
[56, 188]
[56, 93]
[56, 104]
[56, 149]
[1, 56]
[47, 56]
[56, 126]
[56, 80]
[56, 69]
[56, 172]
[15, 56]
[56, 121]
[56, 153]
[56, 76]
[56, 70]
[56, 163]
[56, 108]
[56, 184]
[56, 84]
[56, 66]
[43, 56]
[56, 159]
[56, 112]
[56, 134]
[17, 56]
[56, 67]
[56, 136]
[56, 165]
[56, 166]
[51, 56]
[56, 132]
[56, 116]
[13, 56]
[56, 91]
[56, 148]
[37, 56]
[16, 56]
[56, 59]
[56, 72]
[0, 56]
[7, 56]
[56, 138]
[52, 59]
[59, 171]
[59, 116]
[13, 59]
[22, 131]
[21, 131]
[29, 131]
[47, 131]
[5, 131]
[131, 175]
[109, 131]
[35, 131]
[71, 131]
[131, 153]
[32, 131]
[108, 131]
[131, 184]
[84, 131]
[66, 131]
[43, 131]
[127, 131]
[131, 154]
[131, 159]
[38, 131]
[131, 181]
[19, 131]
[131, 165]
[131, 145]
[131, 170]
[131, 166]
[131, 158]
[131, 167]
[52, 131]
[131, 171]
[91, 131]
[131, 148]
[0, 131]
[106, 131]
[131, 146]
[131, 164]
[81, 131]
[96, 131]
[79, 131]
[60, 131]
[54, 131]
[131, 138]
[7, 119]
[7, 116]
[7, 91]
[1, 106]
[2, 106]
[17, 106]
[9, 106]
[23, 106]
[21, 106]
[47, 106]
[64, 106]
[106, 177]
[26, 106]
[106, 114]
[29, 106]
[82, 106]
[27, 106]
[92, 106]
[35, 106]
[22, 106]
[56, 169]
[56, 96]
[56, 81]
[49, 56]
[4, 56]
[56, 65]
[56, 60]
[56, 183]
[56, 176]
[54, 56]
[104, 118]
[1, 118]
[118, 160]
[81, 118]
[50, 118]
[118, 175]
[11, 118]
[118, 123]
[118, 188]
[35, 118]
[53, 118]
[115, 118]
[22, 118]
[71, 118]
[80, 118]
[49, 158]
[9, 49]
[29, 49]
[5, 49]
[49, 177]
[1, 49]
[49, 74]
[49, 109]
[33, 49]
[49, 93]
[49, 53]
[49, 71]
[10, 49]
[49, 69]
[49, 172]
[49, 189]
[49, 94]
[49, 153]
[43, 49]
[49, 127]
[49, 159]
[49, 134]
[17, 49]
[49, 181]
[49, 145]
[49, 135]
[49, 166]
[49, 51]
[13, 49]
[0, 49]
[49, 106]
[106, 157]
[70, 106]
[80, 106]
[106, 133]
[106, 127]
[106, 189]
[34, 106]
[94, 106]
[73, 106]
[106, 163]
[66, 106]
[43, 106]
[106, 117]
[106, 174]
[106, 154]
[106, 159]
[101, 106]
[106, 112]
[106, 181]
[106, 130]
[106, 136]
[59, 81]
[49, 81]
[4, 81]
[81, 164]
[106, 165]
[37, 96]
[96, 172]
[96, 121]
[73, 96]
[9, 96]
[70, 96]
[96, 105]
[83, 96]
[38, 96]
[96, 170]
[96, 158]
[52, 96]
[91, 96]
[49, 96]
[96, 146]
[89, 96]
[65, 96]
[60, 96]
[96, 176]
[54, 96]
[10, 118]
[69, 118]
[40, 106]
[23, 79]
[106, 135]
[4, 34]
[106, 166]
[106, 132]
[106, 116]
[91, 106]
[37, 106]
[38, 146]
[25, 146]
[93, 146]
[28, 146]
[27, 176]
[25, 176]
[0, 59]
[27, 146]
[107, 146]
[33, 146]
[21, 146]
[11, 146]
[123, 146]
[16, 59]
[7, 59]
[59, 91]
[37, 59]
[59, 146]
[59, 164]
[59, 79]
[59, 65]
[59, 183]
[59, 118]
[54, 59]
[90, 146]
[146, 188]
[92, 146]
[146, 151]
[24, 146]
[35, 146]
[23, 146]
[53, 146]
[115, 146]
[22, 146]
[71, 146]
[10, 146]
[36, 146]
[146, 172]
[15, 146]
[146, 189]
[94, 146]
[146, 153]
[146, 163]
[66, 146]
[43, 146]
[117, 146]
[146, 154]
[20, 146]
[17, 146]
[130, 146]
[135, 146]
[146, 166]
[146, 158]
[146, 167]
[52, 146]
[146, 171]
[13, 146]
[49, 146]
[4, 48]
[4, 53]
[4, 109]
[4, 104]
[4, 188]
[118, 172]
[15, 118]
[94, 118]
[73, 118]
[118, 153]
[9, 118]
[70, 118]
[118, 163]
[118, 159]
[101, 118]
[112, 118]
[67, 118]
[19, 118]
[118, 165]
[118, 135]
[118, 166]
[118, 158]
[118, 171]
[118, 132]
[118, 148]
[0, 118]
[106, 118]
[118, 164]
[89, 118]
[79, 118]
[65, 118]
[60, 118]
[4, 154]
[4, 36]
[4, 80]
[4, 10]
[4, 172]
[4, 73]
[4, 9]
[4, 163]
[4, 105]
[4, 66]
[4, 43]
[4, 83]
[4, 165]
[4, 40]
[4, 145]
[4, 135]
[4, 170]
[4, 158]
[4, 52]
[4, 13]
[4, 72]
[0, 4]
[4, 106]
[4, 49]
[53, 164]
[24, 164]
[27, 164]
[64, 164]
[74, 164]
[58, 164]
[5, 164]
[34, 164]
[10, 164]
[23, 164]
[164, 188]
[44, 164]
[50, 164]
[103, 164]
[126, 164]
[82, 164]
[35, 164]
[22, 164]
[71, 164]
[80, 164]
[48, 164]
[15, 164]
[94, 164]
[23, 183]
[47, 183]
[147, 164]
[91, 164]
[79, 91]
[153, 164]
[136, 164]
[32, 164]
[70, 164]
[105, 164]
[84, 164]
[157, 164]
[117, 164]
[112, 164]
[134, 164]
[19, 164]
[145, 164]
[164, 171]
[135, 164]
[158, 164]
[164, 166]
[55, 164]
[132, 164]
[0, 89]
[81, 89]
[52, 79]
[79, 154]
[79, 126]
[79, 103]
[79, 150]
[29, 79]
[79, 175]
[79, 124]
[79, 109]
[20, 79]
[71, 79]
[35, 79]
[53, 79]
[69, 79]
[79, 115]
[22, 79]
[79, 80]
[36, 79]
[15, 79]
[79, 105]
[66, 79]
[79, 174]
[79, 181]
[19, 79]
[79, 165]
[79, 135]
[79, 170]
[79, 166]
[79, 167]
[79, 171]
[13, 79]
[79, 106]
[79, 81]
[37, 79]
[4, 79]
[79, 89]
[65, 147]
[134, 183]
[109, 183]
[2, 183]
[60, 132]
[49, 60]
[60, 164]
[116, 164]
[60, 106]
[4, 60]
[37, 146]
[1, 183]
[113, 183]
[177, 183]
[58, 183]
[74, 183]
[103, 183]
[82, 183]
[21, 183]
[33, 183]
[93, 183]
[123, 183]
[183, 188]
[92, 183]
[24, 183]
[10, 183]
[121, 183]
[94, 183]
[73, 183]
[32, 183]
[76, 183]
[70, 183]
[163, 183]
[108, 183]
[159, 183]
[112, 183]
[83, 183]
[22, 183]
[71, 183]
[80, 183]
[36, 183]
[105, 183]
[66, 183]
[174, 183]
[181, 183]
[165, 183]
[170, 183]
[167, 183]
[52, 183]
[72, 183]
[69, 183]
[106, 183]
[116, 183]
[164, 183]
[146, 183]
[89, 183]
[43, 65]
[19, 65]
[0, 65]
[65, 158]
[13, 65]
[65, 72]
[65, 81]
[65, 79]
[65, 164]
[4, 146]
[91, 146]
[146, 164]
[65, 89]
[104, 176]
[129, 176]
[1, 176]
[2, 176]
[129, 169]
[169, 177]
[5, 169]
[152, 169]
[74, 169]
[114, 169]
[50, 169]
[5, 176]
[74, 176]
[44, 176]
[114, 176]
[50, 176]
[47, 176]
[9, 176]
[126, 176]
[103, 176]
[109, 176]
[33, 176]
[21, 176]
[11, 176]
[176, 188]
[172, 176]
[48, 176]
[34, 176]
[127, 176]
[117, 176]
[38, 176]
[17, 176]
[145, 176]
[51, 176]
[15, 176]
[154, 176]
[20, 176]
[135, 176]
[121, 176]
[76, 176]
[70, 176]
[163, 176]
[159, 176]
[22, 176]
[71, 176]
[56, 99]
[81, 176]
[105, 176]
[52, 176]
[49, 176]
[10, 176]
[73, 176]
[32, 176]
[134, 176]
[116, 118]
[83, 176]
[80, 176]
[37, 176]
[19, 176]
[0, 176]
[158, 176]
[13, 176]
[106, 176]
[72, 176]
[176, 183]
[65, 176]
[164, 176]
[146, 176]
[89, 176]
[118, 146]
[54, 172]
[49, 54]
[54, 121]
[54, 189]
[54, 153]
[54, 184]
[54, 84]
[54, 127]
[54, 117]
[38, 54]
[54, 136]
[40, 54]
[54, 145]
[20, 54]
[54, 135]
[54, 166]
[54, 148]
[54, 70]
[54, 163]
[54, 159]
[54, 71]
[54, 105]
[54, 167]
[52, 54]
[54, 171]
[54, 132]
[32, 54]
[54, 134]
[54, 69]
[43, 54]
[54, 106]
[54, 72]
[54, 81]
[54, 183]
[54, 79]
[54, 65]
[54, 164]
[54, 176]
[54, 146]
[54, 89]
[108, 169]
[29, 169]
[27, 169]
[126, 169]
[169, 175]
[93, 169]
[25, 169]
[33, 169]
[48, 169]
[34, 169]
[63, 169]
[155, 169]
[157, 169]
[67, 169]
[130, 169]
[35, 169]
[154, 169]
[165, 169]
[147, 169]
[119, 169]
[34, 42]
[42, 154]
[42, 165]
[42, 147]
[42, 83]
[19, 42]
[0, 42]
[42, 158]
[22, 42]
[42, 172]
[40, 42]
[42, 135]
[42, 121]
[42, 105]
[42, 167]
[42, 55]
[16, 42]
[42, 134]
[42, 43]
[4, 42]
[42, 183]
[42, 65]
[42, 91]
[42, 146]
[42, 89]
[42, 118]
[42, 138]
[42, 137]
[7, 42]
[42, 56]
[42, 59]
[42, 162]
[10, 169]
[80, 169]
[169, 170]
[22, 143]
[38, 169]
[116, 169]
[53, 169]
[127, 169]
[84, 169]
[20, 169]
[166, 169]
[163, 169]
[159, 169]
[79, 169]
[52, 169]
[153, 169]
[13, 169]
[145, 169]
[70, 169]
[132, 169]
[106, 169]
[72, 169]
[81, 169]
[164, 169]
[83, 169]
[54, 169]
[60, 176]
[54, 60]
[9, 99]
[99, 109]
[5, 99]
[47, 99]
[32, 99]
[99, 136]
[99, 188]
[15, 99]
[99, 112]
[10, 99]
[60, 183]
[48, 143]
[104, 143]
[74, 143]
[1, 143]
[143, 177]
[53, 143]
[129, 143]
[47, 143]
[143, 175]
[126, 143]
[82, 143]
[93, 143]
[21, 143]
[55, 169]
[134, 169]
[105, 169]
[169, 172]
[91, 169]
[59, 169]
[60, 89]
[89, 169]
[73, 162]
[16, 137]
[49, 137]
[131, 137]
[137, 183]
[137, 164]
[137, 158]
[81, 137]
[13, 137]
[137, 176]
[79, 137]
[54, 137]
[59, 137]
[38, 162]
[7, 162]
[106, 162]
[16, 162]
[13, 162]
[49, 162]
[162, 163]
[138, 170]
[40, 138]
[15, 138]
[138, 165]
[96, 138]
[4, 138]
[37, 138]
[10, 138]
[106, 138]
[60, 138]
[16, 138]
[138, 172]
[91, 138]
[138, 183]
[138, 164]
[13, 138]
[137, 138]
[65, 138]
[118, 138]
[131, 162]
[81, 162]
[105, 162]
[79, 162]
[162, 183]
[162, 169]
[59, 162]
[162, 164]
[65, 137]
[118, 137]
[118, 169]
[65, 169]
[65, 162]
[37, 99]
[99, 167]
[43, 99]
[83, 99]
[53, 99]
[99, 166]
[99, 132]
[84, 99]
[94, 99]
[99, 153]
[99, 171]
[36, 99]
[99, 159]
[99, 121]
[72, 99]
[49, 99]
[99, 163]
[55, 99]
[99, 158]
[99, 176]
[91, 99]
[54, 99]
[99, 131]
[81, 99]
[16, 99]
[99, 183]
[99, 164]
[79, 99]
[99, 137]
[59, 99]
[13, 99]
[65, 99]
[37, 143]
[96, 143]
[7, 143]
[38, 143]
[52, 143]
[62, 143]
[103, 143]
[63, 143]
[35, 143]
[143, 174]
[66, 143]
[80, 143]
[17, 143]
[143, 189]
[71, 143]
[143, 154]
[143, 147]
[0, 143]
[56, 143]
[73, 143]
[143, 170]
[143, 165]
[4, 143]
[10, 143]
[106, 143]
[94, 143]
[83, 143]
[143, 153]
[43, 143]
[143, 171]
[36, 143]
[143, 159]
[60, 143]
[121, 143]
[15, 143]
[143, 158]
[143, 172]
[81, 143]
[16, 143]
[89, 143]
[143, 183]
[79, 143]
[13, 143]
[143, 162]
[65, 143]
[99, 143]
