[4, 7, 8, 16, 17]
[7, 8, 9, 14, 16]
[2, 5, 7, 9, 10]
[2, 3, 5, 7, 9]
[3, 7, 8, 9, 14]
[3, 5, 7, 8, 9]
[3, 8, 9, 14, 15]
[3, 8, 9, 14, 21]
[3, 8, 9, 15, 21]
[8, 9, 14, 15, 21]
[1, 3, 5, 9, 10]
[1, 3, 9, 14, 15]
[1, 3, 9, 15, 21]
[3, 5, 6, 8, 20]
[3, 8, 14, 15, 20]
[8, 15, 17, 20, 21]
[4, 8, 16, 17, 20]
[0, 3, 7, 8, 14]
[0, 12, 14, 19, 21]
[1, 3, 14, 15, 20]
[1, 12, 13, 14, 19]
[1, 3, 9, 12, 14]
[1, 14, 15, 20, 21]
[1, 14, 19, 20, 21]
[0, 3, 12, 14, 21]
[2, 3, 5, 7, 10]
[2, 5, 7, 9, 24]
[2, 5, 7, 22, 24]
[1, 4, 12, 21, 24]
[1, 3, 5, 10, 20]
[3, 5, 6, 10, 20]
[3, 5, 7, 9, 10]
[1, 12, 14, 19, 21]
[1, 14, 15, 21, 22]
[1, 3, 14, 20, 21]
[1, 3, 15, 20, 21]
[1, 3, 14, 15, 21]
[3, 14, 15, 20, 21]
[2, 3, 5, 9, 10]
[4, 17, 20, 21, 24]
[15, 17, 20, 21, 24]
[11, 17, 19, 20, 21]
[11, 15, 17, 20, 21]
[4, 8, 17, 20, 21]
[3, 9, 12, 14, 21]
[1, 9, 12, 14, 21]
[9, 11, 14, 15, 21]
[3, 8, 14, 15, 21]
[3, 8, 14, 20, 21]
[11, 14, 15, 20, 21]
[11, 14, 19, 20, 21]
[0, 3, 8, 14, 21]
[0, 3, 6, 8, 21]
[1, 12, 14, 21, 22]
[1, 4, 20, 21, 24]
[1, 15, 20, 21, 24]
[1, 9, 14, 15, 21]
[1, 3, 12, 14, 21]
[1, 3, 9, 14, 21]
[3, 9, 14, 15, 21]
[1, 12, 21, 22, 24]
[3, 8, 15, 20, 21]
[8, 14, 15, 20, 21]
[3, 6, 8, 20, 21]
[1, 9, 12, 21, 24]
[2, 3, 7, 9, 10]
[1, 3, 9, 10, 12]
[1, 15, 21, 22, 24]
[1, 9, 15, 21, 24]
[1, 3, 9, 12, 21]
