[1, 4, 12, 21]
[1, 3, 12, 21]
[1, 14, 15, 21]
[3, 14, 15, 21]
[8, 14, 15, 21]
[9, 14, 15, 21]
[11, 14, 15, 21]
[3, 8, 15, 21]
[3, 6, 8, 21]
[2, 3, 9, 21]
[2, 3, 5, 7]
[2, 5, 7, 10]
[3, 5, 6, 8]
[3, 6, 8, 20]
[2, 3, 7, 10]
[3, 5, 7, 10]
[2, 5, 7, 24]
[2, 4, 7, 24]
[4, 12, 21, 24]
[2, 4, 21, 24]
[1, 4, 21, 24]
[1, 4, 12, 24]
[1, 4, 20, 24]
[4, 20, 21, 24]
[8, 16, 17, 20]
[8, 16, 17, 23]
[5, 8, 17, 20]
[8, 17, 20, 21]
[8, 15, 17, 23]
[4, 8, 17, 21]
[4, 8, 17, 20]
[4, 8, 16, 17]
[8, 15, 17, 21]
[8, 15, 17, 20]
[4, 16, 17, 20]
[4, 17, 20, 21]
[4, 10, 17, 20]
[11, 17, 20, 21]
[5, 10, 17, 20]
[11, 17, 19, 20]
[11, 17, 19, 23]
[11, 17, 19, 21]
[10, 17, 19, 23]
[17, 19, 20, 21]
[11, 15, 17, 21]
[11, 15, 17, 23]
[11, 15, 17, 20]
[15, 17, 20, 21]
[1, 4, 10, 12]
[1, 4, 10, 20]
[1, 3, 14, 15]
[3, 12, 14, 21]
[12, 14, 19, 21]
[12, 13, 14, 19]
[11, 14, 19, 21]
[2, 3, 5, 10]
[3, 5, 6, 10]
[1, 3, 15, 21]
[3, 8, 14, 15]
[3, 9, 14, 15]
[9, 11, 14, 15]
[3, 9, 15, 21]
[9, 11, 15, 18]
[14, 15, 21, 22]
[1, 14, 15, 22]
[1, 15, 21, 22]
[1, 14, 21, 22]
[1, 12, 14, 22]
[1, 12, 13, 14]
[1, 13, 14, 19]
[1, 12, 14, 19]
[0, 2, 3, 7]
[0, 3, 7, 14]
[0, 3, 14, 21]
[1, 3, 12, 14]
[1, 12, 22, 24]
[1, 5, 22, 24]
[1, 9, 15, 24]
[9, 15, 18, 24]
[9, 15, 21, 24]
[3, 8, 9, 15]
[8, 9, 15, 18]
[3, 5, 8, 20]
[3, 8, 15, 20]
[8, 15, 20, 21]
[8, 14, 15, 20]
[3, 8, 14, 20]
[8, 14, 16, 20]
[8, 14, 20, 21]
[3, 9, 12, 14]
[9, 12, 14, 16]
[4, 8, 16, 20]
[5, 6, 8, 20]
[6, 8, 20, 21]
[4, 8, 20, 21]
[3, 8, 20, 21]
[3, 14, 15, 20]
[11, 14, 15, 20]
[14, 15, 20, 21]
[1, 14, 15, 20]
[1, 3, 15, 20]
[1, 15, 20, 21]
[1, 3, 9, 12]
[1, 3, 5, 9]
[7, 9, 14, 16]
[7, 8, 14, 16]
[3, 7, 8, 14]
[7, 8, 9, 14]
[5, 7, 8, 9]
[7, 8, 9, 16]
[8, 9, 15, 21]
[8, 9, 14, 15]
[2, 7, 9, 10]
[5, 7, 9, 10]
[7, 9, 10, 18]
[3, 7, 9, 10]
[2, 5, 7, 9]
[2, 3, 7, 9]
[3, 5, 7, 9]
[2, 7, 9, 24]
[5, 7, 9, 24]
[7, 9, 18, 24]
[2, 5, 9, 24]
[9, 12, 18, 24]
[2, 9, 21, 24]
[1, 9, 10, 12]
[1, 5, 9, 10]
[15, 17, 20, 24]
[4, 17, 20, 24]
[5, 17, 20, 24]
[17, 20, 21, 24]
[10, 17, 19, 20]
[4, 7, 17, 24]
[4, 7, 16, 17]
[4, 7, 8, 16]
[3, 5, 7, 8]
[7, 8, 16, 17]
[5, 7, 8, 17]
[4, 7, 8, 17]
[2, 5, 7, 22]
[12, 14, 21, 22]
[6, 11, 20, 21]
[11, 19, 20, 21]
[1, 12, 21, 22]
[1, 12, 19, 21]
[1, 12, 13, 19]
[1, 13, 19, 23]
[0, 2, 3, 21]
[0, 3, 6, 21]
[0, 3, 12, 21]
[0, 12, 19, 21]
[1, 9, 12, 14]
[12, 21, 22, 24]
[2, 21, 22, 24]
[0, 6, 21, 24]
[0, 2, 21, 24]
[0, 12, 21, 24]
[1, 12, 21, 24]
[1, 21, 22, 24]
[15, 21, 22, 24]
[6, 20, 21, 24]
[3, 6, 20, 21]
[1, 19, 20, 21]
[1, 3, 20, 21]
[4, 17, 21, 24]
[12, 18, 22, 24]
[2, 5, 22, 24]
[1, 20, 21, 24]
[15, 17, 21, 24]
[1, 15, 21, 24]
[3, 9, 12, 21]
[9, 12, 21, 24]
[3, 8, 9, 21]
[3, 5, 8, 9]
[0, 3, 8, 21]
[0, 3, 6, 8]
[0, 6, 8, 21]
[7, 8, 9, 18]
[3, 7, 8, 9]
[0, 3, 7, 8]
[3, 8, 9, 14]
[8, 9, 14, 16]
[8, 9, 14, 21]
[3, 8, 14, 21]
[0, 3, 8, 14]
[0, 8, 14, 21]
[0, 7, 8, 14]
[2, 3, 5, 9]
[1, 12, 13, 24]
[15, 18, 22, 24]
[3, 7, 9, 14]
[5, 7, 10, 17]
[5, 6, 10, 20]
[3, 6, 10, 20]
[0, 12, 14, 19]
[3, 5, 6, 20]
[5, 6, 20, 24]
[5, 7, 22, 24]
[2, 7, 22, 24]
[7, 18, 22, 24]
[5, 7, 17, 24]
[0, 2, 7, 24]
[9, 11, 15, 21]
[3, 15, 20, 21]
[11, 15, 20, 21]
[15, 20, 21, 24]
[15, 17, 23, 24]
[1, 9, 12, 21]
[1, 3, 9, 21]
[1, 9, 21, 24]
[1, 3, 5, 20]
[11, 14, 20, 21]
[11, 14, 19, 20]
[1, 14, 19, 20]
[1, 14, 20, 21]
[1, 14, 19, 21]
[1, 12, 14, 21]
[14, 19, 20, 21]
[0, 14, 19, 21]
[0, 12, 14, 21]
[3, 14, 20, 21]
[1, 3, 14, 21]
[9, 12, 14, 21]
[9, 11, 14, 21]
[1, 4, 20, 21]
[1, 13, 23, 24]
[1, 5, 20, 24]
[1, 3, 14, 20]
[1, 9, 12, 24]
[1, 5, 9, 24]
[1, 15, 20, 24]
[1, 3, 10, 20]
[0, 3, 12, 14]
[1, 9, 14, 21]
[1, 5, 10, 20]
[3, 5, 10, 20]
[1, 10, 19, 20]
[9, 10, 12, 18]
[2, 5, 9, 10]
[2, 3, 9, 10]
[1, 3, 9, 10]
[3, 5, 9, 10]
[1, 3, 9, 14]
[3, 9, 14, 21]
[1, 9, 14, 15]
[1, 3, 5, 10]
[1, 3, 10, 12]
[3, 9, 10, 12]
[4, 7, 10, 17]
[2, 4, 7, 10]
[1, 15, 22, 24]
[1, 10, 12, 19]
[1, 10, 19, 23]
[1, 15, 23, 24]
[1, 9, 15, 21]
[1, 3, 9, 15]
