[13, 14]
[8, 14]
[8, 13]
[5, 13]
[12, 13]
[11, 13]
[3, 12]
[1, 12]
[4, 12]
[13, 41]
[2, 41]
[38, 49]
[6, 49]
[3, 49]
[1, 49]
[5, 49]
[7, 49]
[8, 49]
[9, 49]
[10, 49]
[11, 49]
[13, 49]
[17, 49]
[19, 49]
[20, 49]
[21, 49]
[22, 49]
[24, 49]
[26, 49]
[28, 49]
[29, 49]
[31, 49]
[34, 49]
[36, 49]
[39, 49]
[40, 49]
[42, 49]
[6, 41]
[1, 41]
[4, 41]
[7, 41]
[9, 41]
[15, 41]
[16, 41]
[20, 41]
[21, 41]
[25, 41]
[26, 41]
[28, 41]
[30, 41]
[31, 41]
[32, 41]
[34, 41]
[35, 41]
[37, 41]
[39, 41]
[40, 41]
[3, 20]
[10, 20]
[12, 20]
[5, 12]
[41, 85]
[41, 77]
[12, 16]
[12, 29]
[12, 35]
[10, 12]
[7, 12]
[12, 54]
[12, 77]
[12, 67]
[11, 12]
[12, 26]
[12, 28]
[12, 47]
[12, 43]
[12, 39]
[12, 75]
[12, 37]
[12, 30]
[12, 14]
[12, 48]
[12, 68]
[12, 59]
[8, 56]
[29, 56]
[27, 56]
[7, 56]
[56, 85]
[56, 77]
[56, 67]
[26, 56]
[28, 56]
[6, 56]
[29, 84]
[5, 84]
[1, 84]
[19, 84]
[27, 84]
[35, 84]
[10, 84]
[55, 84]
[54, 84]
[4, 5]
[1, 4]
[1, 5]
[13, 26]
[13, 28]
[13, 34]
[13, 47]
[13, 43]
[13, 56]
[13, 50]
[13, 79]
[13, 75]
[13, 89]
[13, 64]
[13, 57]
[8, 9]
[5, 8]
[9, 35]
[19, 35]
[11, 19]
[5, 11]
[5, 26]
[26, 27]
[1, 35]
[9, 19]
[4, 9]
[41, 67]
[41, 43]
[41, 75]
[6, 16]
[4, 6]
[41, 64]
[41, 57]
[14, 20]
[10, 14]
[7, 10]
[7, 19]
[5, 7]
[7, 27]
[7, 29]
[7, 36]
[7, 35]
[8, 19]
[1, 8]
[6, 8]
[1, 6]
[41, 59]
[41, 60]
[20, 23]
[11, 23]
[5, 23]
[41, 51]
[41, 87]
[41, 68]
[41, 88]
[41, 80]
[41, 44]
[41, 69]
[41, 48]
[41, 76]
[41, 45]
[41, 66]
[41, 89]
[41, 61]
[22, 50]
[9, 50]
[29, 50]
[19, 50]
[4, 50]
[16, 50]
[10, 50]
[7, 50]
[50, 55]
[50, 54]
[11, 50]
[6, 50]
[47, 50]
[4, 8]
[14, 16]
[14, 27]
[27, 40]
[36, 40]
[40, 42]
[10, 40]
[14, 29]
[14, 19]
[9, 14]
[14, 55]
[14, 84]
[11, 14]
[14, 47]
[14, 56]
[14, 79]
[2, 14]
[14, 23]
[24, 29]
[4, 24]
[5, 24]
[1, 24]
[16, 24]
[21, 24]
[8, 24]
[10, 24]
[7, 24]
[24, 55]
[24, 62]
[11, 24]
[24, 47]
[24, 56]
[24, 79]
[8, 35]
[6, 19]
[6, 36]
[7, 15]
[8, 15]
[6, 9]
[8, 16]
[6, 35]
[6, 15]
[9, 15]
[15, 29]
[5, 21]
[29, 88]
[36, 88]
[19, 88]
[21, 88]
[8, 88]
[10, 88]
[54, 88]
[62, 88]
[56, 88]
[79, 88]
[42, 88]
[23, 88]
[73, 88]
[33, 88]
[22, 88]
[58, 88]
[82, 88]
[46, 88]
[18, 88]
[78, 88]
[34, 88]
[26, 88]
[20, 88]
[52, 88]
[30, 88]
[81, 88]
[53, 88]
[0, 88]
[37, 88]
[71, 88]
[15, 88]
[77, 88]
[67, 88]
[31, 88]
[59, 88]
[60, 88]
[19, 36]
[4, 36]
[1, 36]
[27, 36]
[4, 19]
[1, 19]
[4, 21]
[6, 10]
[1, 15]
[6, 7]
[6, 54]
[10, 15]
[6, 84]
[6, 11]
[15, 54]
[5, 27]
[4, 27]
[5, 73]
[4, 73]
[36, 73]
[55, 73]
[54, 73]
[47, 73]
[2, 73]
[24, 73]
[14, 73]
[11, 79]
[9, 79]
[29, 79]
[4, 79]
[35, 79]
[16, 79]
[8, 79]
[7, 79]
[79, 84]
[62, 79]
[6, 79]
[50, 79]
[56, 79]
[11, 29]
[1, 11]
[11, 35]
[11, 16]
[7, 11]
[8, 11]
[4, 29]
[1, 29]
[29, 55]
[36, 55]
[27, 55]
[29, 40]
[35, 40]
[8, 40]
[7, 40]
[40, 54]
[11, 40]
[40, 47]
[40, 50]
[40, 73]
[12, 40]
[38, 40]
[40, 58]
[40, 82]
[3, 40]
[34, 40]
[28, 40]
[20, 40]
[40, 52]
[30, 40]
[40, 81]
[40, 53]
[11, 15]
[27, 29]
[29, 35]
[27, 35]
[6, 42]
[5, 42]
[5, 10]
[1, 10]
[13, 86]
[19, 86]
[21, 36]
[9, 21]
[16, 21]
[16, 36]
[35, 36]
[1, 16]
[4, 42]
[9, 42]
[13, 15]
[15, 47]
[15, 50]
[15, 79]
[12, 15]
[15, 33]
[10, 21]
[4, 10]
[4, 60]
[5, 60]
[13, 60]
[60, 79]
[15, 22]
[15, 46]
[3, 15]
[15, 18]
[15, 34]
[15, 26]
[15, 63]
[15, 82]
[15, 58]
[15, 74]
[15, 20]
[15, 30]
[15, 25]
[15, 17]
[15, 71]
[10, 19]
[10, 36]
[10, 29]
[29, 60]
[60, 77]
[9, 60]
[15, 67]
[3, 9]
[3, 4]
[14, 26]
[14, 28]
[11, 21]
[10, 11]
[11, 54]
[11, 62]
[11, 84]
[10, 35]
[7, 54]
[8, 54]
[5, 54]
[5, 45]
[1, 45]
[16, 17]
[17, 29]
[29, 54]
[1, 54]
[5, 17]
[4, 17]
[17, 19]
[14, 17]
[17, 23]
[23, 33]
[33, 56]
[5, 33]
[1, 23]
[6, 33]
[9, 33]
[4, 33]
[4, 23]
[29, 33]
[23, 27]
[33, 36]
[21, 42]
[13, 42]
[4, 54]
[61, 87]
[50, 61]
[35, 61]
[29, 61]
[9, 61]
[21, 61]
[8, 61]
[54, 61]
[11, 61]
[6, 61]
[42, 61]
[39, 61]
[61, 73]
[33, 61]
[3, 61]
[61, 78]
[34, 61]
[61, 63]
[58, 61]
[22, 61]
[29, 78]
[40, 61]
[40, 64]
[16, 64]
[7, 64]
[24, 64]
[64, 73]
[54, 64]
[64, 87]
[16, 55]
[21, 89]
[14, 89]
[36, 89]
[50, 89]
[88, 89]
[7, 89]
[6, 89]
[45, 89]
[31, 89]
[42, 89]
[44, 89]
[29, 89]
[10, 89]
[47, 89]
[34, 89]
[38, 89]
[83, 89]
[82, 89]
[62, 89]
[66, 89]
[25, 89]
[27, 54]
[36, 54]
[9, 54]
[10, 54]
[35, 54]
[15, 40]
[61, 88]
[9, 43]
[43, 50]
[13, 87]
[8, 87]
[49, 87]
[36, 87]
[19, 87]
[16, 87]
[12, 87]
[4, 87]
[84, 87]
[35, 87]
[21, 87]
[8, 55]
[21, 55]
[54, 55]
[13, 45]
[14, 45]
[27, 45]
[36, 45]
[45, 88]
[7, 45]
[45, 56]
[35, 45]
[6, 45]
[45, 54]
[45, 61]
[45, 87]
[45, 55]
[45, 64]
[12, 60]
[11, 60]
[60, 84]
[60, 61]
[20, 24]
[12, 22]
[20, 45]
[20, 73]
[20, 61]
[20, 60]
[6, 31]
[15, 31]
[4, 31]
[72, 89]
[5, 31]
[5, 39]
[16, 39]
[31, 64]
[31, 35]
[19, 31]
[1, 31]
[31, 56]
[15, 32]
[32, 50]
[24, 31]
[17, 35]
[8, 17]
[17, 50]
[7, 17]
[17, 56]
[13, 17]
[17, 21]
[6, 17]
[17, 40]
[17, 87]
[12, 17]
[9, 17]
[17, 55]
[17, 45]
[17, 20]
[17, 31]
[17, 42]
[17, 44]
[21, 31]
[11, 31]
[31, 45]
[31, 60]
[20, 31]
[7, 42]
[7, 44]
[13, 44]
[15, 44]
[19, 44]
[12, 44]
[27, 44]
[36, 44]
[40, 44]
[9, 44]
[44, 55]
[44, 45]
[71, 73]
[4, 71]
[44, 60]
[21, 44]
[67, 89]
[44, 61]
[20, 44]
[44, 64]
[27, 58]
[4, 58]
[36, 58]
[49, 58]
[13, 58]
[58, 73]
[6, 58]
[58, 87]
[12, 78]
[16, 78]
[1, 78]
[5, 78]
[14, 78]
[56, 78]
[13, 78]
[21, 78]
[78, 84]
[20, 78]
[16, 43]
[1, 43]
[5, 43]
[19, 43]
[14, 43]
[27, 43]
[36, 43]
[43, 88]
[43, 87]
[43, 45]
[27, 47]
[5, 47]
[4, 47]
[47, 60]
[60, 86]
[34, 60]
[60, 62]
[60, 66]
[23, 60]
[46, 60]
[51, 60]
[10, 60]
[30, 60]
[35, 47]
[7, 47]
[47, 55]
[45, 47]
[73, 86]
[4, 86]
[1, 86]
[14, 86]
[49, 86]
[9, 86]
[22, 52]
[14, 52]
[5, 52]
[16, 52]
[1, 52]
[27, 52]
[49, 52]
[8, 52]
[24, 52]
[35, 52]
[52, 79]
[52, 84]
[31, 52]
[21, 52]
[12, 52]
[20, 52]
[34, 52]
[52, 62]
[52, 66]
[23, 52]
[46, 52]
[51, 52]
[30, 52]
[52, 60]
[52, 76]
[43, 52]
[2, 52]
[55, 86]
[56, 86]
[48, 72]
[49, 72]
[19, 72]
[1, 72]
[27, 72]
[36, 72]
[56, 72]
[35, 72]
[7, 72]
[72, 79]
[31, 72]
[50, 72]
[9, 72]
[72, 87]
[20, 72]
[40, 72]
[72, 86]
[62, 72]
[66, 72]
[26, 72]
[42, 72]
[51, 72]
[10, 72]
[30, 72]
[58, 72]
[60, 72]
[72, 82]
[72, 78]
[52, 72]
[33, 72]
[32, 72]
[65, 72]
[70, 72]
[18, 72]
[72, 74]
[47, 72]
[0, 72]
[61, 72]
[67, 72]
[37, 72]
[2, 16]
[24, 86]
[13, 33]
[45, 86]
[10, 34]
[3, 10]
[10, 42]
[10, 51]
[10, 39]
[10, 82]
[10, 85]
[10, 43]
[2, 10]
[10, 64]
[10, 70]
[10, 83]
[10, 63]
[10, 66]
[10, 46]
[10, 67]
[8, 34]
[8, 62]
[36, 62]
[23, 84]
[7, 23]
[16, 23]
[23, 55]
[23, 79]
[23, 54]
[9, 23]
[21, 23]
[23, 29]
[23, 87]
[23, 89]
[23, 45]
[3, 23]
[7, 62]
[16, 62]
[1, 62]
[27, 62]
[35, 62]
[55, 62]
[9, 62]
[17, 26]
[3, 17]
[66, 84]
[82, 84]
[7, 82]
[29, 62]
[62, 87]
[21, 62]
[31, 62]
[45, 62]
[7, 26]
[6, 26]
[8, 26]
[26, 36]
[26, 54]
[26, 50]
[24, 26]
[26, 73]
[26, 29]
[26, 62]
[3, 8]
[3, 19]
[3, 36]
[3, 56]
[3, 79]
[3, 6]
[3, 35]
[3, 89]
[3, 7]
[3, 54]
[3, 50]
[3, 11]
[3, 29]
[3, 62]
[3, 21]
[85, 89]
[27, 85]
[3, 26]
[42, 84]
[42, 54]
[42, 50]
[19, 51]
[5, 51]
[16, 51]
[27, 51]
[36, 51]
[49, 51]
[8, 51]
[51, 88]
[9, 51]
[51, 87]
[35, 51]
[6, 51]
[51, 79]
[29, 51]
[7, 51]
[45, 51]
[51, 62]
[58, 79]
[58, 84]
[31, 58]
[11, 58]
[7, 58]
[54, 58]
[23, 58]
[21, 58]
[58, 62]
[26, 58]
[19, 39]
[4, 39]
[8, 39]
[39, 87]
[35, 39]
[6, 39]
[39, 84]
[31, 39]
[11, 39]
[39, 45]
[39, 42]
[26, 39]
[39, 58]
[8, 82]
[5, 82]
[19, 82]
[13, 82]
[4, 82]
[27, 82]
[36, 82]
[49, 82]
[9, 82]
[24, 82]
[31, 82]
[56, 82]
[21, 82]
[29, 82]
[54, 82]
[45, 82]
[42, 82]
[58, 82]
[39, 82]
[23, 85]
[26, 44]
[3, 44]
[42, 64]
[11, 85]
[6, 85]
[35, 85]
[4, 85]
[24, 85]
[9, 85]
[7, 85]
[29, 85]
[45, 85]
[62, 85]
[26, 85]
[3, 85]
[51, 85]
[42, 85]
[82, 85]
[21, 43]
[29, 43]
[23, 43]
[26, 43]
[3, 43]
[31, 34]
[1, 34]
[14, 34]
[27, 34]
[34, 35]
[16, 34]
[34, 87]
[21, 34]
[29, 34]
[3, 34]
[34, 39]
[34, 58]
[34, 82]
[28, 34]
[34, 70]
[34, 74]
[0, 34]
[34, 46]
[30, 34]
[39, 43]
[43, 58]
[22, 29]
[13, 22]
[1, 22]
[43, 64]
[43, 85]
[9, 28]
[5, 28]
[1, 28]
[27, 28]
[28, 35]
[16, 28]
[28, 79]
[28, 84]
[28, 87]
[28, 89]
[21, 28]
[28, 29]
[28, 45]
[28, 62]
[3, 28]
[28, 42]
[2, 9]
[2, 84]
[1, 2]
[2, 8]
[40, 67]
[67, 73]
[6, 67]
[8, 67]
[4, 67]
[16, 67]
[11, 67]
[67, 84]
[54, 67]
[31, 67]
[50, 67]
[21, 67]
[29, 67]
[26, 67]
[3, 67]
[51, 67]
[58, 67]
[44, 67]
[67, 82]
[67, 85]
[28, 67]
[67, 81]
[67, 70]
[67, 83]
[67, 74]
[47, 67]
[67, 86]
[67, 71]
[30, 67]
[38, 67]
[67, 78]
[53, 67]
[33, 67]
[32, 67]
[65, 67]
[22, 39]
[11, 22]
[6, 22]
[14, 22]
[19, 22]
[22, 35]
[22, 79]
[7, 22]
[22, 54]
[20, 22]
[22, 45]
[22, 62]
[22, 58]
[22, 44]
[22, 82]
[22, 64]
[22, 85]
[22, 28]
[22, 81]
[22, 83]
[22, 63]
[22, 74]
[22, 47]
[0, 22]
[22, 86]
[22, 66]
[22, 71]
[22, 46]
[22, 60]
[22, 78]
[22, 53]
[22, 33]
[22, 32]
[2, 7]
[2, 54]
[2, 31]
[2, 79]
[2, 23]
[2, 42]
[2, 29]
[11, 38]
[13, 38]
[36, 38]
[5, 38]
[35, 38]
[38, 73]
[24, 38]
[38, 87]
[38, 84]
[7, 38]
[20, 38]
[9, 38]
[38, 45]
[34, 38]
[38, 42]
[28, 38]
[29, 38]
[7, 76]
[76, 88]
[5, 76]
[19, 76]
[6, 76]
[4, 76]
[27, 76]
[35, 76]
[76, 84]
[54, 76]
[20, 76]
[31, 76]
[62, 76]
[10, 76]
[34, 76]
[42, 76]
[28, 76]
[2, 39]
[38, 39]
[39, 76]
[2, 85]
[38, 85]
[76, 85]
[20, 86]
[38, 48]
[48, 55]
[35, 48]
[27, 48]
[1, 48]
[36, 48]
[6, 48]
[48, 73]
[40, 48]
[24, 48]
[16, 48]
[48, 87]
[7, 48]
[48, 79]
[20, 48]
[21, 48]
[26, 48]
[3, 48]
[43, 48]
[48, 51]
[34, 48]
[48, 58]
[48, 60]
[48, 52]
[48, 85]
[48, 66]
[48, 53]
[48, 74]
[48, 77]
[48, 57]
[48, 68]
[48, 61]
[43, 60]
[38, 60]
[60, 76]
[21, 86]
[3, 86]
[43, 86]
[23, 86]
[26, 78]
[18, 78]
[43, 78]
[34, 78]
[58, 78]
[2, 78]
[38, 78]
[76, 78]
[39, 78]
[66, 78]
[71, 78]
[46, 78]
[58, 86]
[13, 66]
[14, 66]
[8, 66]
[35, 66]
[18, 35]
[18, 36]
[36, 66]
[1, 66]
[49, 66]
[55, 66]
[50, 66]
[66, 87]
[54, 66]
[31, 66]
[5, 66]
[56, 66]
[9, 66]
[45, 66]
[20, 66]
[26, 66]
[3, 66]
[58, 66]
[29, 66]
[13, 71]
[1, 71]
[36, 71]
[49, 71]
[35, 71]
[24, 71]
[8, 71]
[7, 71]
[71, 79]
[5, 71]
[14, 71]
[56, 71]
[55, 71]
[50, 71]
[71, 87]
[9, 71]
[71, 84]
[45, 71]
[23, 71]
[20, 71]
[26, 71]
[3, 71]
[58, 71]
[29, 71]
[66, 71]
[13, 46]
[46, 73]
[6, 46]
[35, 46]
[36, 46]
[4, 46]
[46, 54]
[46, 79]
[14, 46]
[46, 56]
[46, 55]
[46, 50]
[31, 46]
[46, 84]
[45, 46]
[46, 62]
[20, 46]
[26, 46]
[29, 46]
[46, 66]
[21, 30]
[9, 30]
[7, 30]
[6, 30]
[14, 30]
[21, 47]
[26, 47]
[47, 58]
[29, 47]
[47, 71]
[46, 47]
[43, 47]
[66, 82]
[28, 71]
[28, 47]
[2, 66]
[2, 47]
[38, 71]
[71, 76]
[46, 76]
[47, 76]
[66, 85]
[71, 85]
[46, 85]
[29, 86]
[28, 86]
[76, 86]
[85, 86]
[21, 53]
[27, 53]
[19, 53]
[1, 53]
[36, 53]
[49, 53]
[35, 53]
[53, 73]
[24, 53]
[8, 53]
[7, 53]
[53, 54]
[53, 79]
[53, 55]
[53, 87]
[31, 53]
[53, 84]
[53, 62]
[51, 53]
[10, 53]
[42, 53]
[39, 53]
[20, 53]
[34, 53]
[53, 82]
[2, 53]
[23, 53]
[53, 60]
[28, 53]
[53, 66]
[53, 76]
[53, 86]
[53, 78]
[30, 89]
[30, 84]
[30, 45]
[30, 62]
[30, 51]
[20, 30]
[3, 30]
[29, 30]
[30, 43]
[28, 30]
[30, 66]
[30, 71]
[30, 76]
[30, 53]
[47, 85]
[47, 86]
[47, 78]
[21, 81]
[12, 81]
[73, 81]
[6, 81]
[19, 81]
[4, 81]
[36, 81]
[49, 81]
[24, 81]
[11, 81]
[79, 81]
[5, 81]
[14, 81]
[81, 89]
[50, 81]
[81, 87]
[9, 81]
[62, 81]
[51, 81]
[26, 81]
[3, 81]
[2, 81]
[23, 81]
[29, 81]
[43, 81]
[52, 81]
[66, 81]
[76, 81]
[78, 81]
[47, 81]
[12, 70]
[11, 70]
[27, 70]
[41, 70]
[1, 70]
[70, 89]
[70, 79]
[36, 70]
[49, 70]
[60, 70]
[35, 70]
[16, 70]
[54, 70]
[5, 70]
[56, 70]
[15, 70]
[31, 70]
[9, 70]
[70, 84]
[62, 70]
[39, 70]
[26, 70]
[3, 70]
[70, 82]
[38, 70]
[23, 70]
[29, 70]
[52, 70]
[70, 71]
[46, 70]
[70, 76]
[70, 85]
[70, 86]
[70, 78]
[47, 70]
[27, 83]
[19, 83]
[4, 83]
[49, 83]
[35, 83]
[11, 83]
[6, 83]
[24, 83]
[50, 83]
[12, 83]
[5, 83]
[13, 83]
[56, 83]
[51, 83]
[42, 83]
[39, 83]
[26, 83]
[38, 83]
[23, 83]
[60, 83]
[43, 83]
[66, 83]
[46, 83]
[83, 86]
[78, 83]
[30, 83]
[47, 83]
[21, 63]
[9, 63]
[31, 63]
[50, 63]
[8, 63]
[17, 82]
[2, 17]
[47, 64]
[13, 63]
[64, 66]
[64, 71]
[63, 73]
[4, 63]
[1, 63]
[27, 63]
[49, 63]
[24, 63]
[12, 63]
[16, 63]
[5, 63]
[14, 63]
[35, 63]
[55, 63]
[54, 63]
[63, 79]
[56, 63]
[62, 63]
[42, 63]
[63, 82]
[39, 63]
[2, 63]
[28, 63]
[52, 63]
[63, 78]
[13, 74]
[12, 74]
[68, 79]
[21, 68]
[21, 33]
[33, 73]
[24, 33]
[33, 89]
[33, 35]
[61, 71]
[61, 66]
[30, 61]
[61, 85]
[46, 61]
[53, 64]
[53, 61]
[61, 76]
[63, 86]
[63, 85]
[46, 63]
[53, 63]
[63, 76]
[17, 58]
[17, 38]
[17, 22]
[64, 83]
[64, 81]
[63, 81]
[61, 70]
[63, 70]
[61, 83]
[63, 83]
[18, 21]
[16, 18]
[9, 18]
[4, 18]
[18, 55]
[18, 84]
[6, 18]
[7, 18]
[18, 31]
[18, 54]
[18, 56]
[12, 18]
[3, 18]
[18, 79]
[18, 39]
[33, 55]
[33, 76]
[10, 33]
[33, 51]
[33, 34]
[33, 62]
[33, 53]
[33, 64]
[33, 79]
[33, 39]
[33, 42]
[33, 82]
[2, 33]
[20, 33]
[33, 83]
[33, 66]
[30, 33]
[33, 81]
[7, 74]
[11, 74]
[19, 74]
[49, 74]
[4, 74]
[73, 74]
[24, 74]
[29, 74]
[74, 89]
[8, 74]
[58, 74]
[31, 74]
[54, 74]
[3, 74]
[47, 74]
[21, 74]
[74, 85]
[74, 78]
[51, 74]
[74, 79]
[74, 76]
[35, 74]
[42, 74]
[70, 74]
[66, 74]
[74, 86]
[74, 81]
[46, 74]
[64, 74]
[33, 74]
[38, 44]
[2, 44]
[61, 67]
[44, 86]
[44, 70]
[44, 81]
[44, 74]
[33, 44]
[0, 12]
[0, 16]
[0, 7]
[0, 4]
[0, 1]
[0, 79]
[0, 27]
[0, 49]
[0, 19]
[0, 11]
[0, 87]
[0, 9]
[0, 84]
[0, 54]
[0, 13]
[0, 29]
[0, 21]
[0, 60]
[0, 51]
[0, 23]
[0, 82]
[0, 39]
[0, 42]
[0, 3]
[0, 52]
[0, 85]
[0, 70]
[63, 74]
[44, 63]
[33, 63]
[0, 81]
[0, 83]
[0, 74]
[0, 76]
[0, 44]
[13, 18]
[5, 18]
[18, 43]
[18, 82]
[18, 42]
[18, 20]
[18, 85]
[2, 18]
[18, 60]
[18, 86]
[18, 66]
[18, 22]
[18, 30]
[18, 81]
[18, 63]
[12, 32]
[8, 32]
[9, 32]
[32, 87]
[11, 32]
[26, 32]
[29, 32]
[32, 84]
[24, 32]
[32, 56]
[17, 71]
[18, 61]
[32, 85]
[32, 35]
[10, 32]
[6, 32]
[7, 32]
[32, 54]
[32, 51]
[23, 32]
[32, 47]
[32, 53]
[32, 39]
[3, 32]
[32, 58]
[32, 79]
[32, 38]
[21, 32]
[32, 45]
[2, 32]
[32, 70]
[32, 83]
[0, 37]
[37, 76]
[20, 32]
[32, 86]
[32, 44]
[32, 81]
[0, 32]
[18, 32]
[8, 59]
[6, 59]
[19, 59]
[27, 59]
[1, 59]
[14, 75]
[10, 75]
[24, 75]
[1, 75]
[55, 75]
[73, 75]
[54, 75]
[47, 75]
[62, 75]
[15, 75]
[8, 75]
[26, 75]
[75, 89]
[66, 75]
[43, 75]
[58, 75]
[16, 75]
[75, 79]
[75, 87]
[29, 75]
[23, 75]
[30, 75]
[5, 75]
[21, 75]
[42, 75]
[40, 75]
[38, 75]
[61, 75]
[3, 75]
[74, 75]
[18, 75]
[75, 81]
[52, 75]
[75, 78]
[60, 75]
[0, 75]
[2, 69]
[44, 75]
[27, 75]
[70, 75]
[14, 57]
[24, 57]
[50, 57]
[54, 57]
[31, 57]
[18, 57]
[10, 57]
[39, 57]
[17, 72]
[26, 57]
[8, 57]
[47, 57]
[15, 57]
[5, 57]
[57, 89]
[57, 66]
[40, 57]
[57, 58]
[6, 57]
[57, 87]
[55, 57]
[29, 57]
[21, 57]
[21, 37]
[35, 37]
[13, 37]
[23, 57]
[30, 57]
[14, 37]
[37, 50]
[1, 37]
[24, 37]
[37, 54]
[36, 37]
[37, 62]
[8, 37]
[37, 66]
[37, 58]
[7, 37]
[37, 87]
[29, 37]
[37, 42]
[28, 37]
[34, 37]
[33, 37]
[37, 40]
[2, 37]
[37, 53]
[9, 37]
[37, 61]
[22, 37]
[18, 37]
[37, 60]
[37, 63]
[37, 85]
[37, 46]
[37, 70]
[37, 59]
[57, 78]
[42, 57]
[38, 57]
[2, 57]
[19, 57]
[57, 74]
[57, 83]
[57, 60]
[32, 57]
[57, 72]
[57, 86]
[46, 57]
[57, 76]
[57, 75]
[57, 70]
[20, 59]
[56, 59]
[23, 59]
[29, 59]
[59, 79]
[16, 59]
[59, 87]
[30, 59]
[5, 59]
[55, 59]
[21, 59]
[59, 78]
[42, 59]
[28, 59]
[51, 59]
[34, 59]
[33, 59]
[45, 59]
[40, 59]
[38, 59]
[2, 59]
[53, 59]
[3, 59]
[59, 74]
[52, 59]
[59, 83]
[59, 60]
[32, 59]
[59, 63]
[44, 59]
[59, 86]
[46, 59]
[0, 59]
[59, 76]
[59, 75]
[59, 70]
[8, 69]
[36, 69]
[39, 69]
[49, 69]
[50, 69]
[24, 69]
[64, 69]
[61, 69]
[30, 69]
[47, 69]
[62, 69]
[15, 69]
[4, 69]
[69, 89]
[6, 69]
[35, 69]
[16, 69]
[69, 87]
[29, 69]
[23, 69]
[28, 69]
[51, 69]
[34, 69]
[20, 69]
[45, 69]
[40, 69]
[38, 69]
[3, 69]
[22, 69]
[52, 69]
[32, 69]
[5, 69]
[44, 69]
[27, 69]
[69, 81]
[67, 69]
[0, 69]
[69, 76]
[69, 75]
[57, 69]
[59, 69]
[11, 77]
[10, 77]
[24, 77]
[50, 77]
[1, 77]
[15, 77]
[77, 84]
[39, 77]
[64, 77]
[47, 77]
[26, 77]
[77, 89]
[66, 77]
[43, 77]
[58, 77]
[77, 82]
[71, 77]
[7, 77]
[35, 77]
[77, 79]
[77, 87]
[29, 77]
[30, 77]
[42, 77]
[51, 77]
[34, 77]
[33, 77]
[45, 77]
[40, 77]
[2, 77]
[53, 77]
[9, 77]
[3, 77]
[74, 77]
[22, 77]
[52, 77]
[77, 78]
[32, 77]
[77, 86]
[46, 77]
[67, 77]
[0, 77]
[75, 77]
[57, 77]
[70, 77]
[69, 77]
[37, 77]
[60, 68]
[16, 68]
[10, 68]
[39, 68]
[31, 68]
[49, 68]
[1, 68]
[68, 69]
[61, 68]
[68, 84]
[47, 68]
[62, 68]
[26, 68]
[66, 68]
[58, 68]
[7, 68]
[68, 87]
[29, 68]
[23, 68]
[42, 68]
[51, 68]
[34, 68]
[45, 68]
[40, 68]
[2, 68]
[18, 68]
[19, 68]
[53, 68]
[22, 68]
[52, 68]
[44, 68]
[46, 68]
[68, 81]
[67, 68]
[0, 68]
[68, 76]
[68, 75]
[68, 77]
[28, 80]
[73, 80]
[1, 80]
[14, 80]
[11, 80]
[80, 84]
[13, 80]
[64, 80]
[8, 80]
[66, 80]
[43, 80]
[33, 80]
[55, 80]
[80, 88]
[80, 82]
[71, 80]
[16, 80]
[23, 80]
[56, 80]
[42, 80]
[51, 80]
[12, 80]
[20, 80]
[45, 80]
[40, 80]
[38, 80]
[9, 80]
[61, 80]
[3, 80]
[74, 80]
[22, 80]
[52, 80]
[80, 83]
[60, 80]
[32, 80]
[63, 80]
[5, 80]
[80, 86]
[27, 80]
[67, 80]
[76, 80]
[57, 80]
[70, 80]
[69, 80]
[77, 80]
[17, 85]
[17, 48]
[17, 86]
[17, 46]
[17, 81]
[17, 67]
[0, 17]
[17, 76]
[17, 70]
[17, 69]
[17, 37]
[17, 77]
[17, 68]
[12, 25]
[11, 25]
[24, 25]
[25, 50]
[10, 25]
[25, 36]
[25, 64]
[25, 47]
[13, 25]
[25, 26]
[25, 43]
[6, 25]
[25, 71]
[7, 25]
[25, 35]
[25, 87]
[25, 29]
[25, 56]
[21, 25]
[20, 25]
[25, 40]
[19, 25]
[25, 53]
[9, 25]
[25, 61]
[25, 74]
[22, 25]
[18, 25]
[25, 52]
[25, 63]
[25, 75]
[25, 85]
[25, 48]
[25, 44]
[25, 46]
[25, 81]
[25, 80]
[25, 70]
[25, 69]
[25, 77]
[25, 68]
[17, 25]
[12, 65]
[19, 65]
[21, 65]
[23, 65]
[24, 65]
[41, 65]
[54, 65]
[49, 65]
[39, 65]
[10, 65]
[65, 84]
[47, 65]
[62, 65]
[8, 65]
[4, 65]
[65, 66]
[65, 88]
[65, 82]
[65, 71]
[35, 65]
[65, 79]
[29, 65]
[56, 65]
[55, 65]
[28, 65]
[20, 65]
[53, 65]
[9, 65]
[61, 65]
[65, 74]
[18, 65]
[65, 78]
[60, 65]
[32, 65]
[27, 65]
[65, 85]
[65, 86]
[65, 81]
[59, 65]
[65, 76]
[65, 69]
[65, 77]
[65, 68]
[17, 65]
