[16, 19, 23, 31, 45]
[8, 19, 23, 31, 45]
[5, 8, 23, 31, 45]
[8, 16, 23, 31, 45]
[2, 22, 23, 31, 45]
[1, 21, 25, 31, 34]
[16, 21, 25, 31, 34]
[7, 17, 23, 39, 58]
[11, 15, 23, 43, 58]
[11, 15, 25, 50, 58]
[5, 15, 25, 50, 58]
[0, 5, 15, 25, 50]
[11, 15, 25, 40, 50]
[0, 15, 25, 40, 50]
[3, 15, 25, 50, 58]
[0, 5, 25, 50, 56]
[0, 27, 40, 50, 56]
[0, 27, 40, 53, 56]
[0, 20, 40, 53, 56]
[0, 30, 40, 53, 56]
[0, 25, 40, 50, 56]
[11, 25, 40, 50, 56]
[4, 8, 16, 18, 51]
[4, 20, 24, 40, 53]
[4, 24, 40, 44, 53]
[4, 5, 8, 18, 51]
[4, 5, 18, 30, 51]
[4, 5, 17, 18, 32]
[4, 5, 12, 17, 18]
[2, 13, 23, 30, 45]
[11, 22, 28, 37, 45]
[16, 19, 36, 52, 55]
[3, 8, 16, 46, 51]
[1, 21, 46, 50, 56]
[1, 25, 46, 50, 56]
[12, 14, 22, 41, 49]
[13, 25, 34, 49, 57]
[7, 13, 25, 49, 58]
[13, 19, 25, 49, 57]
[6, 23, 49, 55, 58]
[17, 23, 49, 55, 58]
[6, 8, 19, 23, 55]
[5, 8, 23, 29, 32]
[1, 37, 38, 40, 57]
[1, 22, 28, 37, 38]
[1, 22, 37, 38, 57]
[1, 10, 22, 38, 57]
[1, 10, 38, 40, 57]
[1, 10, 38, 40, 50]
[1, 10, 29, 38, 50]
[1, 22, 28, 31, 32]
[1, 22, 23, 31, 32]
[1, 22, 23, 31, 55]
[1, 25, 31, 34, 57]
[1, 25, 31, 32, 34]
[1, 31, 34, 40, 57]
[1, 31, 34, 40, 55]
[1, 31, 40, 55, 57]
[1, 31, 34, 55, 57]
[1, 5, 31, 35, 50]
[19, 31, 49, 55, 57]
[31, 34, 49, 55, 57]
[9, 31, 34, 49, 55]
[9, 31, 32, 34, 49]
[7, 17, 39, 55, 58]
[7, 17, 35, 37, 46]
[7, 17, 35, 36, 39]
[17, 35, 36, 39, 47]
[0, 13, 19, 25, 41]
[19, 27, 31, 55, 57]
[0, 3, 19, 25, 57]
[3, 25, 38, 39, 57]
[0, 3, 5, 25, 57]
[3, 38, 39, 48, 57]
[6, 16, 35, 37, 38]
[16, 27, 35, 37, 46]
[27, 35, 37, 46, 54]
[27, 35, 46, 47, 54]
[17, 35, 46, 47, 54]
[17, 35, 37, 46, 54]
[17, 34, 37, 46, 54]
[17, 34, 37, 54, 57]
[17, 18, 37, 54, 56]
[0, 18, 27, 53, 56]
[18, 27, 31, 54, 55]
[31, 34, 54, 55, 57]
[17, 34, 54, 55, 57]
[16, 45, 46, 52, 55]
[2, 26, 27, 54, 56]
[17, 34, 46, 54, 55]
[27, 31, 54, 55, 57]
[3, 5, 15, 51, 58]
[0, 3, 5, 15, 51]
[0, 2, 3, 15, 51]
[23, 31, 45, 54, 55]
[17, 23, 39, 55, 58]
[4, 5, 17, 18, 51]
[4, 17, 47, 51, 59]
[0, 4, 5, 18, 51]
[4, 17, 18, 37, 59]
[4, 17, 18, 55, 59]
[17, 39, 49, 55, 58]
[17, 49, 55, 57, 59]
[17, 34, 49, 55, 57]
[17, 39, 49, 55, 57]
[5, 17, 18, 32, 56]
[17, 18, 32, 37, 56]
[0, 3, 15, 43, 51]
[3, 15, 43, 51, 58]
[17, 43, 47, 51, 58]
[17, 18, 32, 37, 43]
[4, 17, 18, 32, 37]
[4, 5, 18, 31, 32]
[4, 17, 18, 51, 59]
[5, 17, 18, 32, 33]
[5, 17, 18, 33, 56]
[4, 18, 31, 32, 43]
[6, 11, 26, 37, 45]
[6, 11, 26, 37, 56]
[6, 11, 35, 37, 38]
[6, 11, 26, 45, 49]
[21, 31, 49, 55, 58]
[21, 31, 34, 49, 55]
[6, 21, 49, 55, 58]
[21, 39, 49, 55, 58]
[11, 39, 49, 55, 58]
[6, 11, 49, 55, 58]
[6, 11, 45, 49, 55]
[6, 12, 24, 38, 48]
[24, 38, 48, 52, 57]
[3, 24, 38, 48, 57]
[3, 24, 37, 38, 57]
[3, 24, 37, 57, 59]
[3, 24, 48, 57, 59]
[24, 31, 52, 55, 57]
[6, 24, 35, 37, 38]
[13, 24, 34, 37, 57]
[0, 13, 24, 34, 57]
[24, 31, 34, 55, 57]
[13, 24, 35, 37, 41]
[0, 13, 24, 35, 41]
[13, 28, 35, 37, 41]
[11, 26, 28, 37, 45]
[11, 28, 35, 37, 38]
[3, 11, 28, 37, 38]
[3, 11, 28, 38, 39]
[11, 28, 35, 38, 39]
[3, 28, 38, 39, 48]
[0, 15, 41, 43, 53]
[1, 28, 35, 37, 38]
[17, 18, 28, 32, 37]
[17, 32, 37, 46, 56]
[17, 23, 32, 46, 49]
[17, 23, 46, 49, 55]
[38, 39, 44, 48, 57]
[38, 44, 48, 52, 57]
[3, 15, 21, 51, 58]
[28, 38, 39, 44, 48]
[0, 15, 27, 43, 53]
[0, 27, 35, 43, 47]
[20, 37, 38, 44, 57]
[17, 18, 32, 33, 37]
[10, 20, 38, 44, 57]
[17, 18, 20, 32, 37]
[41, 44, 48, 50, 52]
[38, 44, 48, 50, 52]
[0, 5, 35, 41, 50]
[21, 35, 38, 39, 50]
[19, 21, 27, 46, 55]
[21, 27, 35, 46, 50]
[21, 27, 31, 35, 50]
[19, 21, 27, 31, 55]
[21, 27, 35, 39, 50]
[15, 19, 21, 27, 55]
[19, 31, 45, 52, 55]
[19, 31, 52, 55, 57]
[5, 31, 50, 52, 58]
[19, 23, 31, 45, 55]
[19, 23, 45, 49, 55]
[19, 45, 46, 49, 55]
[19, 45, 46, 49, 53]
[19, 45, 46, 52, 55]
[17, 34, 46, 49, 55]
[12, 17, 46, 49, 55]
[12, 17, 46, 47, 51]
[12, 17, 34, 46, 55]
[12, 17, 34, 46, 49]
[17, 32, 34, 46, 49]
[9, 19, 45, 49, 55]
[9, 13, 19, 45, 49]
[6, 9, 19, 49, 55]
[17, 32, 34, 37, 46]
[44, 47, 48, 50, 52]
[39, 44, 47, 48, 50]
[4, 18, 20, 32, 37]
[19, 20, 37, 40, 45]
[19, 20, 40, 45, 55]
[4, 17, 46, 47, 51]
[4, 17, 32, 37, 46]
[6, 19, 45, 49, 53]
[22, 31, 45, 52, 55]
[22, 31, 45, 49, 55]
[12, 22, 31, 49, 55]
[22, 31, 49, 55, 57]
[22, 31, 52, 55, 57]
[4, 12, 22, 31, 55]
[22, 27, 31, 55, 57]
[22, 23, 31, 49, 55]
[22, 23, 31, 45, 55]
[22, 23, 31, 45, 49]
[22, 23, 31, 32, 49]
[2, 12, 22, 28, 31]
[0, 15, 19, 40, 53]
[0, 19, 20, 40, 53]
[0, 19, 20, 40, 57]
[19, 20, 37, 40, 57]
[20, 37, 38, 40, 57]
[8, 18, 28, 31, 32]
[8, 12, 18, 28, 31]
[7, 12, 14, 22, 49]
[0, 19, 40, 47, 53]
[7, 14, 17, 32, 37]
[7, 14, 17, 32, 49]
[7, 12, 14, 17, 49]
[7, 14, 17, 39, 49]
[7, 17, 39, 49, 58]
[12, 14, 31, 41, 49]
[14, 17, 39, 49, 57]
[14, 17, 49, 57, 59]
[14, 17, 37, 57, 59]
[7, 12, 17, 46, 49]
[7, 17, 32, 37, 46]
[7, 17, 32, 46, 49]
[12, 28, 31, 40, 41]
[0, 14, 15, 41, 53]
[0, 15, 40, 41, 53]
[0, 15, 19, 41, 53]
[6, 19, 45, 49, 55]
[19, 31, 45, 49, 55]
[0, 13, 19, 25, 57]
[0, 5, 14, 15, 41]
[5, 14, 31, 41, 52]
[5, 14, 31, 32, 52]
[5, 14, 31, 52, 57]
[19, 25, 31, 49, 57]
[0, 18, 30, 53, 56]
[0, 2, 13, 30, 34]
[19, 30, 45, 52, 55]
[5, 14, 30, 32, 52]
[0, 5, 18, 30, 51]
[4, 18, 28, 31, 32]
[4, 18, 28, 32, 37]
[0, 3, 19, 24, 57]
[3, 19, 24, 37, 57]
[5, 30, 32, 52, 56]
[19, 24, 31, 41, 52]
[13, 19, 24, 37, 41]
[19, 24, 52, 55, 57]
[19, 24, 31, 52, 57]
[19, 24, 31, 52, 55]
[4, 5, 9, 31, 32]
[5, 9, 29, 32, 56]
[3, 11, 15, 43, 58]
[9, 11, 26, 43, 49]
[6, 9, 11, 45, 49]
[6, 9, 11, 49, 55]
[6, 9, 11, 26, 49]
[9, 11, 26, 45, 49]
[9, 11, 45, 49, 55]
[9, 11, 39, 49, 55]
[9, 11, 34, 49, 55]
[6, 11, 26, 37, 44]
[6, 9, 11, 45, 55]
[6, 9, 11, 26, 45]
[6, 11, 37, 38, 44]
[11, 38, 39, 44, 50]
[10, 11, 38, 44, 50]
[9, 11, 15, 34, 55]
[9, 15, 34, 54, 55]
[8, 10, 29, 36, 54]
[26, 28, 37, 45, 54]
[19, 31, 45, 54, 55]
[9, 19, 31, 45, 55]
[19, 24, 31, 55, 57]
[9, 19, 31, 49, 55]
[9, 19, 31, 45, 49]
[8, 19, 31, 44, 57]
[8, 19, 31, 55, 57]
[8, 31, 34, 55, 57]
[9, 31, 45, 49, 55]
[8, 19, 31, 45, 55]
[5, 8, 18, 32, 56]
[5, 8, 23, 31, 32]
[5, 8, 29, 30, 32]
[5, 8, 18, 30, 32]
[5, 8, 29, 32, 56]
[8, 19, 45, 46, 55]
[5, 8, 18, 31, 42]
[5, 8, 18, 31, 32]
[5, 8, 31, 42, 45]
[8, 19, 27, 31, 57]
[5, 6, 8, 42, 45]
[6, 8, 19, 45, 55]
[8, 16, 18, 31, 55]
[16, 19, 45, 46, 53]
[19, 31, 33, 45, 55]
[5, 18, 31, 32, 33]
[5, 18, 31, 33, 42]
[5, 31, 33, 42, 45]
[2, 31, 33, 34, 42]
[5, 12, 17, 18, 51]
[5, 17, 25, 32, 56]
[0, 13, 25, 34, 57]
[17, 25, 32, 46, 56]
[3, 21, 25, 39, 58]
[3, 15, 21, 25, 58]
[3, 21, 25, 38, 39]
[3, 15, 21, 25, 38]
[3, 5, 15, 25, 58]
[3, 32, 37, 43, 46]
[15, 21, 22, 54, 55]
[12, 34, 46, 49, 55]
[12, 17, 43, 46, 49]
[12, 31, 41, 43, 49]
[21, 25, 31, 49, 58]
[5, 29, 30, 32, 36]
[5, 29, 30, 36, 51]
[5, 30, 32, 36, 52]
[4, 11, 37, 43, 46]
[4, 7, 30, 39, 55]
[7, 23, 30, 39, 55]
[2, 7, 13, 23, 30]
[7, 30, 32, 52, 56]
[5, 18, 30, 32, 56]
[5, 29, 30, 32, 56]
[5, 25, 31, 50, 58]
[21, 25, 31, 50, 58]
[21, 25, 39, 50, 58]
[21, 24, 25, 31, 34]
[24, 25, 31, 34, 57]
[13, 24, 25, 34, 57]
[21, 24, 31, 34, 55]
[0, 24, 25, 34, 57]
[6, 21, 24, 35, 38]
[16, 19, 21, 25, 46]
[8, 11, 26, 28, 45]
[3, 8, 11, 28, 39]
[0, 15, 19, 27, 53]
[0, 2, 26, 27, 56]
[19, 27, 46, 47, 53]
[0, 19, 27, 47, 53]
[19, 31, 44, 52, 57]
[19, 31, 41, 44, 52]
[11, 28, 37, 38, 44]
[28, 39, 41, 44, 48]
[0, 4, 14, 30, 53]
[0, 4, 18, 30, 53]
[0, 4, 5, 18, 30]
[0, 4, 5, 14, 30]
[4, 5, 14, 30, 32]
[5, 8, 14, 30, 32]
[9, 19, 27, 31, 55]
[6, 9, 19, 45, 55]
[3, 7, 32, 37, 46]
[7, 32, 37, 46, 56]
[7, 32, 46, 52, 56]
[4, 7, 14, 22, 37]
[4, 7, 32, 37, 46]
[4, 7, 17, 37, 46]
[8, 27, 39, 55, 57]
[8, 29, 30, 51, 59]
[5, 8, 29, 30, 56]
[5, 8, 29, 30, 51]
[8, 30, 36, 39, 55]
[8, 19, 30, 36, 55]
[8, 19, 29, 30, 36]
[8, 30, 34, 36, 55]
[0, 5, 18, 30, 56]
[5, 8, 18, 30, 51]
[8, 18, 30, 51, 59]
[8, 19, 23, 31, 55]
[19, 36, 44, 47, 53]
[19, 36, 44, 47, 52]
[5, 8, 29, 36, 42]
[5, 8, 29, 36, 51]
[8, 10, 29, 36, 42]
[19, 30, 36, 52, 55]
[8, 19, 29, 36, 54]
[19, 49, 54, 55, 57]
[35, 36, 39, 47, 50]
[8, 10, 18, 36, 42]
[10, 29, 36, 38, 50]
[6, 9, 19, 45, 49]
[35, 36, 38, 39, 50]
[6, 9, 26, 45, 49]
[6, 9, 45, 49, 55]
[10, 36, 38, 44, 50]
[5, 31, 35, 41, 50]
[4, 8, 10, 32, 46]
[7, 12, 46, 49, 55]
[6, 16, 26, 37, 45]
[16, 32, 34, 37, 46]
[12, 16, 18, 31, 55]
[7, 17, 32, 46, 56]
[12, 17, 43, 46, 47]
[17, 43, 46, 47, 51]
[12, 17, 43, 47, 51]
[12, 17, 43, 46, 51]
[12, 17, 18, 43, 51]
[17, 35, 43, 46, 47]
[10, 12, 46, 47, 50]
[5, 12, 18, 30, 51]
[2, 12, 13, 30, 34]
[2, 10, 12, 46, 50]
[2, 7, 12, 13, 30]
[6, 8, 11, 23, 44]
[12, 43, 46, 47, 51]
[17, 18, 20, 32, 56]
[17, 18, 20, 32, 43]
[0, 18, 20, 43, 53]
[6, 9, 11, 26, 56]
[0, 18, 20, 53, 56]
[7, 12, 17, 46, 55]
[16, 31, 45, 52, 55]
[10, 20, 24, 38, 57]
[6, 16, 21, 35, 38]
[11, 35, 38, 39, 50]
[11, 45, 46, 49, 55]
[7, 17, 46, 49, 55]
[7, 17, 39, 49, 55]
[7, 30, 39, 49, 55]
[11, 30, 39, 49, 55]
[11, 30, 49, 55, 59]
[11, 30, 45, 49, 55]
[7, 39, 49, 55, 58]
[7, 17, 49, 55, 58]
[21, 30, 39, 49, 55]
[21, 30, 34, 49, 55]
[11, 30, 34, 49, 55]
[11, 34, 46, 49, 55]
[21, 34, 46, 49, 55]
[27, 35, 46, 47, 50]
[27, 35, 39, 47, 50]
[16, 21, 27, 35, 46]
[16, 21, 27, 31, 35]
[16, 21, 27, 31, 55]
[16, 21, 27, 46, 55]
[16, 18, 27, 31, 55]
[21, 22, 27, 31, 55]
[15, 21, 22, 27, 55]
[21, 22, 31, 49, 55]
[22, 49, 55, 57, 59]
[11, 22, 49, 55, 59]
[11, 22, 45, 49, 55]
[7, 12, 22, 49, 55]
[7, 12, 30, 49, 55]
[7, 12, 13, 30, 49]
[7, 12, 13, 30, 36]
[2, 7, 13, 30, 36]
[2, 7, 12, 30, 36]
[7, 12, 30, 36, 55]
[2, 22, 27, 28, 31]
[2, 22, 28, 31, 45]
[0, 18, 20, 27, 53]
[0, 2, 15, 27, 50]
[0, 27, 35, 47, 50]
[16, 21, 31, 34, 55]
[16, 21, 34, 46, 55]
[21, 27, 46, 50, 56]
[18, 20, 27, 53, 56]
[0, 18, 20, 27, 56]
[0, 20, 27, 53, 56]
[0, 2, 27, 50, 56]
[2, 27, 46, 50, 56]
[7, 17, 37, 46, 56]
[17, 18, 20, 37, 56]
[18, 20, 27, 37, 56]
[11, 22, 28, 37, 38]
[7, 17, 32, 37, 56]
[0, 5, 15, 41, 50]
[16, 19, 45, 46, 55]
[16, 19, 27, 46, 55]
[9, 15, 19, 27, 55]
[6, 16, 19, 45, 55]
[16, 19, 27, 37, 46]
[6, 16, 19, 37, 45]
[16, 19, 27, 31, 55]
[6, 16, 19, 45, 53]
[16, 19, 27, 46, 53]
[16, 19, 31, 45, 55]
[16, 19, 37, 45, 46]
[16, 19, 45, 46, 52]
[16, 19, 45, 52, 55]
[16, 19, 46, 52, 55]
[16, 19, 31, 52, 55]
[5, 31, 41, 50, 52]
[16, 19, 31, 45, 52]
[16, 19, 21, 27, 46]
[16, 19, 21, 27, 55]
[16, 19, 21, 27, 31]
[16, 19, 21, 46, 55]
[6, 16, 19, 21, 55]
[16, 19, 21, 31, 55]
[6, 19, 21, 49, 55]
[19, 21, 46, 49, 55]
[19, 21, 31, 49, 55]
[19, 30, 45, 49, 55]
[13, 19, 30, 45, 49]
[19, 21, 30, 49, 55]
[19, 30, 45, 49, 53]
[19, 20, 27, 37, 57]
[19, 20, 27, 55, 57]
[0, 19, 20, 27, 57]
[0, 13, 19, 20, 57]
[13, 19, 20, 37, 45]
[13, 19, 20, 37, 57]
[19, 20, 21, 27, 55]
[0, 19, 20, 27, 53]
[13, 19, 20, 37, 41]
[0, 13, 19, 20, 41]
[0, 19, 20, 41, 53]
[17, 20, 32, 37, 56]
[18, 20, 32, 37, 56]
[7, 17, 36, 39, 55]
[5, 17, 18, 36, 51]
[4, 7, 17, 46, 55]
[4, 17, 18, 20, 55]
[7, 17, 23, 46, 55]
[7, 17, 23, 55, 58]
[17, 20, 23, 55, 58]
[31, 41, 44, 50, 52]
[39, 41, 44, 48, 50]
[19, 20, 41, 44, 53]
[19, 20, 37, 41, 44]
[0, 4, 5, 30, 51]
[4, 16, 18, 31, 55]
[4, 7, 17, 39, 55]
[4, 17, 18, 28, 37]
[4, 17, 18, 20, 37]
[4, 17, 28, 32, 37]
[4, 17, 18, 28, 32]
[4, 7, 17, 32, 46]
[4, 7, 17, 32, 37]
[4, 7, 14, 17, 32]
[4, 16, 18, 32, 37]
[4, 16, 18, 31, 32]
[4, 16, 32, 37, 46]
[3, 16, 19, 37, 46]
[3, 16, 19, 21, 46]
[3, 16, 21, 46, 51]
[1, 17, 18, 20, 37]
[1, 13, 18, 20, 37]
[1, 18, 20, 37, 56]
[4, 7, 14, 17, 37]
[4, 14, 17, 37, 59]
[4, 7, 14, 17, 39]
[17, 23, 39, 49, 55]
[23, 39, 49, 55, 58]
[7, 15, 23, 55, 58]
[7, 23, 46, 49, 55]
[7, 17, 23, 46, 49]
[8, 19, 23, 31, 44]
[7, 14, 23, 30, 32]
[28, 38, 39, 40, 44]
[1, 24, 37, 38, 40]
[14, 20, 24, 37, 38]
[3, 14, 20, 24, 37]
[14, 22, 37, 57, 59]
[14, 22, 49, 57, 59]
[24, 37, 38, 40, 57]
[14, 24, 37, 38, 57]
[14, 24, 38, 52, 57]
[24, 38, 40, 44, 57]
[24, 37, 40, 44, 57]
[14, 22, 37, 38, 57]
[10, 22, 29, 36, 38]
[0, 3, 5, 14, 15]
[0, 15, 27, 40, 53]
[0, 15, 27, 40, 50]
[0, 3, 24, 40, 51]
[0, 24, 25, 40, 56]
[0, 25, 26, 40, 56]
[0, 19, 30, 40, 53]
[0, 27, 40, 47, 53]
[0, 24, 27, 40, 53]
[0, 27, 40, 47, 50]
[26, 27, 28, 37, 40]
[23, 45, 46, 49, 55]
[16, 23, 45, 46, 55]
[23, 30, 45, 49, 55]
[22, 23, 45, 49, 55]
[5, 18, 30, 36, 51]
[0, 3, 15, 40, 51]
[3, 24, 37, 38, 40]
[3, 14, 24, 37, 38]
[3, 14, 24, 37, 59]
[3, 24, 48, 51, 59]
[3, 14, 21, 24, 38]
[3, 14, 15, 21, 38]
[3, 14, 21, 38, 39]
[3, 21, 38, 39, 40]
[21, 30, 39, 40, 55]
[21, 30, 34, 40, 55]
[15, 21, 34, 40, 55]
[3, 15, 21, 38, 40]
[3, 15, 21, 40, 51]
[3, 21, 24, 40, 51]
[3, 21, 24, 38, 40]
[0, 24, 40, 41, 53]
[0, 14, 24, 41, 53]
[21, 24, 34, 40, 55]
[5, 18, 30, 32, 36]
[5, 17, 18, 32, 36]
[24, 31, 34, 40, 55]
[21, 24, 31, 40, 55]
[21, 24, 31, 34, 40]
[21, 31, 34, 40, 55]
[14, 22, 31, 32, 52]
[10, 22, 29, 32, 36]
[14, 15, 21, 22, 38]
[14, 22, 31, 41, 52]
[15, 21, 38, 40, 50]
[0, 15, 40, 41, 50]
[21, 38, 39, 40, 50]
[10, 11, 38, 40, 50]
[0, 24, 40, 53, 56]
[9, 24, 31, 34, 55]
[6, 14, 24, 38, 53]
[14, 21, 22, 31, 49]
[6, 14, 21, 24, 38]
[6, 14, 24, 37, 38]
[14, 24, 31, 41, 52]
[26, 28, 37, 40, 45]
[2, 13, 30, 34, 36]
[3, 16, 32, 37, 46]
[14, 31, 32, 33, 49]
[14, 21, 30, 39, 49]
[14, 22, 31, 32, 49]
[3, 15, 38, 48, 50]
[3, 15, 21, 38, 50]
[3, 21, 38, 40, 50]
[3, 15, 21, 40, 50]
[3, 15, 21, 50, 58]
[2, 3, 46, 50, 54]
[3, 21, 46, 50, 54]
[3, 15, 21, 50, 54]
[3, 21, 39, 50, 58]
[3, 21, 38, 39, 50]
[3, 21, 39, 40, 50]
[0, 2, 3, 15, 50]
[3, 15, 38, 40, 50]
[0, 3, 15, 40, 50]
[3, 5, 15, 50, 58]
[0, 3, 5, 15, 50]
[3, 38, 39, 48, 50]
[3, 38, 39, 40, 50]
[3, 28, 38, 39, 40]
[3, 28, 37, 38, 40]
[14, 22, 31, 41, 49]
[3, 25, 39, 50, 58]
[3, 25, 38, 39, 50]
[0, 3, 15, 25, 50]
[3, 15, 25, 38, 50]
[2, 3, 33, 46, 50]
[2, 10, 33, 46, 50]
[2, 3, 15, 33, 50]
[3, 15, 33, 48, 50]
[2, 10, 33, 42, 46]
[3, 32, 33, 37, 46]
[17, 32, 33, 37, 46]
[2, 33, 42, 45, 46]
[3, 16, 32, 33, 46]
[16, 32, 33, 37, 46]
[3, 28, 32, 33, 48]
[2, 26, 28, 33, 45]
[2, 10, 33, 36, 42]
[17, 18, 28, 32, 33]
[18, 28, 31, 32, 33]
[2, 28, 31, 33, 45]
[3, 16, 21, 25, 46]
[21, 24, 25, 40, 56]
[3, 21, 24, 25, 40]
[21, 24, 25, 38, 40]
[3, 21, 25, 50, 58]
[15, 21, 25, 50, 58]
[3, 15, 21, 25, 50]
[1, 15, 21, 40, 55]
[1, 35, 36, 38, 50]
[1, 21, 35, 38, 50]
[1, 15, 21, 38, 50]
[1, 5, 17, 32, 36]
[1, 17, 23, 32, 46]
[1, 5, 17, 36, 51]
[5, 14, 17, 32, 33]
[1, 17, 32, 37, 56]
[1, 17, 37, 46, 56]
[1, 32, 37, 46, 56]
[17, 32, 33, 37, 56]
[1, 17, 32, 46, 56]
[1, 21, 40, 50, 56]
[2, 10, 33, 36, 50]
[3, 16, 33, 37, 46]
[8, 12, 16, 36, 55]
[16, 33, 37, 45, 46]
[16, 26, 33, 37, 45]
[3, 16, 32, 33, 37]
[16, 33, 45, 46, 55]
[14, 17, 32, 33, 37]
[3, 14, 20, 24, 57]
[3, 14, 32, 33, 37]
[1, 17, 32, 37, 46]
[1, 17, 35, 37, 46]
[1, 7, 17, 37, 46]
[1, 7, 17, 32, 37]
[1, 7, 32, 37, 46]
[7, 17, 32, 33, 37]
[7, 32, 33, 37, 46]
[7, 17, 33, 37, 46]
[7, 14, 17, 33, 37]
[7, 14, 32, 33, 37]
[7, 14, 26, 33, 37]
[1, 7, 17, 35, 37]
[1, 7, 35, 37, 46]
[1, 7, 13, 35, 37]
[7, 17, 32, 33, 46]
[7, 17, 32, 33, 36]
[7, 14, 17, 32, 33]
[1, 7, 17, 32, 46]
[1, 7, 17, 32, 36]
[1, 7, 17, 35, 46]
[3, 7, 24, 33, 48]
[3, 7, 24, 33, 37]
[3, 7, 14, 24, 33]
[3, 7, 33, 37, 46]
[2, 3, 7, 33, 46]
[3, 7, 14, 33, 37]
[7, 33, 37, 46, 56]
[1, 17, 20, 37, 56]
[1, 17, 18, 20, 56]
[9, 24, 27, 31, 55]
[0, 24, 27, 53, 56]
[24, 27, 40, 53, 56]
[24, 27, 31, 40, 55]
[0, 26, 27, 40, 56]
[11, 26, 28, 37, 44]
[26, 27, 37, 40, 56]
[8, 16, 32, 34, 46]
[0, 24, 27, 40, 56]
[24, 27, 37, 40, 56]
[10, 24, 38, 40, 57]
[24, 27, 40, 55, 57]
[0, 24, 27, 40, 57]
[24, 27, 37, 40, 57]
[27, 39, 40, 55, 57]
[21, 27, 39, 40, 55]
[15, 21, 27, 40, 55]
[21, 24, 27, 40, 56]
[21, 24, 27, 40, 55]
[27, 39, 40, 47, 50]
[21, 27, 40, 50, 56]
[15, 21, 27, 40, 50]
[21, 27, 39, 40, 50]
[14, 17, 23, 39, 49]
[14, 21, 23, 39, 49]
[14, 21, 23, 38, 39]
[7, 13, 24, 35, 37]
[7, 13, 24, 35, 36]
[1, 7, 13, 24, 37]
[7, 24, 36, 52, 55]
[0, 20, 24, 53, 56]
[20, 24, 37, 38, 57]
[3, 20, 24, 37, 38]
[3, 20, 24, 38, 57]
[3, 20, 37, 38, 57]
[1, 17, 20, 23, 43]
[0, 20, 40, 41, 53]
[20, 21, 27, 40, 56]
[0, 20, 24, 40, 56]
[10, 20, 38, 40, 57]
[10, 20, 24, 38, 40]
[20, 24, 38, 40, 53]
[20, 24, 37, 38, 40]
[20, 24, 38, 40, 57]
[20, 21, 24, 38, 40]
[0, 20, 24, 40, 41]
[20, 24, 40, 41, 53]
[20, 27, 40, 55, 57]
[20, 24, 27, 40, 57]
[20, 24, 37, 40, 57]
[20, 24, 40, 55, 57]
[0, 20, 24, 40, 57]
[4, 18, 30, 51, 59]
[20, 24, 40, 53, 56]
[0, 20, 24, 40, 53]
[20, 24, 37, 40, 56]
[0, 20, 27, 43, 53]
[20, 27, 40, 53, 56]
[20, 24, 27, 40, 53]
[0, 20, 27, 40, 53]
[0, 20, 24, 27, 53]
[20, 24, 27, 53, 56]
[0, 20, 24, 27, 56]
[20, 24, 27, 37, 56]
[20, 27, 37, 40, 56]
[20, 24, 27, 37, 40]
[0, 20, 24, 27, 40]
[20, 24, 27, 40, 55]
[20, 24, 27, 40, 56]
[0, 20, 27, 40, 56]
[20, 21, 24, 27, 40]
[8, 16, 18, 27, 55]
[8, 16, 27, 46, 55]
[20, 24, 27, 37, 57]
[7, 17, 23, 32, 46]
[17, 23, 39, 47, 58]
[8, 10, 29, 32, 36]
[14, 20, 37, 38, 57]
[14, 17, 20, 37, 57]
[8, 16, 31, 34, 55]
[6, 23, 45, 49, 55]
[6, 8, 23, 45, 55]
[8, 23, 45, 46, 55]
[17, 23, 39, 49, 58]
[14, 17, 23, 32, 49]
[5, 8, 14, 31, 57]
[5, 8, 14, 23, 31]
[5, 8, 14, 31, 32]
[7, 23, 39, 49, 58]
[35, 43, 46, 47, 54]
[19, 43, 46, 47, 54]
[19, 37, 43, 46, 54]
[19, 30, 40, 45, 53]
[7, 17, 23, 39, 55]
[7, 23, 39, 55, 58]
[6, 16, 23, 45, 55]
[6, 16, 21, 23, 55]
[6, 16, 21, 23, 38]
[16, 21, 23, 46, 55]
[16, 19, 21, 23, 55]
[19, 21, 23, 46, 55]
[15, 19, 21, 23, 55]
[19, 21, 23, 30, 55]
[6, 19, 21, 23, 55]
[15, 21, 23, 55, 58]
[6, 21, 23, 55, 58]
[21, 23, 30, 39, 55]
[15, 21, 23, 54, 55]
[5, 23, 29, 30, 32]
[19, 23, 45, 46, 55]
[13, 19, 23, 30, 45]
[19, 23, 30, 45, 55]
[6, 19, 23, 45, 55]
[11, 23, 30, 45, 55]
[11, 23, 39, 55, 58]
[11, 23, 30, 39, 55]
[3, 14, 24, 37, 57]
[11, 23, 45, 46, 55]
[0, 18, 27, 43, 53]
[0, 27, 43, 47, 53]
[17, 23, 43, 47, 58]
[27, 43, 46, 47, 53]
[17, 32, 33, 37, 43]
[9, 10, 32, 33, 43]
[6, 11, 23, 55, 58]
[11, 15, 23, 55, 58]
[8, 11, 23, 30, 55]
[8, 18, 30, 55, 59]
[8, 23, 30, 45, 55]
[8, 23, 30, 39, 55]
[8, 14, 23, 30, 39]
[8, 19, 23, 29, 30]
[8, 19, 23, 30, 55]
[7, 14, 23, 30, 39]
[7, 14, 17, 23, 39]
[7, 13, 23, 30, 49]
[7, 15, 22, 23, 33]
[15, 22, 23, 33, 55]
[2, 15, 22, 23, 33]
[2, 7, 22, 23, 33]
[7, 22, 23, 33, 55]
[7, 14, 22, 23, 33]
[14, 15, 22, 23, 33]
[13, 19, 24, 37, 57]
[6, 12, 24, 48, 51]
[7, 14, 30, 39, 49]
[7, 14, 23, 39, 49]
[4, 18, 30, 55, 59]
[0, 4, 18, 30, 51]
[4, 8, 30, 51, 59]
[4, 8, 30, 55, 59]
[4, 7, 14, 30, 39]
[4, 7, 14, 30, 53]
[8, 16, 19, 27, 55]
[8, 16, 19, 27, 46]
[8, 19, 27, 55, 57]
[7, 30, 36, 52, 55]
[7, 30, 36, 39, 55]
[8, 29, 30, 36, 51]
[7, 14, 30, 49, 53]
[0, 3, 5, 14, 57]
[3, 14, 37, 57, 59]
[3, 14, 37, 38, 57]
[3, 14, 38, 39, 57]
[4, 8, 14, 30, 39]
[3, 8, 14, 39, 57]
[4, 8, 10, 12, 46]
[5, 8, 29, 30, 36]
[5, 8, 30, 36, 51]
[4, 8, 30, 39, 55]
[4, 8, 14, 30, 59]
[4, 28, 38, 44, 53]
[4, 28, 37, 38, 44]
[4, 28, 38, 39, 44]
[5, 8, 18, 30, 56]
[3, 8, 14, 57, 59]
[3, 5, 8, 14, 57]
[19, 30, 36, 44, 53]
[8, 19, 30, 45, 55]
[19, 30, 36, 44, 52]
[8, 30, 36, 39, 44]
[24, 41, 44, 48, 52]
[24, 44, 48, 52, 57]
[6, 24, 44, 48, 51]
[6, 24, 38, 44, 53]
[7, 22, 36, 52, 55]
[7, 30, 32, 36, 52]
[7, 22, 32, 36, 52]
[2, 12, 30, 34, 36]
[12, 22, 28, 31, 41]
[9, 12, 31, 34, 55]
[5, 12, 31, 41, 50]
[5, 8, 30, 32, 56]
[8, 29, 30, 32, 56]
[5, 6, 8, 12, 51]
[5, 8, 12, 30, 51]
[25, 34, 42, 46, 49]
[25, 32, 34, 46, 49]
[7, 25, 32, 46, 49]
[24, 38, 44, 52, 57]
[24, 38, 44, 48, 52]
[0, 19, 27, 43, 53]
[0, 19, 27, 43, 47]
[0, 15, 19, 43, 53]
[0, 19, 43, 47, 53]
[19, 20, 27, 37, 43]
[0, 19, 20, 27, 43]
[19, 20, 27, 43, 53]
[4, 9, 10, 32, 43]
[4, 9, 10, 12, 43]
[5, 6, 9, 33, 56]
[6, 9, 19, 33, 55]
[7, 17, 25, 32, 56]
[1, 25, 32, 46, 56]
[1, 17, 25, 46, 56]
[1, 5, 25, 50, 56]
[1, 5, 15, 25, 50]
[1, 15, 25, 38, 50]
[1, 5, 29, 50, 56]
[1, 15, 38, 48, 50]
[1, 29, 38, 48, 50]
[1, 5, 25, 31, 50]
[1, 5, 17, 25, 56]
[1, 5, 25, 32, 56]
[17, 18, 28, 33, 37]
[5, 8, 12, 18, 51]
[20, 21, 23, 55, 58]
[19, 20, 21, 23, 55]
[15, 21, 22, 23, 55]
[8, 12, 30, 34, 55]
[9, 15, 33, 34, 55]
[1, 24, 34, 55, 57]
[1, 20, 24, 55, 57]
[1, 21, 24, 34, 55]
[1, 13, 24, 25, 34]
[1, 13, 24, 25, 57]
[1, 5, 17, 25, 32]
[3, 15, 19, 21, 25]
[2, 7, 15, 22, 33]
[7, 22, 32, 33, 37]
[2, 7, 26, 33, 56]
[7, 17, 32, 33, 56]
[4, 7, 17, 32, 33]
[7, 33, 46, 49, 55]
[17, 18, 33, 37, 56]
[5, 6, 33, 42, 45]
[5, 6, 9, 33, 45]
[17, 18, 33, 54, 56]
[9, 15, 33, 43, 54]
[27, 35, 43, 46, 47]
[27, 35, 37, 43, 46]
[11, 35, 37, 43, 46]
[10, 42, 43, 46, 47]
[3, 11, 15, 38, 50]
[3, 11, 38, 39, 50]
[3, 11, 39, 50, 58]
[3, 11, 15, 50, 58]
[11, 28, 38, 39, 44]
[3, 11, 37, 43, 46]
[38, 39, 44, 48, 50]
[0, 20, 41, 43, 53]
[0, 18, 20, 27, 43]
[3, 14, 20, 38, 57]
[3, 14, 20, 21, 38]
[0, 3, 14, 20, 57]
[18, 20, 27, 43, 53]
[18, 20, 27, 37, 43]
[0, 14, 20, 41, 53]
[3, 14, 20, 37, 38]
[19, 20, 40, 44, 53]
[3, 14, 20, 37, 57]
[0, 19, 20, 41, 43]
[0, 15, 19, 41, 43]
[0, 19, 41, 43, 53]
[0, 19, 20, 43, 53]
[9, 19, 27, 31, 43]
[19, 20, 37, 44, 57]
[3, 19, 20, 37, 57]
[15, 19, 41, 43, 53]
[9, 15, 19, 27, 43]
[19, 20, 41, 43, 53]
[15, 19, 27, 43, 53]
[0, 15, 19, 27, 43]
[19, 27, 43, 46, 53]
[19, 27, 43, 46, 47]
[19, 43, 46, 47, 53]
[19, 27, 43, 47, 53]
[19, 20, 37, 41, 43]
[19, 27, 37, 43, 46]
[19, 31, 41, 43, 49]
[9, 19, 31, 43, 49]
[0, 3, 19, 20, 57]
[19, 41, 43, 49, 53]
[19, 43, 46, 49, 53]
[3, 19, 37, 43, 46]
[3, 19, 20, 37, 43]
[0, 3, 19, 20, 43]
[0, 3, 15, 19, 43]
[3, 19, 20, 24, 43]
[14, 22, 31, 49, 57]
[14, 22, 31, 52, 57]
[14, 22, 38, 52, 57]
[19, 36, 43, 47, 53]
[10, 12, 13, 36, 47]
[12, 36, 43, 47, 51]
[10, 12, 36, 43, 47]
[10, 36, 42, 43, 47]
[4, 43, 46, 47, 53]
[0, 4, 43, 47, 53]
[4, 9, 10, 11, 43]
[4, 9, 11, 39, 55]
[4, 8, 11, 39, 55]
[4, 8, 11, 55, 59]
[1, 4, 10, 20, 43]
[1, 4, 10, 20, 38]
[1, 4, 10, 22, 38]
[1, 4, 22, 31, 55]
[1, 4, 7, 22, 55]
[4, 10, 11, 22, 38]
[4, 10, 11, 22, 59]
[1, 10, 22, 36, 38]
[1, 7, 22, 36, 55]
[10, 18, 36, 42, 43]
[17, 36, 43, 47, 51]
[17, 18, 36, 43, 51]
[17, 20, 23, 43, 58]
[17, 23, 43, 46, 49]
[7, 14, 17, 23, 49]
[7, 17, 23, 49, 55]
[7, 13, 23, 49, 58]
[11, 15, 22, 23, 38]
[11, 15, 22, 23, 55]
[2, 7, 15, 22, 23]
[15, 21, 22, 23, 38]
[14, 21, 22, 23, 38]
[6, 11, 23, 49, 58]
[3, 12, 43, 46, 51]
[23, 31, 49, 55, 58]
[21, 23, 49, 55, 58]
[7, 23, 49, 55, 58]
[12, 16, 34, 46, 55]
[12, 16, 31, 34, 55]
[3, 12, 16, 46, 51]
[2, 3, 7, 12, 46]
[2, 3, 12, 46, 50]
[3, 12, 28, 38, 48]
[2, 3, 12, 46, 51]
[3, 12, 38, 48, 50]
[3, 20, 32, 37, 43]
[17, 20, 32, 37, 43]
[17, 18, 20, 37, 43]
[18, 20, 32, 37, 43]
[10, 18, 20, 32, 43]
[17, 35, 37, 43, 46]
[17, 32, 37, 43, 46]
[7, 25, 32, 46, 56]
[7, 17, 25, 32, 46]
[11, 22, 23, 38, 44]
[10, 12, 43, 46, 47]
[3, 20, 38, 40, 57]
[5, 12, 14, 31, 41]
[3, 7, 14, 32, 37]
[3, 14, 20, 32, 37]
[14, 17, 20, 32, 37]
[7, 14, 30, 32, 52]
[9, 12, 31, 34, 49]
[7, 12, 14, 30, 49]
[6, 9, 12, 48, 49]
[9, 12, 13, 34, 49]
[6, 9, 12, 49, 55]
[9, 12, 31, 49, 55]
[12, 31, 34, 49, 55]
[9, 12, 34, 49, 55]
[7, 12, 17, 49, 55]
[12, 17, 34, 49, 55]
[17, 32, 43, 46, 49]
[9, 31, 32, 43, 49]
[9, 12, 31, 43, 49]
[12, 13, 30, 34, 49]
[12, 30, 34, 49, 55]
[7, 14, 30, 32, 49]
[12, 22, 31, 41, 49]
[22, 37, 38, 44, 57]
[11, 22, 37, 38, 44]
[22, 38, 44, 52, 57]
[22, 31, 44, 52, 57]
[10, 11, 22, 38, 44]
[22, 28, 31, 41, 44]
[22, 28, 37, 41, 44]
[22, 31, 41, 44, 52]
[10, 22, 38, 44, 57]
[22, 28, 37, 38, 44]
[11, 22, 28, 38, 44]
[11, 22, 28, 37, 44]
[7, 14, 22, 32, 52]
[11, 26, 37, 40, 56]
[11, 26, 28, 40, 45]
[19, 20, 40, 45, 53]
[19, 31, 40, 45, 55]
[11, 39, 40, 44, 50]
[11, 38, 40, 44, 50]
[11, 15, 38, 40, 50]
[11, 38, 39, 40, 50]
[0, 19, 27, 40, 47]
[19, 27, 40, 47, 53]
[19, 27, 31, 40, 57]
[19, 27, 31, 40, 55]
[21, 27, 31, 40, 50]
[21, 27, 31, 40, 55]
[27, 31, 40, 55, 57]
[0, 20, 27, 40, 57]
[19, 21, 27, 31, 40]
[20, 21, 27, 40, 55]
[14, 21, 22, 23, 31]
[14, 22, 23, 31, 32]
[5, 14, 23, 31, 32]
[7, 14, 15, 22, 23]
[7, 14, 22, 23, 32]
[7, 14, 17, 23, 32]
[14, 15, 21, 22, 23]
[14, 15, 22, 23, 38]
[14, 15, 21, 23, 38]
[21, 24, 27, 31, 55]
[24, 27, 31, 40, 57]
[0, 19, 24, 27, 57]
[0, 19, 27, 40, 57]
[19, 27, 40, 55, 57]
[21, 24, 27, 31, 40]
[20, 27, 37, 40, 57]
[10, 38, 40, 44, 57]
[38, 39, 40, 44, 57]
[6, 24, 38, 44, 48]
[37, 38, 40, 44, 57]
[38, 39, 40, 44, 50]
[24, 37, 38, 44, 57]
[9, 12, 24, 31, 34]
[0, 3, 24, 43, 51]
[0, 20, 24, 43, 53]
[10, 13, 20, 24, 57]
[0, 13, 20, 24, 57]
[13, 20, 24, 37, 57]
[0, 3, 20, 24, 57]
[3, 20, 24, 37, 57]
[3, 20, 21, 24, 38]
[0, 3, 20, 24, 43]
[3, 20, 24, 37, 43]
[12, 24, 31, 34, 55]
[9, 19, 24, 31, 55]
[6, 9, 19, 24, 55]
[0, 19, 24, 43, 53]
[0, 3, 19, 24, 43]
[6, 24, 37, 38, 44]
[9, 10, 12, 24, 43]
[9, 10, 12, 13, 24]
[3, 12, 24, 38, 48]
[6, 9, 12, 24, 48]
[24, 38, 44, 48, 57]
[10, 24, 38, 44, 57]
[7, 15, 22, 23, 55]
[6, 11, 23, 45, 55]
[11, 22, 23, 45, 55]
[21, 22, 23, 49, 55]
[21, 23, 39, 55, 58]
[4, 10, 11, 43, 46]
[17, 23, 43, 46, 47]
[24, 35, 37, 41, 43]
[11, 23, 30, 39, 49]
[11, 23, 39, 49, 58]
[2, 15, 23, 33, 54]
[2, 26, 28, 33, 54]
[26, 28, 33, 45, 54]
[4, 28, 32, 33, 37]
[4, 18, 28, 32, 33]
[3, 12, 24, 48, 51]
[6, 9, 12, 24, 55]
[7, 23, 39, 49, 55]
[10, 12, 43, 47, 54]
[10, 12, 43, 46, 54]
[3, 32, 33, 37, 43]
[22, 31, 33, 45, 55]
[2, 22, 31, 33, 45]
[3, 24, 33, 37, 43]
[0, 24, 35, 41, 43]
[7, 23, 30, 49, 55]
[11, 23, 30, 45, 49]
[7, 23, 30, 39, 49]
[11, 23, 30, 49, 55]
[7, 23, 30, 32, 49]
[6, 11, 23, 45, 49]
[6, 11, 23, 49, 55]
[11, 23, 39, 49, 55]
[11, 23, 49, 55, 58]
[15, 21, 25, 38, 50]
[21, 25, 46, 50, 56]
[21, 23, 46, 49, 55]
[21, 23, 30, 49, 55]
[11, 23, 45, 49, 55]
[7, 23, 32, 46, 49]
[3, 7, 25, 32, 46]
[7, 14, 22, 32, 37]
[7, 14, 22, 32, 49]
[11, 28, 37, 40, 45]
[11, 15, 34, 40, 55]
[11, 26, 28, 37, 40]
[18, 28, 32, 37, 54]
[18, 32, 37, 54, 56]
[11, 28, 37, 38, 40]
[11, 28, 38, 39, 40]
[11, 26, 37, 40, 45]
[11, 30, 40, 45, 55]
[12, 30, 34, 40, 55]
[11, 30, 34, 40, 55]
[11, 30, 39, 40, 55]
[3, 11, 38, 40, 50]
[3, 11, 38, 39, 40]
[3, 12, 38, 40, 50]
[3, 11, 39, 40, 50]
[3, 11, 15, 40, 50]
[3, 11, 28, 39, 40]
[3, 11, 28, 38, 40]
[3, 12, 28, 38, 40]
[1, 18, 28, 32, 37]
[1, 18, 32, 37, 56]
[1, 5, 18, 32, 56]
[3, 11, 28, 37, 40]
[3, 11, 15, 38, 40]
[3, 11, 37, 38, 40]
[4, 11, 22, 55, 59]
[0, 4, 40, 47, 53]
[4, 11, 37, 38, 40]
[4, 37, 38, 40, 44]
[4, 11, 38, 40, 44]
[4, 5, 12, 17, 51]
[4, 12, 16, 46, 51]
[3, 5, 8, 14, 32]
[8, 12, 16, 46, 55]
[3, 8, 12, 16, 46]
[8, 16, 27, 31, 55]
[8, 16, 45, 46, 55]
[8, 11, 45, 46, 55]
[23, 30, 39, 49, 55]
[23, 33, 45, 49, 55]
[6, 23, 33, 45, 49]
[9, 33, 45, 49, 55]
[9, 26, 33, 45, 49]
[6, 9, 33, 45, 49]
[6, 8, 16, 26, 45]
[6, 8, 16, 45, 55]
[8, 16, 34, 46, 55]
[8, 18, 30, 32, 56]
[3, 20, 37, 40, 57]
[0, 3, 20, 40, 57]
[3, 8, 16, 32, 46]
[6, 8, 11, 26, 56]
[6, 8, 11, 26, 45]
[8, 11, 34, 46, 55]
[8, 11, 30, 34, 55]
[8, 11, 30, 39, 55]
[8, 11, 30, 55, 59]
[8, 11, 30, 45, 55]
[6, 8, 11, 45, 55]
[8, 12, 16, 18, 51]
[8, 12, 18, 30, 51]
[5, 8, 12, 18, 30]
[1, 5, 18, 31, 32]
[1, 18, 28, 31, 32]
[1, 5, 17, 18, 32]
[1, 10, 18, 20, 43]
[16, 19, 33, 45, 46]
[16, 19, 33, 37, 46]
[12, 14, 22, 31, 49]
[0, 20, 24, 41, 53]
[0, 13, 20, 24, 41]
[10, 13, 20, 24, 41]
[13, 20, 24, 37, 41]
[20, 21, 24, 27, 56]
[3, 14, 20, 21, 24]
[20, 21, 24, 27, 55]
[0, 3, 14, 20, 24]
[3, 20, 24, 40, 57]
[3, 20, 24, 37, 40]
[24, 31, 40, 55, 57]
[4, 24, 31, 40, 55]
[4, 11, 28, 39, 40]
[1, 17, 20, 55, 57]
[0, 19, 24, 41, 53]
[3, 15, 19, 21, 40]
[3, 19, 24, 37, 40]
[3, 19, 37, 40, 57]
[3, 19, 24, 40, 57]
[3, 24, 37, 40, 57]
[6, 19, 21, 24, 55]
[19, 21, 24, 31, 55]
[0, 13, 19, 24, 41]
[0, 13, 19, 24, 57]
[14, 24, 31, 52, 57]
[3, 14, 24, 57, 59]
[0, 3, 19, 24, 40]
[0, 3, 15, 19, 40]
[0, 3, 19, 40, 57]
[0, 3, 24, 40, 57]
[1, 17, 34, 37, 57]
[1, 10, 22, 29, 32]
[1, 17, 28, 32, 37]
[1, 21, 22, 31, 55]
[1, 22, 28, 32, 37]
[1, 24, 37, 40, 57]
[1, 24, 40, 55, 57]
[1, 24, 37, 40, 56]
[19, 24, 40, 55, 57]
[4, 12, 24, 40, 55]
[4, 12, 30, 40, 55]
[4, 12, 40, 47, 51]
[4, 12, 30, 40, 51]
[4, 11, 25, 39, 40]
[1, 15, 25, 40, 50]
[17, 25, 32, 46, 49]
[6, 11, 25, 49, 58]
[6, 11, 25, 26, 49]
[1, 17, 25, 32, 46]
[11, 25, 39, 50, 58]
[17, 25, 39, 49, 57]
[17, 25, 39, 49, 58]
[1, 17, 18, 37, 56]
[11, 25, 39, 49, 58]
[1, 13, 24, 35, 37]
[14, 24, 37, 57, 59]
[1, 13, 24, 37, 57]
[1, 17, 18, 32, 37]
[14, 20, 24, 37, 57]
[8, 16, 31, 45, 55]
[36, 39, 44, 47, 50]
[8, 16, 18, 31, 32]
[8, 16, 31, 32, 34]
[1, 21, 35, 46, 50]
[1, 17, 28, 35, 37]
[1, 17, 18, 28, 37]
[1, 7, 24, 35, 37]
[1, 17, 32, 34, 37]
[1, 17, 34, 55, 57]
[1, 5, 17, 18, 51]
[2, 28, 31, 45, 54]
[2, 23, 31, 45, 54]
[1, 17, 18, 32, 56]
[1, 17, 34, 46, 55]
[1, 24, 31, 55, 57]
[5, 25, 31, 41, 50]
[3, 12, 24, 43, 51]
[0, 3, 24, 25, 57]
[0, 13, 24, 25, 57]
[11, 25, 46, 50, 56]
[1, 10, 18, 20, 32]
[16, 25, 32, 34, 46]
[21, 25, 34, 46, 49]
[16, 21, 25, 34, 46]
[21, 25, 39, 49, 58]
[6, 11, 25, 26, 56]
[17, 25, 32, 34, 46]
[17, 25, 34, 49, 57]
[17, 25, 34, 46, 49]
[17, 25, 32, 34, 49]
[6, 16, 19, 21, 25]
[6, 21, 25, 49, 58]
[7, 17, 25, 46, 56]
[7, 17, 25, 39, 58]
[16, 25, 31, 32, 34]
[8, 16, 19, 45, 55]
[6, 8, 16, 19, 55]
[3, 16, 25, 32, 46]
[3, 8, 12, 16, 51]
[6, 8, 12, 16, 51]
[8, 12, 16, 18, 55]
[8, 12, 18, 30, 55]
[8, 12, 16, 34, 46]
[8, 12, 34, 46, 55]
[6, 8, 12, 16, 55]
[8, 12, 16, 34, 55]
[8, 12, 16, 46, 51]
[3, 8, 12, 46, 51]
[0, 15, 25, 40, 41]
[25, 28, 39, 40, 41]
[8, 12, 16, 31, 55]
[8, 27, 31, 55, 57]
[8, 18, 27, 31, 55]
[8, 18, 27, 28, 31]
[8, 12, 31, 34, 55]
[9, 31, 34, 54, 55]
[8, 16, 18, 27, 31]
[3, 11, 15, 25, 58]
[8, 12, 16, 31, 34]
[8, 12, 18, 31, 55]
[8, 12, 16, 18, 31]
[3, 21, 25, 39, 50]
[3, 21, 25, 46, 50]
[3, 11, 15, 25, 50]
[3, 11, 25, 39, 58]
[3, 11, 25, 28, 39]
[3, 11, 25, 39, 50]
[3, 11, 25, 46, 50]
[3, 11, 25, 50, 58]
[8, 11, 30, 39, 44]
[1, 10, 22, 29, 36]
[1, 22, 29, 32, 36]
[1, 10, 22, 32, 36]
[1, 10, 29, 32, 36]
[1, 10, 29, 36, 50]
[1, 10, 13, 18, 36]
[1, 10, 18, 32, 36]
[1, 15, 21, 22, 55]
[6, 8, 11, 26, 44]
[8, 11, 28, 39, 44]
[8, 11, 26, 28, 44]
[3, 5, 25, 50, 58]
[5, 8, 12, 18, 31]
[3, 5, 15, 25, 50]
[21, 25, 39, 40, 50]
[0, 3, 5, 25, 50]
[0, 3, 5, 15, 25]
[11, 28, 39, 40, 44]
[25, 31, 34, 49, 57]
[25, 31, 34, 42, 49]
[25, 31, 32, 34, 49]
[21, 25, 31, 34, 49]
[11, 25, 34, 46, 49]
[19, 21, 25, 31, 49]
[10, 12, 40, 47, 50]
[10, 40, 44, 47, 50]
[39, 40, 44, 47, 50]
[20, 37, 40, 44, 57]
[10, 20, 40, 44, 57]
[5, 6, 8, 12, 14]
[5, 8, 12, 14, 30]
[10, 20, 40, 41, 44]
[3, 5, 8, 12, 51]
[3, 5, 8, 12, 14]
[1, 5, 29, 32, 56]
[10, 11, 40, 44, 50]
[11, 26, 37, 40, 44]
[11, 30, 39, 40, 44]
[11, 28, 37, 40, 44]
[11, 26, 28, 40, 44]
[26, 28, 37, 40, 44]
[39, 40, 41, 44, 50]
[28, 39, 40, 41, 44]
[10, 40, 41, 44, 50]
[28, 40, 41, 44, 53]
[28, 37, 40, 41, 44]
[10, 12, 40, 41, 50]
[10, 12, 38, 40, 50]
[28, 38, 40, 44, 53]
[28, 37, 38, 40, 44]
[11, 37, 38, 40, 44]
[11, 28, 38, 40, 44]
[11, 38, 39, 40, 44]
[10, 38, 40, 44, 50]
[10, 11, 38, 40, 44]
[3, 38, 39, 40, 57]
[3, 37, 38, 40, 57]
[20, 40, 41, 44, 53]
[3, 20, 21, 38, 40]
[20, 37, 40, 41, 44]
[4, 8, 18, 30, 51]
[4, 5, 8, 18, 30]
[22, 36, 44, 47, 52]
[20, 38, 40, 44, 57]
[20, 38, 40, 44, 53]
[20, 37, 38, 40, 44]
[10, 20, 38, 40, 44]
[3, 20, 37, 38, 40]
[12, 13, 18, 30, 36]
[12, 18, 30, 36, 51]
[12, 30, 34, 36, 55]
[5, 12, 18, 30, 36]
[17, 35, 36, 43, 47]
[17, 18, 32, 36, 43]
[10, 46, 47, 50, 54]
[17, 43, 46, 47, 54]
[10, 18, 32, 36, 43]
[10, 22, 36, 44, 47]
[10, 36, 44, 47, 50]
[36, 44, 47, 50, 52]
[36, 38, 39, 44, 50]
[36, 38, 44, 50, 52]
[10, 18, 32, 43, 54]
[10, 32, 43, 46, 54]
[9, 10, 32, 43, 54]
[10, 43, 46, 47, 54]
[10, 36, 43, 47, 54]
[10, 18, 36, 43, 54]
[10, 32, 36, 43, 54]
[10, 22, 36, 38, 44]
[22, 36, 38, 44, 52]
[10, 33, 36, 44, 50]
[10, 12, 36, 38, 50]
[10, 12, 36, 47, 50]
[0, 24, 41, 43, 53]
[0, 24, 27, 43, 53]
[0, 24, 27, 35, 43]
[24, 27, 35, 37, 43]
[24, 37, 40, 41, 44]
[8, 18, 30, 36, 51]
[8, 16, 18, 36, 51]
[8, 10, 18, 32, 36]
[5, 8, 18, 36, 51]
[8, 16, 18, 36, 55]
[5, 8, 18, 36, 42]
[5, 8, 18, 30, 36]
[8, 16, 34, 36, 55]
[5, 8, 29, 32, 36]
[5, 8, 30, 32, 36]
[8, 29, 30, 32, 36]
[8, 18, 30, 36, 55]
[4, 5, 18, 30, 32]
[8, 16, 18, 32, 36]
[21, 23, 46, 49, 54]
[17, 23, 46, 49, 54]
[23, 45, 46, 49, 54]
[8, 18, 30, 32, 36]
[8, 30, 32, 34, 36]
[5, 8, 18, 32, 36]
[8, 16, 32, 34, 36]
[20, 24, 41, 43, 53]
[0, 20, 24, 41, 43]
[20, 21, 24, 40, 55]
[3, 20, 21, 24, 40]
[0, 3, 20, 24, 40]
[0, 14, 20, 24, 53]
[14, 20, 24, 41, 53]
[2, 33, 34, 42, 46]
[17, 33, 34, 37, 46]
[14, 20, 24, 37, 41]
[0, 14, 20, 24, 41]
[0, 20, 24, 27, 43]
[20, 24, 27, 37, 43]
[20, 24, 27, 43, 53]
[20, 24, 37, 41, 43]
[10, 20, 24, 41, 43]
[20, 24, 37, 40, 41]
[10, 20, 24, 40, 41]
[3, 28, 32, 37, 54]
[17, 28, 32, 37, 54]
[3, 20, 24, 38, 40]
[14, 20, 24, 38, 53]
[3, 14, 20, 24, 38]
[14, 20, 21, 24, 38]
[8, 30, 36, 44, 51]
[20, 24, 41, 44, 53]
[10, 20, 24, 41, 44]
[20, 24, 37, 41, 44]
[24, 36, 38, 44, 52]
[24, 36, 38, 44, 53]
[10, 24, 36, 38, 44]
[20, 24, 38, 44, 53]
[10, 20, 24, 38, 44]
[20, 24, 37, 38, 44]
[3, 7, 14, 24, 37]
[20, 24, 37, 44, 57]
[3, 14, 24, 38, 57]
[0, 3, 14, 24, 57]
[20, 24, 38, 44, 57]
[24, 31, 44, 52, 57]
[24, 27, 31, 55, 57]
[24, 31, 35, 41, 43]
[0, 14, 20, 24, 57]
[10, 20, 24, 44, 57]
[14, 20, 24, 38, 57]
[0, 20, 24, 27, 57]
[20, 24, 27, 55, 57]
[21, 24, 27, 31, 35]
[24, 27, 31, 35, 43]
[9, 24, 27, 31, 43]
[24, 31, 41, 44, 52]
[20, 21, 24, 40, 56]
[20, 24, 40, 41, 44]
[24, 40, 41, 44, 53]
[20, 24, 40, 44, 53]
[10, 20, 24, 40, 44]
[10, 24, 40, 41, 44]
[24, 38, 40, 44, 53]
[1, 7, 22, 32, 37]
[20, 24, 37, 40, 44]
[18, 27, 28, 37, 54]
[22, 27, 28, 37, 54]
[24, 37, 38, 40, 44]
[10, 24, 38, 40, 44]
[7, 25, 39, 49, 58]
[20, 24, 38, 40, 44]
[5, 12, 18, 36, 51]
[12, 16, 18, 36, 51]
[12, 17, 36, 47, 51]
[5, 12, 17, 36, 51]
[5, 8, 12, 36, 51]
[5, 8, 12, 30, 36]
[5, 12, 30, 36, 51]
[31, 40, 41, 44, 50]
[24, 31, 40, 41, 44]
[0, 24, 34, 40, 57]
[24, 34, 40, 55, 57]
[10, 12, 24, 41, 43]
[2, 12, 30, 36, 51]
[12, 18, 36, 43, 51]
[10, 12, 18, 36, 43]
[10, 12, 22, 36, 47]
[2, 10, 12, 36, 50]
[12, 17, 36, 43, 51]
[2, 10, 12, 13, 36]
[2, 12, 13, 30, 36]
[12, 16, 34, 36, 55]
[0, 13, 24, 25, 34]
[12, 18, 30, 36, 55]
[12, 16, 18, 36, 55]
[2, 10, 12, 22, 36]
[10, 12, 13, 18, 36]
[8, 12, 16, 36, 51]
[12, 14, 22, 31, 41]
[12, 13, 30, 34, 36]
[5, 12, 17, 18, 36]
[12, 17, 18, 36, 43]
[2, 12, 13, 34, 36]
[12, 17, 34, 36, 55]
[12, 17, 18, 36, 55]
[12, 17, 18, 36, 51]
[12, 17, 36, 43, 47]
[10, 12, 22, 36, 38]
[20, 24, 40, 44, 57]
[2, 7, 12, 22, 36]
[7, 12, 22, 36, 55]
[2, 7, 12, 13, 36]
[7, 12, 17, 36, 55]
[17, 18, 28, 32, 54]
[5, 8, 12, 14, 31]
[8, 12, 18, 36, 51]
[6, 8, 16, 19, 45]
[8, 12, 16, 34, 36]
[9, 10, 29, 32, 54]
[9, 29, 32, 54, 56]
[10, 29, 32, 36, 54]
[10, 18, 32, 36, 54]
[2, 12, 34, 36, 54]
[1, 17, 32, 34, 36]
[1, 17, 18, 32, 36]
[1, 17, 34, 36, 55]
[1, 17, 18, 36, 51]
[1, 17, 18, 36, 55]
[1, 13, 28, 35, 37]
[1, 13, 34, 37, 57]
[1, 13, 20, 37, 57]
[1, 10, 13, 20, 57]
[1, 17, 20, 37, 57]
[1, 10, 20, 38, 57]
[1, 20, 37, 38, 57]
[1, 22, 31, 55, 57]
[1, 13, 18, 28, 37]
[1, 17, 18, 28, 32]
[1, 17, 18, 20, 55]
[1, 7, 13, 35, 36]
[1, 7, 32, 37, 56]
[1, 5, 17, 18, 56]
[1, 5, 17, 32, 56]
[1, 17, 20, 32, 37]
[1, 5, 17, 35, 36]
[1, 5, 17, 18, 36]
[1, 5, 17, 25, 57]
[1, 10, 36, 38, 50]
[1, 10, 32, 36, 43]
[1, 17, 18, 32, 43]
[1, 17, 18, 37, 43]
[1, 17, 18, 43, 51]
[1, 17, 18, 36, 43]
[1, 17, 32, 37, 43]
[1, 17, 35, 37, 43]
[1, 17, 35, 36, 43]
[1, 17, 36, 43, 51]
[1, 17, 32, 36, 43]
[1, 18, 32, 37, 43]
[1, 10, 18, 32, 43]
[1, 18, 36, 43, 51]
[1, 10, 18, 36, 43]
[1, 7, 15, 22, 55]
[1, 10, 22, 29, 38]
[5, 8, 12, 18, 36]
[8, 12, 30, 34, 36]
[8, 12, 30, 36, 51]
[8, 19, 30, 36, 44]
[8, 16, 19, 36, 55]
[8, 12, 30, 36, 55]
[8, 16, 19, 46, 55]
[8, 19, 27, 46, 55]
[8, 12, 34, 36, 55]
[8, 16, 19, 31, 55]
[8, 19, 27, 31, 55]
[8, 16, 19, 27, 31]
[8, 16, 19, 31, 45]
[8, 12, 18, 30, 36]
[8, 12, 16, 18, 36]
[8, 10, 12, 18, 36]
[8, 12, 18, 36, 55]
[1, 17, 20, 32, 43]
[1, 10, 20, 32, 43]
[1, 7, 17, 32, 56]
[1, 7, 17, 37, 56]
[6, 9, 26, 33, 49]
[6, 9, 33, 48, 49]
[6, 9, 26, 33, 56]
[1, 7, 22, 32, 36]
[0, 15, 19, 27, 40]
[19, 31, 40, 55, 57]
[19, 31, 40, 44, 57]
[15, 19, 27, 40, 53]
[0, 19, 27, 40, 53]
[3, 8, 16, 19, 46]
[0, 3, 19, 25, 40]
[3, 15, 19, 25, 40]
[3, 19, 25, 40, 57]
[0, 19, 25, 40, 57]
[0, 15, 19, 25, 40]
[0, 19, 25, 40, 41]
[15, 19, 25, 40, 41]
[3, 25, 39, 40, 57]
[0, 3, 25, 40, 57]
[0, 3, 15, 25, 40]
[0, 15, 25, 34, 40]
[0, 25, 34, 40, 57]
[3, 25, 28, 39, 40]
[3, 11, 25, 39, 40]
[0, 15, 19, 40, 41]
[0, 19, 40, 41, 53]
[4, 28, 39, 40, 44]
[4, 28, 40, 44, 53]
[19, 30, 40, 44, 53]
[19, 40, 41, 44, 53]
[19, 40, 44, 47, 53]
[19, 37, 40, 41, 44]
[8, 16, 19, 45, 46]
[19, 27, 37, 40, 57]
[15, 19, 40, 41, 53]
[19, 37, 40, 44, 57]
[19, 20, 40, 44, 57]
[19, 20, 37, 40, 44]
[9, 31, 32, 33, 34]
[19, 20, 40, 41, 53]
[19, 20, 37, 40, 41]
[19, 20, 40, 41, 44]
[0, 19, 20, 40, 41]
[0, 3, 19, 20, 40]
[1, 18, 31, 32, 43]
[1, 7, 17, 35, 36]
[9, 26, 45, 49, 54]
[1, 17, 43, 46, 51]
[19, 24, 27, 55, 57]
[21, 23, 39, 49, 55]
[11, 23, 30, 39, 44]
[6, 14, 21, 23, 49]
[6, 21, 23, 49, 55]
[1, 7, 37, 46, 56]
[1, 7, 17, 46, 56]
[1, 7, 32, 46, 56]
[1, 7, 17, 46, 55]
[1, 17, 32, 43, 46]
[1, 10, 32, 43, 46]
[1, 25, 32, 34, 46]
[1, 17, 25, 32, 34]
[1, 13, 25, 34, 57]
[1, 17, 25, 34, 57]
[1, 17, 25, 34, 46]
[1, 17, 25, 32, 56]
[1, 17, 25, 28, 32]
[6, 9, 33, 45, 55]
[9, 26, 27, 54, 56]
[8, 26, 27, 54, 56]
[8, 10, 29, 32, 54]
[6, 16, 33, 37, 45]
[4, 12, 43, 47, 51]
[9, 12, 34, 54, 55]
[8, 12, 34, 54, 55]
[12, 34, 49, 54, 55]
[12, 31, 41, 49, 54]
[12, 22, 31, 41, 54]
[22, 31, 41, 49, 54]
[1, 18, 20, 37, 43]
[6, 16, 26, 33, 45]
[6, 9, 26, 33, 45]
[6, 14, 26, 33, 37]
[6, 26, 33, 37, 45]
[6, 16, 26, 33, 37]
[6, 16, 33, 45, 55]
[6, 26, 33, 37, 44]
[6, 26, 33, 37, 56]
[2, 33, 46, 50, 56]
[17, 33, 37, 46, 56]
[10, 12, 13, 24, 41]
[17, 32, 33, 46, 56]
[32, 33, 37, 46, 56]
[6, 33, 42, 48, 49]
[33, 42, 45, 46, 49]
[6, 33, 42, 45, 49]
[6, 14, 26, 33, 49]
[1, 29, 36, 38, 50]
[1, 10, 13, 18, 20]
[1, 18, 20, 32, 37]
[1, 17, 18, 20, 32]
[1, 17, 20, 32, 56]
[1, 18, 20, 32, 56]
[3, 12, 14, 24, 38]
[6, 12, 14, 24, 38]
[1, 20, 32, 37, 56]
[1, 10, 29, 36, 38]
[1, 22, 29, 36, 38]
[1, 17, 34, 37, 46]
[1, 32, 34, 37, 46]
[1, 17, 32, 34, 46]
[3, 7, 25, 39, 58]
[3, 7, 15, 25, 58]
[7, 17, 25, 49, 58]
[4, 12, 46, 47, 51]
[4, 10, 12, 46, 47]
[4, 8, 12, 14, 30]
[4, 12, 17, 18, 28]
[4, 8, 12, 18, 28]
[4, 11, 22, 28, 37]
[4, 11, 22, 28, 44]
[4, 5, 12, 14, 17]
[4, 5, 12, 14, 30]
[0, 4, 14, 20, 53]
[4, 14, 17, 20, 37]
[4, 14, 22, 37, 59]
[4, 10, 12, 22, 47]
[1, 4, 7, 46, 55]
[4, 10, 22, 44, 47]
[4, 10, 22, 47, 59]
[4, 7, 12, 30, 55]
[4, 7, 12, 22, 55]
[4, 7, 12, 46, 55]
[4, 7, 12, 14, 30]
[4, 10, 12, 43, 46]
[4, 10, 12, 43, 47]
[4, 10, 43, 46, 47]
[4, 12, 43, 46, 47]
[4, 43, 46, 47, 51]
[0, 4, 43, 47, 51]
[4, 12, 43, 46, 51]
[7, 22, 23, 49, 55]
[4, 12, 16, 46, 55]
[4, 7, 12, 14, 22]
[4, 7, 12, 17, 55]
[4, 5, 12, 30, 51]
[4, 22, 28, 37, 44]
[4, 8, 12, 30, 55]
[0, 4, 20, 43, 53]
[4, 8, 12, 46, 55]
[4, 8, 12, 46, 51]
[4, 5, 8, 12, 51]
[4, 8, 12, 30, 51]
[4, 8, 30, 39, 44]
[4, 8, 28, 39, 44]
[4, 5, 8, 12, 30]
[4, 8, 12, 16, 46]
[9, 12, 24, 34, 55]
[19, 20, 24, 55, 57]
[0, 4, 18, 20, 53]
[4, 8, 16, 18, 31]
[4, 12, 16, 18, 51]
[4, 8, 12, 16, 18]
[4, 8, 12, 18, 51]
[4, 12, 17, 18, 51]
[4, 5, 12, 18, 51]
[4, 5, 8, 12, 18]
[4, 5, 8, 12, 14]
[4, 12, 17, 47, 51]
[4, 12, 17, 46, 51]
[4, 12, 17, 46, 47]
[4, 7, 12, 17, 46]
[4, 7, 12, 14, 17]
[4, 8, 12, 16, 51]
[4, 8, 10, 12, 18]
[4, 8, 12, 18, 30]
[4, 12, 18, 30, 51]
[4, 5, 12, 18, 30]
[4, 8, 18, 30, 59]
[4, 8, 18, 30, 32]
[4, 5, 8, 18, 32]
[1, 4, 5, 18, 32]
[1, 4, 17, 18, 32]
[1, 4, 17, 18, 51]
[1, 4, 5, 18, 51]
[1, 4, 5, 17, 18]
[4, 8, 18, 51, 59]
[1, 5, 18, 36, 51]
[1, 5, 18, 32, 36]
[1, 4, 18, 32, 37]
[1, 4, 17, 18, 37]
[4, 8, 10, 18, 59]
[4, 8, 10, 11, 59]
[4, 8, 10, 11, 44]
[4, 8, 11, 39, 44]
[4, 17, 43, 47, 51]
[4, 17, 18, 43, 51]
[0, 4, 18, 43, 51]
[1, 4, 18, 43, 51]
[1, 4, 10, 18, 43]
[1, 4, 17, 18, 43]
[1, 4, 17, 43, 51]
[1, 4, 5, 17, 51]
[4, 5, 8, 30, 51]
[4, 8, 30, 44, 51]
[4, 5, 8, 14, 30]
[4, 8, 11, 30, 44]
[0, 4, 18, 43, 53]
[4, 17, 18, 20, 43]
[4, 10, 18, 20, 43]
[4, 8, 11, 30, 59]
[4, 8, 11, 30, 39]
[4, 11, 30, 39, 44]
[4, 11, 22, 37, 44]
[4, 17, 18, 37, 43]
[1, 4, 18, 37, 43]
[1, 4, 17, 37, 43]
[1, 4, 20, 37, 43]
[1, 4, 17, 20, 43]
[1, 4, 17, 20, 37]
[1, 4, 18, 20, 37]
[1, 13, 20, 24, 37]
[1, 20, 24, 37, 56]
[1, 20, 24, 37, 40]
[1, 20, 21, 24, 40]
[1, 20, 24, 37, 57]
[1, 13, 20, 24, 57]
[1, 10, 20, 24, 57]
[19, 24, 27, 37, 57]
[1, 10, 13, 20, 24]
[1, 20, 24, 37, 43]
[1, 10, 20, 24, 43]
[1, 20, 21, 24, 56]
[1, 24, 35, 37, 43]
[1, 7, 24, 37, 56]
[4, 18, 20, 43, 53]
[1, 4, 18, 20, 43]
[1, 17, 18, 20, 43]
[1, 17, 20, 37, 43]
[0, 4, 18, 20, 43]
[4, 17, 20, 37, 43]
[4, 18, 20, 37, 43]
[4, 11, 22, 37, 59]
[4, 10, 11, 22, 44]
[1, 5, 29, 36, 51]
[4, 8, 16, 32, 46]
[1, 5, 35, 36, 50]
[1, 4, 5, 17, 25]
[1, 4, 7, 37, 46]
[1, 21, 34, 46, 55]
[1, 7, 25, 46, 56]
[1, 4, 7, 25, 46]
[1, 7, 17, 25, 46]
[4, 10, 20, 38, 44]
[1, 5, 29, 36, 50]
[1, 4, 7, 17, 37]
[1, 4, 17, 18, 20]
[1, 4, 10, 18, 20]
[1, 4, 7, 22, 37]
[1, 4, 7, 17, 32]
[1, 4, 5, 17, 32]
[1, 4, 10, 18, 32]
[4, 7, 14, 32, 37]
[4, 14, 17, 32, 37]
[1, 4, 7, 32, 37]
[4, 8, 10, 18, 32]
[4, 5, 8, 14, 32]
[4, 5, 14, 17, 32]
[4, 5, 8, 30, 32]
[4, 8, 14, 30, 32]
[4, 7, 14, 30, 32]
[4, 8, 16, 46, 51]
[1, 4, 10, 32, 43]
[1, 4, 17, 32, 43]
[1, 18, 32, 36, 43]
[1, 4, 18, 32, 43]
[1, 4, 31, 32, 43]
[1, 4, 18, 31, 43]
[1, 4, 32, 37, 43]
[1, 4, 43, 46, 51]
[1, 4, 17, 43, 46]
[1, 4, 10, 43, 46]
[1, 4, 32, 43, 46]
[1, 17, 35, 43, 46]
[1, 35, 37, 43, 46]
[4, 10, 33, 43, 54]
[4, 17, 33, 43, 54]
[4, 9, 33, 43, 54]
[23, 33, 43, 49, 54]
[19, 24, 41, 44, 52]
[19, 24, 44, 52, 57]
[19, 24, 41, 44, 53]
[4, 22, 28, 32, 37]
[4, 11, 28, 37, 44]
[4, 11, 28, 37, 38]
[4, 11, 37, 38, 44]
[4, 17, 20, 32, 37]
[4, 11, 22, 37, 38]
[4, 14, 22, 37, 38]
[4, 12, 17, 46, 55]
[4, 14, 20, 38, 53]
[4, 8, 12, 16, 55]
[4, 8, 11, 46, 55]
[4, 8, 10, 11, 46]
[1, 4, 20, 37, 38]
[4, 12, 16, 18, 55]
[4, 12, 18, 30, 55]
[4, 12, 17, 18, 55]
[4, 8, 12, 18, 55]
[4, 11, 38, 39, 44]
[4, 10, 11, 38, 44]
[4, 8, 16, 18, 32]
[4, 8, 18, 55, 59]
[4, 8, 18, 30, 55]
[4, 8, 16, 18, 55]
[4, 8, 11, 30, 55]
[4, 8, 16, 46, 55]
[4, 11, 30, 55, 59]
[4, 11, 30, 39, 55]
[4, 11, 28, 38, 39]
[4, 11, 28, 38, 44]
[4, 8, 11, 28, 44]
[4, 11, 28, 39, 44]
[4, 8, 11, 28, 39]
[4, 8, 18, 28, 32]
[4, 14, 22, 32, 37]
[4, 7, 22, 32, 37]
[4, 7, 14, 22, 32]
[4, 10, 12, 22, 38]
[4, 12, 14, 22, 38]
[4, 11, 22, 28, 38]
[4, 17, 18, 20, 32]
[4, 17, 20, 32, 43]
[4, 10, 18, 20, 32]
[4, 9, 10, 12, 24]
[4, 5, 9, 12, 31]
[4, 18, 32, 37, 43]
[4, 5, 8, 31, 32]
[4, 12, 22, 28, 38]
[4, 8, 18, 31, 32]
[4, 8, 12, 18, 31]
[4, 5, 8, 18, 31]
[4, 8, 18, 31, 55]
[4, 8, 18, 28, 31]
[4, 5, 12, 18, 31]
[4, 12, 18, 31, 55]
[4, 10, 22, 38, 44]
[4, 22, 28, 38, 44]
[4, 11, 22, 38, 44]
[4, 22, 37, 38, 44]
[1, 4, 22, 28, 38]
[1, 15, 21, 22, 38]
[1, 21, 31, 34, 55]
[1, 21, 31, 35, 50]
[4, 8, 12, 28, 31]
[4, 8, 12, 16, 31]
[4, 8, 12, 31, 55]
[4, 5, 8, 12, 31]
[4, 8, 12, 14, 31]
[4, 8, 16, 31, 55]
[4, 5, 8, 14, 31]
[4, 9, 12, 31, 55]
[4, 12, 16, 31, 55]
[1, 4, 17, 46, 55]
[12, 24, 31, 40, 55]
[12, 24, 31, 40, 41]
[4, 12, 24, 31, 40]
[12, 24, 31, 34, 40]
[1, 24, 31, 40, 55]
[1, 24, 31, 40, 57]
[1, 21, 24, 31, 40]
[1, 4, 24, 31, 40]
[24, 31, 34, 40, 57]
[1, 24, 31, 34, 40]
[4, 22, 31, 32, 54]
[4, 22, 28, 31, 32]
[4, 14, 22, 31, 32]
[4, 5, 14, 31, 32]
[4, 8, 28, 31, 32]
[4, 8, 16, 31, 32]
[4, 9, 24, 31, 55]
[0, 4, 14, 24, 53]
[4, 14, 24, 37, 59]
[4, 14, 24, 38, 53]
[4, 14, 24, 37, 38]
[9, 15, 27, 54, 55]
[9, 45, 49, 54, 55]
[21, 22, 27, 54, 55]
[15, 21, 27, 54, 55]
[4, 22, 28, 37, 38]
[15, 21, 27, 50, 54]
[2, 15, 27, 50, 54]
[15, 21, 22, 27, 54]
[21, 27, 50, 54, 56]
[15, 22, 23, 54, 55]
[2, 26, 28, 45, 54]
[2, 22, 28, 45, 54]
[10, 22, 29, 36, 54]
[2, 10, 22, 36, 54]
[10, 22, 36, 47, 54]
[10, 36, 47, 50, 54]
[35, 36, 47, 50, 54]
[10, 29, 36, 50, 54]
[17, 35, 43, 47, 54]
[35, 37, 41, 43, 54]
[2, 10, 36, 50, 54]
[17, 32, 37, 54, 56]
[10, 29, 41, 50, 54]
[10, 22, 29, 41, 54]
[8, 10, 18, 36, 54]
[4, 10, 22, 47, 54]
[17, 35, 36, 47, 54]
[27, 35, 47, 50, 54]
[2, 27, 50, 54, 56]
[27, 29, 50, 54, 56]
[26, 27, 37, 54, 56]
[9, 27, 29, 54, 56]
[8, 27, 29, 54, 56]
[8, 18, 27, 54, 56]
[18, 27, 37, 54, 56]
[22, 27, 37, 54, 57]
[21, 27, 35, 50, 54]
[2, 15, 22, 27, 54]
[2, 3, 15, 50, 54]
[4, 8, 10, 18, 54]
[4, 20, 38, 44, 53]
[4, 20, 37, 38, 44]
[4, 14, 20, 37, 38]
[4, 17, 18, 37, 54]
[17, 34, 49, 54, 57]
[0, 4, 20, 24, 53]
[4, 20, 24, 44, 53]
[4, 10, 20, 24, 44]
[4, 20, 24, 37, 44]
[4, 20, 24, 38, 44]
[4, 10, 24, 38, 44]
[4, 24, 38, 44, 53]
[4, 24, 37, 38, 44]
[4, 20, 24, 37, 38]
[4, 10, 20, 24, 38]
[4, 20, 24, 38, 53]
[4, 18, 28, 37, 54]
[4, 22, 28, 37, 54]
[22, 28, 37, 45, 54]
[8, 26, 28, 45, 54]
[4, 8, 18, 28, 54]
[28, 35, 37, 41, 54]
[22, 28, 37, 41, 54]
[17, 28, 35, 37, 54]
[4, 17, 28, 37, 54]
[17, 18, 28, 37, 54]
[4, 17, 18, 28, 54]
[8, 18, 27, 28, 54]
[8, 26, 27, 28, 54]
[2, 26, 27, 28, 54]
[2, 22, 27, 28, 54]
[27, 28, 35, 37, 54]
[26, 27, 28, 37, 54]
[4, 14, 20, 24, 37]
[4, 14, 20, 24, 53]
[0, 4, 14, 20, 24]
[4, 14, 20, 24, 38]
[4, 7, 14, 24, 53]
[4, 7, 14, 24, 37]
[7, 14, 23, 30, 49]
[7, 14, 22, 23, 49]
[14, 21, 22, 23, 49]
[14, 21, 23, 30, 49]
[14, 23, 30, 39, 49]
[14, 23, 30, 32, 49]
[7, 14, 23, 32, 49]
[14, 22, 23, 32, 49]
[7, 22, 23, 32, 49]
[7, 17, 23, 32, 49]
[7, 17, 23, 49, 58]
[7, 17, 23, 39, 49]
[13, 23, 30, 45, 49]
[21, 23, 30, 39, 49]
[21, 23, 39, 49, 58]
[6, 21, 23, 49, 58]
[11, 23, 45, 46, 49]
[11, 23, 46, 49, 55]
[11, 22, 23, 49, 55]
[11, 22, 23, 45, 49]
[8, 11, 23, 45, 55]
[6, 8, 11, 23, 55]
[6, 8, 11, 23, 45]
[8, 11, 23, 39, 55]
[8, 11, 23, 46, 55]
[8, 11, 23, 45, 46]
[8, 11, 23, 30, 45]
[8, 11, 23, 30, 39]
[5, 8, 23, 29, 30]
[5, 8, 23, 30, 45]
[5, 6, 8, 23, 45]
[6, 8, 16, 23, 45]
[6, 8, 16, 23, 55]
[8, 16, 23, 45, 55]
[8, 16, 23, 46, 55]
[8, 16, 23, 45, 46]
[5, 6, 8, 14, 23]
[5, 8, 14, 23, 30]
[8, 14, 23, 30, 32]
[5, 14, 23, 30, 32]
[5, 8, 14, 23, 32]
[5, 8, 23, 30, 32]
[8, 23, 29, 30, 32]
[8, 16, 23, 32, 46]
[14, 17, 20, 23, 32]
[5, 14, 17, 23, 32]
[6, 14, 21, 23, 38]
[14, 20, 21, 23, 38]
[14, 21, 23, 30, 39]
[4, 14, 20, 32, 37]
[4, 14, 17, 20, 32]
[8, 23, 30, 39, 44]
[8, 11, 23, 30, 44]
[8, 11, 23, 39, 44]
[11, 23, 38, 39, 44]
[6, 11, 23, 38, 44]
[1, 13, 24, 34, 37]
[1, 24, 34, 36, 55]
[10, 12, 13, 24, 36]
[10, 12, 24, 36, 38]
[14, 23, 31, 32, 49]
[4, 8, 14, 31, 32]
[4, 22, 28, 31, 44]
[4, 8, 28, 31, 44]
[8, 14, 23, 31, 32]
[8, 16, 23, 31, 32]
[14, 22, 23, 31, 49]
[23, 31, 45, 49, 55]
[8, 23, 31, 45, 55]
[16, 23, 31, 45, 55]
[8, 16, 23, 31, 55]
[21, 22, 23, 31, 55]
[4, 9, 12, 24, 55]
[4, 12, 14, 24, 38]
[3, 7, 12, 24, 48]
[7, 12, 13, 24, 36]
[21, 22, 23, 31, 49]
[14, 21, 23, 31, 49]
[21, 23, 31, 49, 58]
[16, 21, 23, 31, 55]
[21, 23, 31, 55, 58]
[21, 23, 31, 49, 55]
[3, 7, 12, 14, 24]
[12, 13, 24, 34, 36]
[7, 12, 24, 36, 55]
[9, 12, 13, 24, 34]
[12, 24, 34, 36, 55]
[12, 14, 24, 31, 41]
[9, 12, 24, 31, 55]
[7, 14, 17, 33, 49]
[7, 17, 33, 49, 55]
[7, 17, 33, 37, 56]
[6, 33, 45, 49, 55]
[6, 26, 33, 45, 49]
[22, 33, 45, 49, 55]
[26, 28, 33, 37, 45]
[11, 25, 38, 39, 50]
[11, 25, 28, 38, 39]
[1, 5, 29, 32, 36]
[11, 15, 25, 38, 50]
[11, 25, 28, 38, 40]
[4, 7, 12, 24, 55]
[4, 7, 12, 14, 24]
[4, 10, 12, 24, 38]
[4, 12, 18, 28, 31]
[4, 5, 12, 14, 31]
[4, 12, 22, 28, 31]
[4, 12, 14, 22, 31]
[4, 9, 12, 24, 31]
[4, 12, 14, 24, 31]
[4, 12, 24, 31, 55]
[1, 4, 18, 20, 32]
[1, 4, 10, 20, 32]
[4, 10, 12, 24, 43]
[4, 12, 16, 18, 31]
[16, 19, 23, 45, 46]
[8, 16, 19, 23, 45]
[16, 19, 21, 23, 31]
[0, 19, 24, 27, 53]
[1, 21, 24, 31, 35]
[1, 21, 24, 31, 34]
[1, 4, 28, 31, 32]
[1, 4, 18, 28, 31]
[1, 4, 22, 28, 31]
[4, 20, 32, 37, 43]
[4, 18, 20, 32, 43]
[4, 10, 20, 32, 43]
[1, 4, 18, 28, 32]
[1, 4, 20, 32, 37]
[1, 4, 17, 20, 32]
[1, 21, 25, 46, 56]
[5, 15, 25, 41, 50]
[0, 15, 25, 41, 50]
[0, 5, 25, 41, 50]
[0, 5, 15, 25, 41]
[0, 13, 24, 25, 41]
[6, 21, 24, 25, 56]
[22, 49, 54, 55, 57]
[17, 49, 54, 55, 57]
[1, 21, 24, 31, 55]
[1, 24, 31, 34, 57]
[1, 10, 13, 24, 57]
[1, 10, 13, 24, 36]
[1, 24, 31, 34, 55]
[1, 24, 25, 31, 34]
[7, 17, 25, 39, 49]
[1, 24, 34, 37, 57]
[1, 13, 24, 34, 36]
[1, 15, 21, 34, 55]
[1, 13, 24, 34, 57]
[10, 12, 41, 50, 54]
[10, 12, 22, 41, 54]
[12, 22, 41, 49, 54]
[12, 22, 28, 41, 54]
[22, 29, 32, 36, 54]
[10, 22, 32, 36, 54]
[8, 10, 32, 36, 54]
[8, 29, 32, 36, 54]
[8, 18, 32, 36, 54]
[17, 18, 32, 36, 54]
[17, 32, 34, 36, 54]
[8, 32, 34, 36, 54]
[10, 12, 22, 36, 54]
[2, 12, 22, 36, 54]
[12, 22, 36, 47, 54]
[2, 12, 36, 50, 54]
[12, 36, 47, 50, 54]
[21, 27, 46, 54, 56]
[1, 4, 28, 37, 38]
[4, 17, 43, 46, 51]
[4, 17, 43, 46, 47]
[4, 12, 17, 43, 46]
[4, 17, 37, 43, 46]
[4, 12, 17, 43, 51]
[4, 12, 17, 43, 47]
[4, 12, 17, 18, 43]
[4, 12, 18, 43, 51]
[4, 10, 32, 43, 46]
[4, 17, 32, 37, 43]
[4, 10, 12, 18, 43]
[4, 10, 18, 32, 43]
[4, 32, 37, 43, 46]
[4, 17, 32, 43, 46]
[17, 23, 43, 49, 58]
[4, 17, 18, 32, 43]
[4, 11, 38, 39, 40]
[0, 4, 30, 40, 53]
[4, 10, 12, 40, 47]
[4, 11, 30, 39, 40]
[4, 10, 11, 38, 40]
[4, 10, 12, 38, 40]
[0, 4, 30, 40, 51]
[0, 4, 40, 47, 51]
[4, 28, 38, 40, 53]
[4, 20, 38, 40, 44]
[4, 38, 40, 44, 53]
[4, 38, 39, 40, 44]
[4, 28, 37, 40, 44]
[4, 40, 44, 47, 51]
[4, 12, 28, 38, 40]
[4, 11, 28, 38, 40]
[4, 28, 38, 39, 40]
[4, 28, 37, 38, 40]
[15, 19, 21, 27, 40]
[4, 11, 28, 37, 40]
[4, 11, 39, 40, 55]
[15, 19, 21, 40, 55]
[4, 11, 30, 40, 55]
[4, 18, 31, 32, 54]
[12, 31, 40, 41, 50]
[15, 19, 27, 40, 55]
[19, 30, 40, 45, 55]
[4, 30, 39, 40, 55]
[19, 21, 30, 40, 55]
[19, 21, 27, 40, 55]
[19, 21, 23, 49, 55]
[23, 32, 43, 46, 49]
[6, 19, 21, 23, 49]
[17, 23, 32, 43, 49]
[17, 23, 32, 43, 46]
[19, 23, 43, 46, 47]
[19, 23, 43, 46, 49]
[8, 19, 23, 45, 46]
[6, 16, 19, 23, 45]
[8, 16, 19, 23, 46]
[6, 8, 16, 19, 23]
[11, 23, 43, 49, 58]
[16, 19, 23, 46, 55]
[16, 19, 21, 23, 46]
[6, 16, 19, 21, 23]
[19, 21, 23, 46, 49]
[8, 19, 23, 30, 45]
[19, 21, 23, 30, 49]
[6, 8, 19, 23, 45]
[6, 19, 23, 45, 49]
[19, 23, 45, 46, 49]
[13, 19, 23, 45, 49]
[13, 19, 23, 30, 49]
[19, 23, 30, 45, 49]
[11, 23, 43, 46, 49]
[19, 23, 46, 49, 55]
[8, 19, 23, 46, 55]
[8, 19, 23, 45, 55]
[16, 19, 23, 45, 55]
[8, 16, 19, 23, 55]
[6, 16, 19, 23, 55]
[19, 23, 30, 49, 55]
[6, 19, 23, 49, 55]
[2, 33, 34, 36, 42]
[2, 10, 22, 33, 36]
[10, 12, 36, 50, 54]
[3, 5, 15, 33, 50]
[16, 19, 23, 33, 45]
[6, 16, 23, 33, 45]
[2, 22, 23, 33, 45]
[2, 22, 28, 33, 45]
[16, 18, 32, 33, 37]
[3, 19, 37, 46, 54]
[19, 27, 37, 46, 54]
[19, 37, 45, 46, 54]
[19, 33, 37, 46, 54]
[1, 15, 38, 40, 50]
[16, 33, 34, 37, 46]
[10, 20, 24, 40, 57]
[16, 19, 23, 33, 46]
[19, 23, 33, 45, 46]
[6, 19, 23, 33, 45]
[2, 23, 33, 45, 46]
[19, 33, 37, 45, 46]
[10, 22, 33, 36, 44]
[3, 5, 14, 15, 33]
[5, 9, 32, 33, 56]
[3, 7, 14, 15, 33]
[4, 11, 37, 40, 44]
[6, 9, 33, 49, 55]
[17, 33, 34, 46, 49]
[17, 33, 46, 49, 55]
[4, 10, 38, 40, 44]
[7, 26, 33, 37, 56]
[2, 3, 7, 15, 33]
[3, 7, 15, 33, 48]
[7, 14, 22, 33, 37]
[3, 7, 14, 32, 33]
[7, 14, 26, 33, 49]
[7, 22, 33, 36, 55]
[16, 33, 34, 36, 55]
[7, 15, 22, 33, 55]
[3, 11, 15, 25, 38]
[9, 33, 34, 49, 55]
[17, 18, 33, 36, 55]
[5, 17, 18, 33, 36]
[24, 31, 33, 34, 55]
[9, 24, 31, 33, 34]
[24, 31, 40, 44, 57]
[12, 24, 34, 40, 55]
[24, 34, 37, 40, 57]
[10, 24, 40, 44, 57]
[10, 12, 24, 40, 41]
[2, 7, 33, 46, 56]
[32, 33, 34, 46, 49]
[17, 32, 33, 46, 49]
[33, 45, 46, 49, 55]
[33, 34, 46, 49, 55]
[33, 34, 42, 46, 49]
[17, 33, 34, 49, 55]
[10, 18, 33, 36, 42]
[10, 24, 33, 36, 43]
[17, 28, 32, 33, 37]
[17, 20, 23, 32, 43]
[16, 18, 32, 33, 36]
[22, 28, 33, 37, 45]
[7, 14, 32, 33, 49]
[7, 14, 22, 33, 49]
[7, 14, 15, 22, 33]
[12, 24, 36, 43, 51]
[18, 28, 32, 33, 37]
[5, 18, 32, 33, 36]
[1, 32, 37, 43, 46]
[1, 20, 32, 37, 43]
[10, 12, 24, 38, 40]
[22, 28, 32, 33, 37]
[10, 32, 33, 43, 46]
[17, 32, 33, 34, 46]
[7, 17, 33, 46, 49]
[18, 33, 36, 42, 43]
[7, 22, 32, 33, 36]
[17, 32, 33, 34, 36]
[32, 33, 34, 37, 46]
[2, 7, 22, 33, 36]
[5, 18, 33, 36, 42]
[9, 32, 33, 34, 49]
[14, 22, 32, 33, 49]
[9, 32, 33, 48, 49]
[16, 33, 34, 46, 55]
[17, 33, 34, 46, 55]
[7, 17, 33, 46, 56]
[7, 17, 33, 46, 55]
[16, 19, 33, 46, 55]
[19, 33, 45, 46, 55]
[6, 14, 24, 33, 37]
[6, 9, 24, 33, 48]
[6, 24, 33, 37, 44]
[6, 24, 33, 44, 48]
[3, 14, 24, 33, 37]
[10, 24, 33, 36, 44]
[9, 24, 31, 33, 55]
[24, 25, 31, 34, 40]
[24, 25, 31, 40, 57]
[24, 25, 31, 40, 41]
[21, 24, 25, 31, 40]
[19, 24, 31, 40, 55]
[19, 24, 27, 31, 55]
[19, 24, 31, 33, 55]
[19, 24, 31, 40, 41]
[19, 24, 31, 40, 57]
[19, 24, 31, 40, 44]
[19, 24, 27, 31, 40]
[19, 21, 24, 31, 40]
[19, 24, 31, 44, 57]
[19, 24, 31, 44, 52]
[19, 24, 31, 41, 44]
[19, 24, 31, 33, 44]
[9, 19, 24, 31, 33]
[19, 24, 27, 31, 57]
[9, 19, 24, 27, 31]
[16, 32, 33, 34, 46]
[1, 20, 37, 40, 56]
[1, 10, 20, 40, 57]
[10, 18, 32, 33, 36]
[22, 28, 33, 37, 44]
[17, 32, 33, 34, 37]
[1, 21, 38, 40, 50]
[1, 15, 21, 38, 40]
[1, 20, 21, 38, 40]
[1, 20, 37, 38, 40]
[1, 15, 21, 34, 40]
[1, 28, 37, 38, 40]
[16, 18, 31, 32, 33]
[1, 21, 31, 34, 40]
[1, 21, 31, 40, 50]
[2, 31, 33, 42, 45]
[16, 32, 33, 34, 36]
[14, 22, 32, 33, 37]
[16, 32, 33, 34, 37]
[5, 17, 32, 33, 56]
[3, 5, 14, 32, 33]
[3, 24, 38, 40, 57]
[7, 24, 33, 37, 56]
[6, 24, 33, 37, 56]
[3, 12, 24, 40, 51]
[7, 22, 23, 33, 49]
[22, 23, 33, 45, 49]
[22, 31, 33, 45, 49]
[14, 22, 31, 33, 49]
[5, 9, 31, 33, 45]
[9, 31, 33, 49, 55]
[31, 33, 45, 49, 55]
[9, 31, 33, 45, 55]
[23, 31, 33, 45, 55]
[7, 32, 33, 37, 56]
[7, 32, 33, 46, 56]
[17, 18, 32, 33, 56]
[18, 32, 33, 37, 56]
[5, 18, 32, 33, 56]
[6, 9, 24, 33, 56]
[7, 14, 24, 33, 37]
[17, 18, 32, 33, 36]
[14, 17, 32, 33, 49]
[19, 25, 31, 41, 54]
[19, 25, 31, 54, 57]
[9, 31, 33, 34, 49]
[14, 22, 31, 32, 33]
[5, 17, 32, 33, 36]
[7, 32, 33, 48, 49]
[7, 17, 32, 33, 49]
[7, 32, 33, 46, 49]
[26, 28, 33, 37, 44]
[9, 26, 33, 43, 49]
[10, 18, 33, 42, 43]
[17, 18, 33, 37, 43]
[10, 33, 42, 43, 46]
[33, 42, 43, 46, 49]
[17, 33, 37, 43, 46]
[3, 12, 24, 38, 40]
[3, 28, 32, 33, 37]
[3, 7, 32, 33, 37]
[3, 7, 32, 33, 48]
[3, 7, 32, 33, 46]
[17, 33, 34, 36, 55]
[16, 18, 33, 36, 55]
[24, 33, 34, 36, 55]
[6, 9, 24, 33, 55]
[9, 24, 33, 34, 55]
[7, 17, 33, 36, 55]
[7, 24, 33, 36, 55]
[6, 16, 21, 25, 38]
[25, 38, 39, 40, 57]
[25, 38, 39, 40, 50]
[15, 25, 40, 41, 50]
[15, 21, 25, 38, 40]
[21, 25, 40, 50, 56]
[25, 39, 40, 41, 50]
[11, 25, 26, 40, 56]
[3, 25, 28, 38, 40]
[25, 31, 34, 40, 42]
[11, 25, 39, 40, 50]
[11, 25, 38, 40, 50]
[11, 15, 25, 38, 40]
[3, 16, 21, 25, 38]
[21, 25, 38, 39, 40]
[0, 25, 40, 41, 50]
[21, 25, 38, 40, 50]
[15, 21, 25, 34, 40]
[11, 15, 25, 34, 40]
[3, 25, 38, 39, 40]
[3, 25, 38, 40, 57]
[24, 25, 34, 40, 57]
[0, 24, 25, 34, 40]
[3, 25, 38, 40, 50]
[3, 21, 25, 38, 40]
[3, 21, 24, 25, 38]
[21, 25, 38, 39, 50]
[1, 7, 17, 36, 55]
[7, 17, 25, 46, 49]
[7, 17, 25, 32, 49]
[17, 32, 33, 34, 49]
[7, 14, 22, 32, 33]
[7, 22, 33, 49, 55]
[6, 21, 24, 25, 38]
[7, 22, 32, 33, 49]
[10, 22, 32, 33, 36]
[3, 24, 25, 38, 57]
[3, 11, 25, 38, 39]
[3, 11, 25, 38, 50]
[3, 11, 25, 28, 38]
[3, 25, 28, 38, 39]
[3, 21, 25, 38, 50]
[3, 21, 25, 40, 50]
[3, 11, 25, 38, 40]
[3, 15, 25, 38, 40]
[3, 11, 25, 40, 50]
[3, 11, 25, 28, 40]
[4, 9, 31, 32, 43]
[4, 25, 28, 31, 32]
[4, 25, 28, 38, 39]
[4, 11, 25, 28, 39]
[4, 17, 25, 28, 39]
[4, 7, 17, 25, 39]
[4, 11, 25, 38, 39]
[4, 17, 25, 32, 46]
[4, 5, 17, 25, 32]
[4, 7, 17, 25, 32]
[4, 7, 25, 32, 46]
[4, 5, 25, 31, 32]
[4, 17, 25, 28, 32]
[4, 7, 17, 25, 46]
[4, 16, 25, 31, 32]
[4, 16, 25, 32, 46]
[4, 11, 25, 28, 38]
[4, 10, 20, 24, 43]
[4, 20, 24, 43, 53]
[0, 4, 20, 24, 43]
[4, 20, 24, 37, 43]
[0, 4, 24, 43, 53]
[0, 4, 24, 43, 51]
[4, 9, 10, 24, 43]
[4, 9, 24, 31, 43]
[23, 31, 32, 43, 49]
[9, 12, 24, 31, 43]
[12, 24, 31, 41, 43]
[4, 12, 24, 31, 43]
[4, 12, 18, 31, 43]
[4, 9, 12, 31, 43]
[4, 12, 24, 43, 51]
[4, 9, 12, 24, 43]
[10, 12, 24, 36, 43]
[23, 31, 43, 49, 58]
[19, 24, 36, 43, 53]
[19, 24, 27, 43, 53]
[19, 20, 24, 37, 43]
[0, 19, 20, 24, 53]
[0, 19, 24, 41, 43]
[4, 28, 38, 40, 44]
[25, 28, 38, 39, 40]
[4, 40, 44, 47, 53]
[4, 30, 40, 44, 53]
[4, 10, 40, 44, 47]
[4, 30, 40, 44, 51]
[4, 39, 40, 44, 47]
[4, 30, 39, 40, 44]
[4, 10, 11, 40, 44]
[28, 31, 40, 41, 44]
[12, 31, 34, 40, 55]
[31, 34, 40, 55, 57]
[4, 11, 39, 40, 44]
[4, 11, 30, 40, 44]
[4, 12, 31, 40, 55]
[4, 11, 28, 40, 44]
[4, 28, 31, 40, 44]
[4, 12, 28, 31, 40]
[15, 21, 25, 40, 50]
[4, 18, 37, 43, 54]
[4, 17, 37, 43, 54]
[4, 10, 12, 43, 54]
[4, 9, 10, 43, 54]
[4, 25, 38, 39, 40]
[3, 21, 25, 39, 40]
[3, 15, 21, 25, 40]
[3, 25, 39, 40, 50]
[3, 15, 25, 40, 50]
[21, 25, 31, 34, 40]
[3, 11, 15, 25, 40]
[15, 25, 38, 40, 50]
[11, 25, 38, 39, 40]
[0, 3, 25, 40, 50]
[31, 33, 34, 42, 49]
[25, 31, 34, 40, 57]
[11, 25, 26, 28, 40]
[11, 25, 28, 39, 40]
[3, 19, 21, 25, 40]
[15, 19, 21, 25, 40]
[0, 19, 20, 27, 40]
[3, 16, 19, 25, 46]
[3, 16, 19, 21, 25]
[19, 20, 27, 40, 53]
[19, 20, 27, 40, 57]
[13, 19, 25, 41, 49]
[8, 19, 23, 30, 44]
[6, 8, 19, 23, 44]
[19, 20, 23, 45, 55]
[13, 19, 20, 23, 45]
[3, 19, 20, 37, 40]
[2, 3, 15, 33, 54]
[3, 15, 33, 50, 54]
[22, 27, 54, 55, 57]
[15, 22, 27, 54, 55]
[12, 22, 36, 54, 55]
[2, 12, 22, 28, 54]
[19, 23, 31, 43, 49]
[0, 15, 19, 25, 41]
[19, 20, 27, 37, 40]
[19, 20, 21, 27, 40]
[6, 19, 21, 25, 49]
[19, 21, 25, 46, 49]
[19, 20, 40, 55, 57]
[19, 20, 27, 40, 55]
[19, 20, 21, 40, 55]
[3, 19, 20, 40, 57]
[3, 19, 20, 21, 40]
[3, 19, 21, 25, 46]
[0, 3, 15, 19, 25]
[4, 11, 25, 38, 40]
[4, 25, 28, 38, 40]
[4, 25, 28, 39, 40]
[0, 4, 20, 40, 53]
[4, 20, 38, 40, 53]
[4, 11, 25, 28, 40]
[0, 24, 25, 40, 57]
[8, 16, 19, 23, 31]
[19, 25, 31, 40, 57]
[19, 31, 40, 41, 44]
[19, 25, 31, 40, 41]
[19, 25, 31, 41, 49]
[25, 31, 40, 41, 50]
[25, 28, 31, 40, 41]
[4, 25, 28, 31, 40]
[21, 25, 31, 40, 50]
[19, 21, 25, 31, 40]
[16, 19, 21, 25, 31]
[19, 21, 31, 40, 55]
[19, 23, 31, 49, 55]
[16, 19, 23, 31, 55]
[19, 23, 31, 45, 49]
[19, 21, 23, 31, 49]
[19, 21, 23, 31, 55]
[4, 10, 20, 38, 40]
[4, 20, 37, 38, 40]
[4, 20, 40, 44, 53]
[4, 20, 37, 40, 44]
[4, 10, 20, 40, 44]
[1, 21, 25, 40, 56]
[4, 24, 40, 44, 51]
[4, 12, 24, 40, 51]
[19, 24, 40, 41, 44]
[1, 15, 21, 40, 51]
[5, 6, 23, 33, 45]
[1, 5, 23, 29, 32]
[1, 4, 17, 28, 32]
[1, 4, 22, 37, 38]
[1, 21, 22, 23, 38]
[1, 17, 20, 23, 32]
[1, 18, 20, 32, 43]
[1, 4, 20, 32, 43]
[1, 4, 7, 22, 32]
[1, 4, 10, 22, 32]
[1, 4, 22, 32, 37]
[1, 22, 23, 29, 32]
[1, 7, 22, 23, 32]
[1, 7, 23, 32, 46]
[1, 4, 7, 32, 46]
[1, 4, 10, 32, 46]
[1, 4, 17, 32, 46]
[1, 4, 17, 32, 37]
[19, 24, 36, 44, 52]
[1, 4, 10, 38, 40]
[1, 15, 21, 40, 50]
[9, 19, 24, 27, 43]
[9, 19, 24, 27, 55]
[1, 15, 21, 23, 55]
[1, 4, 17, 46, 51]
[1, 4, 7, 17, 46]
[1, 4, 18, 28, 37]
[1, 4, 17, 18, 28]
[1, 4, 28, 38, 40]
[1, 4, 28, 37, 40]
[9, 19, 33, 45, 49]
[31, 32, 33, 34, 49]
[14, 22, 23, 31, 33]
[2, 22, 23, 31, 33]
[5, 14, 23, 31, 33]
[22, 28, 31, 32, 33]
[14, 23, 31, 32, 33]
[22, 23, 31, 32, 33]
[22, 31, 32, 33, 49]
[9, 31, 32, 33, 49]
[5, 9, 31, 32, 33]
[5, 14, 31, 32, 33]
[2, 22, 28, 31, 33]
[3, 16, 19, 33, 46]
[9, 19, 31, 33, 49]
[19, 33, 45, 46, 49]
[4, 10, 32, 33, 46]
[6, 19, 33, 45, 49]
[6, 16, 19, 33, 45]
[4, 5, 14, 32, 33]
[4, 5, 17, 32, 33]
[1, 4, 20, 38, 40]
[1, 4, 10, 20, 40]
[6, 19, 33, 37, 44]
[3, 19, 33, 37, 46]
[6, 9, 19, 33, 49]
[22, 28, 31, 33, 44]
[3, 16, 19, 33, 37]
[6, 16, 19, 33, 37]
[16, 31, 32, 33, 34]
[6, 19, 33, 37, 45]
[6, 9, 19, 33, 45]
[16, 19, 33, 37, 45]
[16, 19, 31, 33, 45]
[9, 19, 31, 33, 45]
[19, 31, 33, 45, 49]
[22, 28, 31, 33, 45]
[31, 33, 42, 45, 49]
[9, 31, 33, 45, 49]
[17, 32, 33, 43, 49]
[9, 32, 33, 43, 49]
[18, 32, 33, 37, 43]
[17, 33, 43, 46, 49]
[9, 19, 33, 43, 49]
[19, 33, 43, 46, 49]
[9, 15, 19, 33, 43]
[3, 15, 19, 33, 43]
[9, 31, 32, 33, 43]
[18, 31, 32, 33, 43]
[18, 31, 33, 42, 43]
[31, 33, 42, 43, 49]
[9, 19, 31, 33, 43]
[19, 31, 33, 43, 49]
[1, 20, 38, 40, 57]
[1, 20, 21, 40, 56]
[1, 10, 20, 38, 40]
[3, 32, 33, 43, 46]
[17, 32, 33, 43, 46]
[17, 32, 33, 36, 43]
[10, 32, 33, 36, 43]
[18, 32, 33, 36, 43]
[10, 33, 36, 42, 43]
[17, 18, 33, 36, 43]
[10, 18, 33, 36, 43]
[10, 18, 32, 33, 43]
[17, 18, 32, 33, 43]
[3, 19, 33, 43, 46]
[32, 33, 43, 46, 49]
[1, 34, 37, 40, 57]
[1, 20, 37, 40, 57]
[32, 33, 37, 43, 46]
[1, 17, 37, 43, 46]
[3, 33, 37, 43, 46]
[19, 33, 37, 43, 46]
[3, 19, 33, 37, 43]
[9, 19, 33, 45, 55]
[16, 19, 33, 36, 55]
[1, 34, 40, 55, 57]
[6, 19, 33, 45, 55]
[1, 15, 34, 40, 55]
[16, 19, 33, 45, 55]
[1, 21, 34, 40, 55]
[16, 31, 33, 34, 55]
[9, 31, 33, 34, 55]
[16, 18, 31, 33, 55]
[16, 31, 33, 45, 55]
[1, 21, 31, 40, 55]
[31, 33, 34, 49, 55]
[22, 31, 33, 49, 55]
[31, 32, 33, 43, 49]
[2, 23, 31, 33, 54]
[23, 31, 33, 45, 54]
[9, 31, 33, 43, 49]
[1, 20, 21, 40, 55]
[1, 20, 40, 55, 57]
[1, 7, 17, 25, 32]
[1, 21, 25, 34, 46]
[1, 15, 21, 25, 34]
[1, 21, 25, 34, 40]
[1, 15, 25, 34, 40]
[1, 24, 25, 34, 40]
[1, 25, 34, 40, 57]
[1, 15, 25, 38, 40]
[1, 7, 17, 25, 56]
[1, 25, 31, 40, 57]
[1, 25, 31, 34, 40]
[1, 21, 25, 31, 40]
[1, 25, 31, 40, 50]
[1, 25, 28, 31, 40]
[1, 21, 25, 31, 50]
[1, 5, 25, 31, 57]
[1, 21, 24, 25, 31]
[1, 24, 25, 31, 57]
[1, 13, 24, 35, 36]
[1, 7, 13, 24, 36]
[1, 7, 13, 24, 35]
[9, 24, 31, 33, 43]
[9, 10, 24, 33, 43]
[1, 21, 24, 35, 38]
[1, 24, 38, 48, 57]
[1, 10, 24, 38, 57]
[1, 20, 21, 24, 38]
[4, 18, 31, 33, 43]
[4, 7, 14, 32, 33]
[4, 32, 33, 37, 43]
[4, 7, 32, 33, 37]
[4, 7, 22, 32, 33]
[4, 7, 32, 33, 46]
[4, 7, 14, 17, 33]
[4, 7, 14, 33, 37]
[4, 28, 33, 37, 44]
[4, 28, 31, 33, 44]
[4, 18, 28, 31, 33]
[4, 17, 18, 33, 55]
[4, 16, 33, 46, 55]
[4, 16, 18, 33, 55]
[6, 16, 19, 33, 55]
[4, 16, 18, 33, 37]
[19, 33, 46, 49, 55]
[9, 15, 19, 33, 55]
[4, 10, 22, 33, 44]
[4, 22, 28, 33, 44]
[4, 14, 17, 33, 37]
[4, 17, 18, 33, 37]
[4, 5, 9, 31, 33]
[4, 5, 14, 31, 33]
[4, 14, 22, 31, 33]
[4, 22, 31, 33, 44]
[4, 16, 31, 33, 55]
[4, 9, 31, 33, 55]
[6, 19, 33, 49, 55]
[19, 33, 45, 49, 55]
[4, 22, 31, 33, 55]
[23, 31, 33, 49, 55]
[16, 23, 31, 33, 55]
[22, 23, 31, 33, 55]
[19, 23, 31, 33, 55]
[9, 19, 31, 33, 55]
[4, 18, 31, 33, 55]
[4, 16, 18, 31, 33]
[4, 5, 18, 31, 33]
[4, 16, 18, 32, 33]
[4, 10, 24, 33, 44]
[1, 4, 17, 25, 32]
[1, 4, 25, 32, 46]
[1, 4, 5, 25, 32]
[1, 4, 25, 31, 32]
[1, 5, 25, 31, 32]
[1, 4, 25, 31, 40]
[5, 23, 31, 32, 33]
[4, 14, 32, 33, 37]
[4, 18, 32, 33, 37]
[4, 17, 32, 33, 37]
[4, 32, 33, 37, 46]
[4, 16, 32, 33, 37]
[4, 22, 32, 33, 37]
[4, 17, 32, 33, 46]
[4, 17, 33, 37, 46]
[17, 33, 37, 46, 54]
[17, 18, 33, 37, 54]
[17, 33, 34, 37, 54]
[17, 33, 37, 54, 56]
[4, 17, 33, 37, 54]
[17, 28, 33, 37, 54]
[4, 17, 37, 46, 54]
[4, 12, 17, 47, 54]
[4, 12, 17, 18, 54]
[4, 12, 17, 46, 54]
[4, 17, 46, 47, 54]
[12, 17, 46, 47, 54]
[12, 17, 34, 46, 54]
[12, 17, 36, 47, 54]
[12, 17, 34, 36, 54]
[12, 17, 18, 36, 54]
[12, 17, 36, 54, 55]
[17, 34, 36, 54, 55]
[12, 17, 18, 54, 55]
[17, 18, 36, 54, 55]
[12, 17, 34, 54, 55]
[12, 17, 46, 54, 55]
[4, 17, 18, 54, 55]
[4, 12, 17, 54, 55]
[4, 17, 46, 54, 55]
[9, 19, 33, 49, 55]
[19, 20, 24, 27, 55]
[19, 20, 24, 27, 53]
[0, 19, 20, 24, 27]
[19, 20, 21, 24, 27]
[3, 19, 20, 21, 24]
[19, 20, 21, 24, 55]
[19, 21, 24, 27, 55]
[0, 19, 20, 24, 41]
[19, 21, 24, 27, 40]
[19, 20, 24, 27, 57]
[3, 19, 20, 24, 57]
[19, 24, 37, 44, 57]
[1, 24, 37, 38, 57]
[1, 20, 24, 37, 38]
[1, 24, 35, 37, 38]
[13, 19, 20, 24, 37]
[19, 20, 24, 37, 41]
[1, 4, 18, 31, 55]
[1, 4, 7, 17, 55]
[1, 4, 17, 20, 55]
[1, 4, 17, 18, 55]
[1, 4, 18, 20, 55]
[1, 4, 7, 17, 25]
[1, 4, 5, 25, 31]
[1, 4, 5, 18, 31]
[1, 4, 7, 25, 32]
[1, 4, 22, 31, 32]
[0, 13, 19, 24, 25]
[1, 7, 25, 32, 56]
[1, 4, 18, 31, 32]
[1, 21, 25, 38, 50]
[1, 15, 21, 25, 38]
[1, 21, 25, 50, 56]
[1, 15, 21, 25, 50]
[4, 17, 25, 32, 54]
[2, 3, 12, 50, 54]
[8, 12, 34, 36, 54]
[2, 12, 31, 34, 54]
[12, 31, 41, 50, 54]
[9, 19, 31, 45, 54]
[3, 19, 37, 54, 57]
[10, 12, 47, 50, 54]
[4, 10, 12, 18, 54]
[10, 12, 36, 47, 54]
[4, 10, 12, 47, 54]
[9, 34, 49, 54, 55]
[9, 31, 49, 54, 55]
[9, 31, 45, 54, 55]
[19, 31, 33, 54, 55]
[12, 17, 49, 54, 55]
[17, 34, 49, 54, 55]
[17, 33, 46, 54, 55]
[1, 24, 31, 35, 43]
[17, 35, 43, 46, 54]
[17, 43, 46, 49, 54]
[17, 32, 43, 46, 54]
[32, 43, 46, 49, 54]
[3, 32, 43, 46, 54]
[32, 37, 43, 46, 54]
[4, 32, 43, 46, 54]
[21, 22, 27, 31, 54]
[21, 27, 31, 50, 54]
[1, 4, 25, 28, 31]
[1, 4, 28, 31, 40]
[1, 21, 22, 23, 31]
[1, 7, 25, 32, 46]
[1, 4, 32, 37, 46]
[1, 23, 32, 43, 46]
[1, 4, 25, 28, 32]
[1, 4, 28, 32, 37]
[1, 20, 23, 32, 43]
[1, 17, 23, 32, 43]
[1, 5, 17, 23, 32]
[1, 7, 17, 23, 32]
[1, 4, 22, 28, 32]
[4, 17, 32, 33, 43]
[17, 32, 43, 49, 54]
[17, 18, 32, 43, 54]
[4, 18, 32, 33, 43]
[4, 10, 32, 33, 43]
[1, 25, 28, 38, 40]
[1, 15, 21, 25, 40]
[1, 21, 25, 38, 40]
[1, 21, 25, 40, 50]
[1, 25, 38, 40, 57]
[1, 25, 38, 40, 50]
[1, 25, 40, 50, 56]
[19, 45, 46, 54, 55]
[15, 19, 21, 25, 54]
[3, 19, 21, 25, 54]
[15, 19, 25, 41, 54]
[3, 15, 19, 25, 54]
[3, 24, 25, 38, 40]
[1, 4, 25, 38, 40]
[1, 4, 37, 38, 40]
[1, 4, 17, 25, 46]
[1, 4, 17, 25, 28]
[1, 4, 25, 28, 40]
[1, 4, 20, 37, 40]
[1, 4, 22, 28, 37]
[1, 4, 17, 28, 37]
[1, 4, 20, 40, 55]
[4, 7, 22, 33, 55]
[4, 7, 17, 33, 55]
[4, 5, 14, 17, 33]
[4, 5, 17, 18, 33]
[4, 7, 14, 22, 33]
[1, 7, 24, 36, 55]
[1, 24, 34, 37, 40]
[4, 22, 33, 37, 44]
[4, 14, 22, 33, 37]
[4, 7, 17, 33, 37]
[4, 7, 22, 33, 37]
[4, 17, 33, 37, 43]
[4, 18, 33, 37, 43]
[4, 9, 10, 33, 43]
[4, 10, 18, 33, 43]
[4, 17, 18, 33, 43]
[5, 14, 15, 23, 33]
[4, 9, 31, 33, 43]
[16, 19, 31, 33, 55]
[19, 31, 33, 49, 55]
[4, 14, 22, 32, 33]
[4, 17, 18, 28, 33]
[4, 14, 17, 32, 33]
[4, 10, 18, 32, 33]
[4, 9, 32, 33, 43]
[4, 5, 9, 32, 33]
[4, 9, 10, 32, 33]
[4, 5, 18, 32, 33]
[4, 22, 28, 31, 33]
[4, 10, 33, 43, 46]
[4, 7, 33, 46, 55]
[4, 16, 33, 37, 46]
[4, 33, 37, 43, 46]
[1, 21, 25, 46, 50]
[4, 17, 33, 43, 46]
[4, 7, 17, 33, 46]
[4, 17, 33, 46, 55]
[1, 4, 31, 40, 55]
[1, 4, 17, 37, 46]
[1, 4, 37, 43, 46]
[4, 7, 33, 37, 46]
[4, 18, 28, 33, 37]
[4, 22, 28, 33, 37]
[4, 17, 28, 33, 37]
[1, 4, 25, 28, 38]
[4, 32, 33, 43, 46]
[4, 10, 22, 32, 33]
[4, 16, 32, 33, 46]
[4, 9, 31, 32, 33]
[4, 17, 18, 32, 33]
[9, 12, 31, 54, 55]
[1, 21, 23, 31, 55]
[1, 15, 21, 23, 38]
[1, 7, 23, 46, 55]
[1, 21, 23, 46, 55]
[2, 23, 31, 33, 45]
[1, 17, 23, 46, 55]
[1, 24, 25, 40, 57]
[1, 24, 25, 40, 56]
[19, 24, 36, 44, 53]
[19, 20, 21, 24, 40]
[2, 10, 12, 50, 54]
[8, 19, 27, 29, 54]
[8, 19, 27, 54, 57]
[8, 10, 12, 18, 54]
[15, 19, 21, 54, 55]
[34, 49, 54, 55, 57]
[22, 45, 49, 54, 55]
[8, 12, 18, 28, 54]
[2, 3, 12, 28, 54]
[8, 12, 18, 36, 54]
[3, 15, 25, 50, 54]
[15, 21, 25, 34, 54]
[3, 15, 21, 25, 54]
[15, 21, 25, 50, 54]
[3, 21, 25, 50, 54]
[2, 10, 12, 22, 54]
[2, 10, 12, 36, 54]
[10, 12, 18, 36, 54]
[4, 9, 10, 12, 54]
[12, 18, 36, 54, 55]
[10, 12, 22, 47, 54]
[4, 20, 24, 40, 55]
[1, 4, 24, 40, 55]
[1, 20, 24, 40, 55]
[17, 18, 32, 54, 56]
[4, 12, 18, 54, 55]
[4, 12, 18, 28, 54]
[12, 17, 18, 28, 54]
[1, 20, 24, 38, 40]
[1, 10, 20, 24, 38]
[1, 10, 24, 36, 38]
[1, 7, 24, 35, 36]
[1, 24, 35, 36, 38]
[1, 24, 35, 36, 43]
[31, 41, 43, 49, 54]
[17, 18, 36, 43, 54]
[27, 35, 43, 46, 54]
[1, 24, 36, 43, 51]
[1, 21, 24, 34, 40]
[1, 20, 24, 40, 56]
[1, 10, 20, 24, 40]
[1, 10, 24, 38, 40]
[9, 12, 34, 49, 54]
[9, 31, 34, 49, 54]
[8, 18, 27, 31, 54]
[8, 27, 28, 31, 54]
[21, 31, 34, 49, 54]
[21, 22, 31, 49, 54]
[22, 31, 45, 49, 54]
[22, 31, 49, 54, 57]
[2, 22, 28, 31, 54]
[28, 31, 35, 41, 54]
[21, 27, 31, 35, 54]
[8, 28, 31, 45, 54]
[9, 31, 45, 49, 54]
[21, 31, 35, 50, 54]
[31, 35, 41, 50, 54]
[2, 22, 23, 31, 54]
[2, 22, 31, 45, 54]
[27, 31, 35, 50, 54]
[27, 28, 31, 35, 54]
[22, 28, 31, 41, 54]
[22, 28, 31, 45, 54]
[8, 18, 28, 31, 54]
[18, 28, 31, 32, 54]
[1, 21, 24, 40, 56]
[1, 21, 24, 40, 51]
[17, 32, 33, 34, 54]
[32, 33, 34, 36, 54]
[2, 26, 33, 45, 54]
[1, 21, 24, 38, 40]
[1, 24, 38, 40, 57]
[1, 10, 24, 40, 57]
[1, 24, 34, 40, 57]
[1, 20, 24, 40, 57]
[1, 20, 24, 38, 57]
[24, 25, 38, 40, 57]
[0, 3, 24, 25, 40]
[0, 24, 25, 40, 41]
[1, 7, 17, 23, 55]
[1, 17, 20, 23, 55]
[1, 7, 13, 24, 25]
[1, 21, 24, 25, 38]
[9, 31, 32, 43, 54]
[1, 5, 23, 31, 32]
[1, 20, 21, 23, 55]
[1, 7, 22, 23, 55]
[1, 21, 22, 23, 55]
[1, 15, 22, 23, 55]
[1, 7, 15, 23, 55]
[1, 20, 21, 23, 38]
[1, 22, 23, 29, 38]
[1, 17, 23, 43, 46]
[1, 23, 31, 32, 43]
[1, 7, 17, 23, 46]
[1, 7, 15, 22, 23]
[1, 4, 5, 31, 32]
[1, 15, 22, 23, 38]
[1, 15, 21, 22, 23]
[1, 25, 28, 31, 32]
[16, 23, 33, 45, 46]
[23, 33, 45, 46, 49]
[4, 24, 31, 40, 44]
[21, 24, 25, 34, 40]
[31, 35, 41, 43, 54]
[5, 14, 17, 23, 33]
[15, 23, 33, 43, 54]
[7, 17, 23, 32, 33]
[7, 14, 23, 32, 33]
[7, 17, 23, 33, 49]
[5, 6, 14, 23, 33]
[16, 19, 23, 31, 33]
[19, 23, 31, 33, 44]
[19, 23, 31, 33, 43]
[19, 23, 31, 33, 45]
[2, 7, 15, 23, 33]
[7, 14, 15, 23, 33]
[6, 19, 23, 33, 44]
[4, 17, 28, 32, 33]
[17, 23, 33, 43, 46]
[16, 23, 33, 46, 55]
[23, 33, 45, 46, 55]
[6, 23, 33, 49, 55]
[17, 23, 33, 46, 55]
[6, 23, 33, 45, 55]
[16, 23, 33, 45, 55]
[6, 16, 23, 33, 55]
[22, 23, 33, 45, 55]
[6, 19, 23, 33, 55]
[7, 15, 23, 33, 55]
[7, 23, 32, 33, 46]
[17, 23, 32, 33, 46]
[23, 32, 33, 43, 46]
[5, 17, 23, 32, 33]
[14, 17, 23, 32, 33]
[4, 5, 31, 32, 33]
[4, 18, 31, 32, 33]
[4, 28, 31, 32, 33]
[4, 14, 31, 32, 33]
[4, 31, 32, 33, 43]
[23, 31, 32, 33, 43]
[4, 16, 31, 32, 33]
[16, 23, 31, 32, 33]
[4, 22, 31, 32, 33]
[22, 23, 31, 33, 45]
[22, 23, 31, 33, 44]
[5, 23, 31, 33, 45]
[16, 23, 31, 33, 45]
[4, 24, 31, 33, 43]
[7, 23, 33, 46, 55]
[7, 17, 23, 33, 55]
[7, 14, 17, 23, 33]
[7, 17, 23, 33, 46]
[2, 7, 23, 33, 46]
[7, 23, 33, 46, 49]
[7, 14, 23, 33, 49]
[6, 16, 19, 23, 33]
[19, 23, 33, 43, 46]
[15, 19, 23, 33, 43]
[19, 23, 33, 45, 55]
[16, 19, 23, 33, 55]
[15, 19, 23, 33, 55]
[19, 23, 33, 46, 55]
[1, 24, 25, 38, 57]
[1, 24, 25, 34, 57]
[1, 21, 24, 25, 34]
[1, 21, 24, 25, 56]
[1, 10, 24, 36, 43]
[1, 20, 21, 24, 55]
[19, 24, 37, 41, 44]
[0, 3, 19, 24, 25]
[19, 24, 33, 36, 44]
[19, 21, 24, 27, 31]
[6, 19, 24, 44, 53]
[6, 19, 24, 37, 44]
[19, 20, 24, 27, 37]
[13, 19, 20, 24, 41]
[4, 7, 14, 24, 33]
[4, 7, 24, 33, 37]
[1, 4, 20, 24, 38]
[1, 4, 10, 20, 24]
[19, 24, 33, 36, 55]
[7, 23, 33, 49, 55]
[35, 46, 47, 50, 54]
[2, 12, 46, 50, 54]
[12, 46, 47, 50, 54]
[2, 46, 50, 54, 56]
[2, 12, 34, 46, 54]
[8, 12, 34, 46, 54]
[12, 34, 46, 54, 55]
[8, 34, 46, 54, 55]
[8, 12, 46, 54, 55]
[8, 45, 46, 54, 55]
[8, 12, 18, 54, 55]
[4, 9, 12, 54, 55]
[19, 24, 31, 41, 43]
[9, 19, 31, 54, 55]
[19, 31, 54, 55, 57]
[9, 31, 32, 34, 54]
[8, 19, 31, 54, 55]
[21, 27, 46, 50, 54]
[2, 33, 45, 46, 54]
[2, 33, 46, 54, 56]
[17, 18, 33, 36, 54]
[17, 32, 34, 46, 54]
[8, 32, 34, 46, 54]
[32, 34, 37, 46, 54]
[17, 32, 34, 37, 54]
[8, 18, 28, 32, 54]
[8, 29, 32, 54, 56]
[8, 27, 46, 54, 56]
[8, 32, 46, 54, 56]
[27, 46, 50, 54, 56]
[3, 8, 12, 28, 54]
[8, 10, 12, 36, 54]
[10, 22, 29, 32, 54]
[21, 27, 35, 46, 54]
[8, 10, 18, 32, 54]
[19, 20, 24, 41, 53]
[3, 19, 21, 24, 40]
[13, 19, 20, 24, 57]
[19, 24, 40, 44, 53]
[19, 24, 40, 44, 57]
[0, 19, 24, 40, 57]
[0, 19, 24, 40, 53]
[0, 19, 24, 40, 41]
[21, 25, 50, 54, 56]
[15, 25, 41, 50, 54]
[13, 19, 24, 25, 57]
[21, 35, 46, 50, 54]
[3, 12, 46, 50, 54]
[2, 10, 12, 46, 54]
[2, 10, 46, 50, 54]
[10, 12, 46, 47, 54]
[1, 7, 24, 25, 56]
[10, 12, 46, 50, 54]
[17, 37, 46, 54, 56]
[8, 10, 12, 46, 54]
[2, 22, 33, 45, 54]
[12, 34, 46, 49, 54]
[4, 10, 12, 24, 40]
[8, 34, 54, 55, 57]
[31, 33, 45, 49, 54]
[1, 24, 34, 40, 55]
[8, 18, 36, 54, 55]
[8, 34, 36, 54, 55]
[8, 12, 36, 54, 55]
[8, 27, 31, 54, 55]
[9, 27, 31, 54, 55]
[12, 46, 49, 54, 55]
[12, 34, 36, 54, 55]
[4, 8, 12, 54, 55]
[1, 4, 20, 24, 43]
[8, 27, 54, 55, 57]
[4, 20, 24, 40, 44]
[0, 4, 20, 24, 40]
[9, 15, 27, 43, 54]
[3, 24, 25, 40, 57]
[1, 21, 24, 25, 40]
[1, 21, 24, 40, 55]
[1, 24, 25, 31, 40]
[1, 24, 25, 38, 40]
[22, 28, 32, 37, 54]
[8, 18, 31, 32, 54]
[17, 18, 32, 37, 54]
[17, 18, 37, 43, 54]
[17, 35, 37, 43, 54]
[17, 35, 36, 43, 54]
[10, 12, 41, 43, 54]
[9, 10, 12, 43, 54]
[10, 12, 36, 43, 54]
[3, 8, 28, 32, 54]
[3, 8, 32, 46, 54]
[8, 10, 32, 46, 54]
[8, 31, 34, 54, 57]
[8, 31, 32, 34, 54]
[17, 36, 43, 47, 54]
[9, 26, 27, 43, 54]
[17, 32, 36, 43, 54]
[3, 32, 37, 43, 54]
[17, 32, 37, 43, 54]
[26, 27, 37, 43, 54]
[2, 15, 22, 23, 54]
[15, 21, 22, 23, 54]
[2, 22, 23, 45, 54]
[22, 23, 45, 54, 55]
[21, 22, 23, 54, 55]
[8, 23, 45, 54, 55]
[4, 8, 18, 54, 55]
[4, 8, 12, 18, 54]
[2, 15, 33, 50, 54]
[4, 8, 18, 31, 54]
[22, 23, 33, 45, 54]
[21, 46, 50, 54, 56]
[3, 8, 12, 46, 54]
[12, 41, 43, 49, 54]
[9, 12, 31, 49, 54]
[12, 22, 31, 49, 54]
[2, 12, 31, 50, 54]
[31, 34, 49, 54, 57]
[15, 21, 34, 54, 55]
[21, 34, 49, 54, 55]
[21, 31, 34, 54, 55]
[17, 25, 34, 49, 54]
[25, 34, 49, 54, 57]
[21, 25, 34, 49, 54]
[17, 25, 34, 54, 57]
[12, 17, 34, 49, 54]
[4, 24, 38, 40, 53]
[4, 10, 24, 40, 44]
[0, 4, 24, 40, 51]
[4, 24, 38, 40, 44]
[4, 24, 37, 38, 40]
[4, 10, 24, 38, 40]
[4, 20, 24, 38, 40]
[4, 20, 24, 37, 40]
[4, 10, 20, 24, 40]
[1, 4, 24, 43, 51]
[8, 18, 27, 54, 55]
[12, 18, 36, 43, 54]
[4, 12, 22, 28, 54]
[4, 12, 17, 28, 54]
[4, 8, 12, 28, 54]
[22, 23, 49, 54, 55]
[4, 12, 22, 47, 54]
[4, 12, 22, 54, 55]
[4, 12, 24, 38, 40]
[4, 8, 10, 12, 54]
[4, 10, 12, 22, 54]
[4, 12, 46, 47, 54]
[4, 8, 12, 46, 54]
[33, 46, 50, 54, 56]
[2, 33, 46, 50, 54]
[2, 3, 12, 46, 54]
[4, 12, 46, 54, 55]
[4, 10, 12, 46, 54]
[10, 18, 33, 36, 54]
[1, 4, 10, 24, 40]
[1, 4, 10, 24, 38]
[0, 4, 24, 40, 53]
[19, 20, 24, 44, 53]
[19, 21, 31, 54, 55]
[1, 4, 24, 31, 55]
[4, 22, 31, 54, 55]
[4, 9, 31, 54, 55]
[21, 27, 31, 54, 55]
[1, 4, 7, 24, 55]
[19, 24, 27, 40, 55]
[1, 4, 20, 24, 55]
[4, 24, 37, 40, 44]
[21, 34, 46, 49, 54]
[25, 34, 46, 49, 54]
[21, 25, 46, 49, 54]
[45, 46, 49, 54, 55]
[34, 46, 49, 54, 55]
[4, 22, 32, 33, 54]
[9, 32, 43, 49, 54]
[23, 32, 43, 49, 54]
[22, 23, 29, 32, 54]
[8, 23, 29, 32, 54]
[2, 33, 34, 36, 54]
[2, 33, 36, 50, 54]
[2, 22, 33, 36, 54]
[2, 10, 33, 36, 54]
[3, 25, 28, 32, 54]
[8, 18, 32, 54, 56]
[12, 18, 28, 31, 54]
[8, 12, 18, 31, 54]
[17, 25, 32, 54, 56]
[21, 22, 23, 31, 54]
[22, 23, 45, 49, 54]
[21, 22, 23, 49, 54]
[23, 31, 45, 49, 54]
[22, 27, 28, 31, 54]
[22, 28, 33, 45, 54]
[22, 28, 33, 37, 54]
[2, 10, 22, 33, 54]
[2, 22, 23, 33, 54]
[15, 22, 23, 33, 54]
[15, 19, 23, 33, 54]
[19, 24, 25, 31, 40]
[19, 24, 25, 31, 57]
[19, 24, 25, 31, 41]
[19, 21, 24, 25, 31]
[19, 21, 25, 31, 54]
[19, 27, 31, 54, 57]
[19, 21, 27, 31, 54]
[9, 19, 27, 31, 54]
[4, 17, 25, 28, 54]
[1, 4, 7, 24, 25]
[1, 4, 24, 25, 38]
[1, 4, 24, 25, 40]
[4, 24, 25, 38, 40]
[1, 4, 20, 24, 37]
[1, 4, 7, 24, 37]
[26, 28, 33, 37, 54]
[28, 33, 37, 45, 54]
[18, 33, 36, 54, 55]
[17, 18, 33, 54, 55]
[33, 34, 36, 54, 55]
[15, 33, 34, 54, 55]
[9, 33, 34, 54, 55]
[9, 33, 45, 54, 55]
[9, 15, 33, 54, 55]
[17, 33, 36, 54, 55]
[4, 9, 33, 54, 55]
[4, 9, 24, 33, 55]
[4, 7, 24, 33, 55]
[2, 23, 33, 45, 54]
[2, 10, 33, 50, 54]
[2, 33, 50, 54, 56]
[4, 18, 33, 37, 54]
[4, 10, 18, 33, 54]
[4, 18, 28, 33, 54]
[2, 15, 33, 34, 54]
[2, 26, 33, 54, 56]
[26, 33, 37, 45, 54]
[26, 33, 37, 54, 56]
[10, 33, 36, 50, 54]
[17, 33, 34, 36, 54]
[9, 26, 33, 45, 54]
[9, 26, 33, 54, 56]
[9, 15, 33, 34, 54]
[2, 28, 33, 45, 54]
[2, 3, 28, 33, 54]
[2, 3, 33, 50, 54]
[18, 33, 37, 54, 56]
[3, 28, 33, 37, 54]
[18, 28, 33, 37, 54]
[17, 18, 28, 33, 54]
[15, 19, 21, 27, 54]
[3, 15, 19, 33, 54]
[3, 15, 19, 21, 54]
[17, 25, 32, 34, 54]
[17, 32, 33, 54, 56]
[17, 32, 33, 36, 54]
[9, 15, 19, 27, 54]
[3, 19, 25, 54, 57]
[3, 19, 21, 24, 25]
[8, 19, 27, 31, 54]
[8, 19, 31, 54, 57]
[6, 19, 21, 24, 25]
[19, 20, 24, 41, 44]
[19, 20, 24, 44, 57]
[0, 13, 19, 20, 24]
[0, 19, 20, 24, 57]
[0, 19, 20, 24, 40]
[19, 20, 24, 40, 44]
[22, 23, 32, 49, 54]
[8, 23, 45, 46, 54]
[27, 35, 46, 50, 54]
[17, 23, 32, 49, 54]
[19, 20, 24, 27, 40]
[19, 24, 27, 40, 53]
[19, 24, 27, 40, 57]
[0, 19, 24, 27, 40]
[19, 20, 24, 40, 53]
[19, 20, 24, 40, 57]
[19, 20, 24, 40, 41]
[19, 24, 40, 41, 53]
[19, 24, 37, 40, 57]
[19, 24, 37, 40, 41]
[19, 24, 37, 40, 44]
[9, 32, 34, 49, 54]
[17, 34, 46, 49, 54]
[8, 19, 23, 46, 54]
[12, 17, 46, 49, 54]
[19, 20, 24, 37, 40]
[19, 24, 27, 37, 40]
[3, 19, 20, 24, 40]
[19, 20, 24, 37, 57]
[19, 20, 24, 37, 44]
[0, 3, 19, 20, 24]
[3, 19, 20, 24, 37]
[19, 27, 37, 54, 57]
[9, 19, 27, 29, 54]
[4, 22, 28, 33, 54]
[4, 10, 22, 33, 54]
[4, 9, 10, 33, 54]
[4, 17, 28, 33, 54]
[4, 17, 18, 33, 54]
[19, 21, 24, 40, 55]
[21, 27, 46, 54, 55]
[8, 27, 46, 54, 55]
[18, 27, 28, 31, 54]
[2, 27, 28, 31, 54]
[19, 23, 45, 46, 54]
[19, 21, 23, 46, 54]
[2, 27, 46, 50, 54]
[2, 23, 45, 46, 54]
[17, 23, 32, 46, 54]
[2, 27, 46, 54, 56]
[27, 46, 47, 50, 54]
[27, 37, 46, 54, 56]
[8, 12, 31, 54, 55]
[8, 31, 34, 54, 55]
[8, 18, 31, 54, 55]
[19, 31, 49, 54, 55]
[19, 27, 31, 54, 55]
[22, 28, 31, 32, 54]
[8, 27, 31, 54, 57]
[9, 31, 33, 49, 54]
[31, 33, 34, 49, 54]
[14, 17, 23, 33, 49]
[14, 22, 23, 33, 49]
[6, 14, 23, 33, 49]
[17, 23, 33, 49, 54]
[22, 23, 31, 33, 49]
[14, 23, 31, 33, 49]
[23, 31, 33, 49, 54]
[4, 24, 25, 31, 40]
[1, 4, 24, 25, 31]
[19, 31, 33, 45, 54]
[1, 4, 24, 37, 38]
[1, 4, 24, 40, 51]
[4, 10, 46, 47, 54]
[4, 8, 10, 46, 54]
[3, 25, 46, 50, 54]
[25, 46, 50, 54, 56]
[17, 25, 46, 49, 54]
[17, 25, 49, 54, 57]
[4, 24, 33, 37, 44]
[4, 14, 24, 33, 37]
[4, 9, 10, 24, 33]
[4, 22, 28, 32, 33]
[4, 10, 24, 33, 43]
[4, 9, 24, 33, 43]
[4, 24, 33, 37, 43]
[19, 20, 24, 40, 55]
[19, 24, 36, 52, 55]
[19, 24, 25, 40, 57]
[19, 21, 24, 25, 40]
[19, 24, 25, 40, 41]
[0, 4, 24, 25, 40]
[22, 23, 32, 33, 49]
[14, 23, 32, 33, 49]
[7, 23, 32, 33, 49]
[3, 19, 24, 25, 57]
[0, 19, 24, 25, 57]
[13, 19, 24, 25, 41]
[0, 19, 24, 25, 41]
[3, 19, 24, 25, 40]
[0, 19, 24, 25, 40]
[1, 4, 20, 24, 40]
[1, 4, 24, 38, 40]
[4, 18, 28, 32, 54]
[4, 8, 28, 32, 54]
[8, 19, 46, 54, 55]
[12, 22, 49, 54, 55]
[17, 32, 34, 49, 54]
[3, 8, 19, 54, 57]
[9, 19, 45, 49, 54]
[8, 19, 23, 45, 54]
[8, 19, 23, 29, 54]
[19, 23, 45, 49, 54]
[3, 15, 19, 43, 54]
[19, 36, 43, 47, 54]
[12, 36, 43, 47, 54]
[12, 17, 43, 47, 54]
[18, 32, 36, 43, 54]
[35, 36, 43, 47, 54]
[27, 35, 43, 47, 54]
[12, 17, 36, 43, 54]
[18, 33, 36, 43, 54]
[26, 33, 45, 49, 54]
[22, 33, 45, 49, 54]
[17, 33, 34, 49, 54]
[9, 33, 34, 49, 54]
[9, 33, 45, 49, 54]
[19, 25, 41, 49, 54]
[15, 19, 41, 43, 54]
[12, 17, 18, 43, 54]
[17, 25, 28, 32, 54]
[17, 25, 32, 46, 54]
[25, 32, 46, 49, 54]
[21, 46, 49, 54, 55]
[12, 18, 31, 54, 55]
[9, 19, 45, 54, 55]
[23, 46, 49, 54, 55]
[8, 23, 31, 54, 55]
[12, 31, 34, 54, 55]
[4, 8, 28, 31, 54]
[9, 12, 49, 54, 55]
[8, 31, 45, 54, 55]
[25, 31, 41, 50, 54]
[1, 4, 24, 37, 40]
[21, 22, 49, 54, 55]
[21, 25, 46, 50, 54]
[3, 21, 25, 46, 54]
[21, 25, 46, 54, 56]
[21, 25, 34, 46, 54]
[17, 46, 49, 54, 55]
[2, 22, 28, 33, 54]
[4, 17, 25, 46, 54]
[17, 25, 46, 54, 56]
[17, 25, 34, 46, 54]
[21, 34, 46, 54, 55]
[4, 8, 46, 54, 55]
[12, 43, 46, 47, 54]
[23, 45, 49, 54, 55]
[17, 23, 46, 54, 55]
[21, 23, 49, 54, 55]
[8, 23, 46, 54, 55]
[21, 23, 46, 54, 55]
[17, 23, 49, 54, 55]
[17, 23, 46, 47, 54]
[23, 45, 46, 54, 55]
[22, 33, 36, 54, 55]
[15, 22, 33, 54, 55]
[17, 33, 34, 54, 55]
[27, 35, 37, 43, 54]
[9, 26, 33, 43, 54]
[2, 15, 22, 33, 54]
[22, 33, 37, 45, 54]
[3, 33, 46, 50, 54]
[2, 3, 33, 46, 54]
[22, 32, 33, 36, 54]
[3, 28, 32, 33, 54]
[10, 33, 36, 43, 54]
[17, 33, 36, 43, 54]
[17, 18, 33, 43, 54]
[17, 32, 33, 43, 54]
[10, 22, 33, 36, 54]
[4, 17, 32, 33, 54]
[9, 26, 33, 49, 54]
[4, 31, 32, 33, 54]
[4, 25, 31, 32, 54]
[4, 9, 24, 31, 33]
[4, 9, 31, 33, 54]
[19, 33, 37, 45, 54]
[23, 33, 45, 54, 55]
[4, 14, 24, 31, 33]
[8, 31, 54, 55, 57]
[4, 18, 33, 54, 55]
[4, 17, 33, 54, 55]
[4, 22, 33, 54, 55]
[4, 33, 46, 54, 55]
[4, 28, 32, 33, 54]
[4, 10, 32, 33, 54]
[4, 32, 33, 37, 54]
[4, 18, 32, 33, 54]
[4, 32, 33, 46, 54]
[4, 28, 33, 37, 54]
[4, 22, 33, 37, 54]
[6, 9, 19, 24, 33]
[9, 32, 33, 34, 54]
[9, 32, 33, 49, 54]
[9, 32, 33, 54, 56]
[9, 10, 32, 33, 54]
[5, 14, 23, 32, 33]
[32, 33, 37, 54, 56]
[32, 33, 34, 37, 54]
[4, 17, 32, 37, 54]
[12, 31, 34, 49, 54]
[17, 28, 32, 33, 54]
[3, 32, 33, 37, 54]
[10, 18, 32, 33, 54]
[17, 18, 32, 33, 54]
[17, 23, 33, 49, 55]
[17, 32, 33, 37, 54]
[17, 33, 37, 43, 54]
[4, 17, 28, 32, 54]
[22, 28, 32, 33, 54]
[18, 32, 33, 36, 54]
[10, 22, 32, 33, 54]
[10, 32, 33, 36, 54]
[2, 31, 33, 50, 54]
[2, 31, 33, 45, 54]
[9, 31, 33, 45, 54]
[2, 31, 33, 34, 54]
[8, 12, 31, 34, 54]
[9, 31, 33, 34, 54]
[25, 31, 34, 54, 57]
[4, 22, 31, 33, 54]
[19, 23, 33, 45, 54]
[9, 12, 31, 34, 54]
[4, 12, 28, 31, 54]
[23, 33, 45, 49, 54]
[22, 23, 33, 49, 54]
[17, 23, 33, 46, 49]
[23, 33, 46, 49, 55]
[33, 34, 46, 54, 55]
[22, 23, 33, 49, 55]
[22, 33, 45, 54, 55]
[2, 33, 34, 46, 54]
[22, 23, 33, 54, 55]
[9, 33, 49, 54, 55]
[22, 33, 49, 54, 55]
[17, 23, 33, 54, 55]
[17, 33, 49, 54, 55]
[4, 9, 32, 33, 54]
[4, 25, 28, 32, 54]
[4, 8, 10, 32, 54]
[4, 8, 12, 31, 54]
[4, 33, 37, 46, 54]
[25, 32, 34, 49, 54]
[17, 25, 32, 49, 54]
[17, 32, 37, 46, 54]
[4, 18, 32, 37, 54]
[4, 28, 32, 37, 54]
[3, 32, 37, 46, 54]
[2, 27, 31, 50, 54]
[8, 12, 28, 31, 54]
[4, 8, 18, 32, 54]
[4, 18, 28, 31, 54]
[4, 17, 18, 32, 54]
[19, 25, 49, 54, 57]
[19, 23, 31, 49, 54]
[19, 23, 49, 54, 55]
[19, 25, 46, 49, 54]
[19, 21, 25, 49, 54]
[19, 25, 31, 49, 54]
[3, 19, 25, 46, 54]
[19, 21, 25, 46, 54]
[25, 31, 34, 49, 54]
[19, 23, 33, 49, 54]
[19, 23, 46, 49, 54]
[15, 19, 23, 54, 55]
[8, 19, 23, 54, 55]
[19, 21, 23, 54, 55]
[15, 19, 21, 23, 54]
[12, 28, 31, 41, 54]
[2, 12, 28, 31, 54]
[25, 28, 31, 41, 54]
[21, 25, 31, 50, 54]
[21, 25, 31, 34, 54]
[8, 28, 31, 32, 54]
[32, 37, 46, 54, 56]
[17, 32, 46, 54, 56]
[12, 22, 28, 31, 54]
[2, 12, 22, 31, 54]
[22, 27, 31, 54, 57]
[2, 22, 27, 31, 54]
[3, 25, 32, 46, 54]
[25, 32, 46, 54, 56]
[19, 45, 46, 49, 54]
[9, 19, 49, 54, 55]
[22, 31, 45, 54, 55]
[4, 9, 31, 32, 54]
[4, 28, 31, 32, 54]
[4, 8, 31, 32, 54]
[4, 9, 10, 32, 54]
[22, 27, 31, 54, 55]
[17, 32, 46, 49, 54]
[25, 32, 34, 46, 54]
[22, 31, 54, 55, 57]
[12, 22, 31, 54, 55]
[8, 23, 32, 46, 54]
[32, 34, 46, 49, 54]
[21, 22, 31, 54, 55]
[8, 23, 31, 32, 54]
[22, 23, 31, 32, 54]
[25, 31, 32, 34, 54]
[25, 28, 31, 32, 54]
[21, 31, 49, 54, 55]
[31, 49, 54, 55, 57]
[31, 34, 49, 54, 55]
[12, 31, 49, 54, 55]
[31, 45, 49, 54, 55]
[31, 32, 33, 49, 54]
[17, 32, 33, 49, 54]
[32, 33, 46, 49, 54]
[32, 33, 34, 49, 54]
[22, 32, 33, 49, 54]
[23, 32, 33, 49, 54]
[17, 23, 32, 33, 49]
[21, 25, 31, 49, 54]
[25, 31, 41, 49, 54]
[25, 31, 49, 54, 57]
[22, 31, 49, 54, 55]
[22, 23, 31, 54, 55]
[21, 23, 31, 54, 55]
[19, 21, 27, 54, 55]
[15, 19, 27, 54, 55]
[19, 27, 54, 55, 57]
[8, 19, 45, 46, 54]
[27, 43, 46, 47, 54]
[19, 20, 24, 27, 43]
[9, 19, 24, 33, 55]
[9, 19, 24, 33, 43]
[19, 20, 24, 43, 53]
[15, 19, 27, 43, 54]
[19, 27, 43, 47, 54]
[19, 27, 37, 43, 54]
[19, 21, 46, 49, 54]
[8, 19, 27, 46, 54]
[19, 21, 27, 46, 54]
[4, 17, 32, 46, 54]
[4, 22, 32, 37, 54]
[4, 22, 28, 32, 54]
[4, 10, 22, 32, 54]
[4, 10, 18, 32, 54]
[4, 25, 32, 46, 54]
[4, 10, 32, 46, 54]
[4, 8, 32, 46, 54]
[12, 17, 43, 49, 54]
[9, 12, 43, 49, 54]
[17, 23, 43, 49, 54]
[9, 26, 43, 49, 54]
[19, 23, 43, 49, 54]
[19, 41, 43, 49, 54]
[4, 31, 32, 43, 54]
[4, 12, 43, 47, 54]
[4, 10, 43, 47, 54]
[1, 4, 10, 24, 43]
[4, 9, 32, 43, 54]
[4, 18, 32, 43, 54]
[4, 10, 32, 43, 54]
[4, 32, 37, 43, 54]
[18, 32, 37, 43, 54]
[23, 32, 43, 46, 54]
[1, 4, 24, 37, 43]
[8, 19, 45, 54, 55]
[4, 17, 32, 43, 54]
[17, 23, 32, 43, 54]
[4, 12, 17, 43, 54]
[8, 19, 54, 55, 57]
[4, 17, 43, 47, 54]
[19, 45, 49, 54, 55]
[19, 21, 49, 54, 55]
[19, 21, 23, 49, 54]
[8, 19, 36, 54, 55]
[8, 19, 27, 54, 55]
[9, 15, 19, 54, 55]
[9, 19, 27, 54, 55]
[19, 23, 45, 54, 55]
[18, 32, 33, 37, 54]
[3, 19, 33, 37, 54]
[3, 19, 24, 33, 37]
[19, 24, 33, 37, 44]
[6, 19, 24, 33, 37]
[9, 19, 33, 54, 55]
[19, 33, 36, 54, 55]
[15, 19, 33, 54, 55]
[6, 19, 24, 33, 55]
[19, 33, 45, 54, 55]
[19, 21, 46, 54, 55]
[19, 27, 46, 54, 55]
[9, 15, 19, 33, 54]
[9, 19, 33, 45, 54]
[6, 19, 24, 33, 44]
[18, 32, 33, 54, 56]
[18, 28, 32, 33, 54]
[33, 46, 49, 54, 55]
[19, 46, 49, 54, 55]
[33, 34, 46, 49, 54]
[17, 33, 46, 49, 54]
[28, 32, 33, 37, 54]
[32, 33, 46, 54, 56]
[10, 33, 46, 50, 54]
[22, 32, 33, 37, 54]
[17, 32, 33, 46, 54]
[32, 33, 34, 46, 54]
[9, 31, 32, 33, 54]
[18, 31, 32, 33, 54]
[28, 31, 33, 45, 54]
[22, 31, 33, 45, 54]
[8, 19, 31, 45, 54]
[9, 19, 31, 33, 54]
[19, 23, 31, 45, 54]
[19, 23, 31, 33, 54]
[19, 23, 31, 54, 55]
[8, 19, 23, 31, 54]
[19, 21, 23, 31, 54]
[19, 23, 33, 54, 55]
[9, 19, 33, 49, 54]
[19, 33, 49, 54, 55]
[19, 31, 33, 49, 54]
[19, 33, 45, 49, 54]
[19, 23, 33, 49, 55]
[6, 19, 23, 33, 49]
[33, 34, 49, 54, 55]
[19, 23, 33, 45, 49]
[19, 21, 31, 49, 54]
[33, 45, 49, 54, 55]
[7, 22, 23, 32, 33]
[19, 31, 49, 54, 57]
[3, 19, 21, 46, 54]
[9, 19, 31, 49, 54]
[19, 31, 41, 49, 54]
[4, 8, 31, 54, 55]
[4, 12, 31, 54, 55]
[22, 31, 32, 49, 54]
[31, 32, 34, 49, 54]
[25, 31, 32, 49, 54]
[9, 31, 32, 49, 54]
[4, 32, 37, 46, 54]
[4, 25, 28, 31, 54]
[4, 22, 28, 31, 54]
[4, 12, 18, 31, 54]
[19, 23, 46, 47, 54]
[3, 8, 19, 46, 54]
[21, 23, 31, 49, 54]
[35, 37, 43, 46, 54]
[4, 9, 12, 43, 54]
[23, 32, 46, 49, 54]
[19, 23, 46, 54, 55]
[19, 27, 46, 47, 54]
[19, 31, 45, 49, 54]
[23, 31, 49, 54, 55]
[22, 23, 31, 49, 54]
[22, 23, 31, 45, 54]
[2, 28, 31, 33, 54]
[8, 23, 31, 45, 54]
[23, 31, 32, 49, 54]
[4, 9, 12, 31, 54]
[4, 18, 31, 54, 55]
[4, 12, 22, 31, 54]
[19, 24, 41, 43, 53]
[19, 20, 24, 41, 43]
[3, 12, 43, 46, 54]
[12, 17, 43, 46, 54]
[3, 19, 24, 37, 43]
[9, 19, 24, 31, 43]
[19, 24, 37, 41, 43]
[0, 19, 20, 24, 43]
[1, 4, 24, 31, 43]
[0, 19, 24, 27, 43]
[19, 24, 27, 31, 43]
[19, 24, 27, 37, 43]
[4, 17, 43, 46, 54]
[4, 10, 43, 46, 54]
[17, 23, 43, 46, 54]
[19, 27, 43, 46, 54]
[10, 12, 18, 43, 54]
[12, 43, 46, 49, 54]
[3, 19, 43, 46, 54]
[19, 43, 46, 49, 54]
[23, 43, 46, 47, 54]
[23, 43, 46, 49, 54]
[19, 23, 43, 46, 54]
[15, 19, 23, 43, 54]
[19, 23, 43, 47, 54]
[15, 23, 33, 54, 55]
[3, 15, 33, 43, 54]
[15, 19, 33, 43, 54]
[19, 33, 43, 49, 54]
[19, 23, 33, 43, 49]
[17, 33, 43, 49, 54]
[32, 33, 43, 49, 54]
[19, 31, 41, 43, 54]
[18, 27, 31, 43, 54]
[19, 37, 41, 43, 54]
[19, 33, 43, 46, 54]
[3, 19, 33, 46, 54]
[19, 33, 46, 54, 55]
[19, 33, 46, 49, 54]
[19, 23, 33, 46, 49]
[19, 33, 45, 46, 54]
[19, 23, 33, 46, 54]
[19, 23, 31, 33, 49]
[19, 31, 43, 49, 54]
[9, 19, 43, 49, 54]
[9, 15, 19, 43, 54]
[4, 10, 18, 43, 54]
[4, 12, 43, 46, 54]
[23, 33, 46, 54, 55]
[23, 33, 45, 46, 54]
[23, 33, 43, 46, 54]
[2, 23, 33, 46, 54]
[17, 23, 33, 46, 54]
[23, 32, 33, 46, 54]
[16, 23, 32, 33, 46]
[33, 45, 46, 54, 55]
[17, 33, 46, 54, 56]
[17, 33, 34, 46, 54]
[4, 17, 33, 46, 54]
[4, 10, 33, 46, 54]
[2, 10, 33, 46, 54]
[4, 18, 31, 33, 54]
[4, 28, 31, 33, 54]
[4, 24, 31, 33, 44]
[18, 28, 31, 33, 54]
[22, 28, 31, 33, 54]
[4, 18, 33, 43, 54]
[4, 12, 18, 43, 54]
[3, 19, 33, 43, 54]
[19, 33, 36, 43, 54]
[23, 31, 33, 45, 49]
[2, 22, 31, 33, 54]
[33, 37, 45, 46, 54]
[23, 33, 49, 54, 55]
[23, 32, 33, 46, 49]
[33, 45, 46, 49, 54]
[23, 33, 46, 49, 54]
[33, 34, 37, 46, 54]
[33, 37, 46, 54, 56]
[3, 33, 37, 46, 54]
[33, 43, 46, 49, 54]
[23, 33, 43, 46, 49]
[17, 33, 43, 46, 54]
[4, 33, 43, 46, 54]
[4, 43, 46, 47, 54]
[17, 37, 43, 46, 54]
[27, 37, 43, 46, 54]
[3, 37, 43, 46, 54]
[10, 32, 33, 43, 54]
[18, 32, 33, 43, 54]
[32, 33, 36, 43, 54]
[9, 32, 33, 43, 54]
[3, 33, 43, 46, 54]
[10, 18, 33, 43, 54]
[3, 19, 24, 33, 43]
[19, 23, 33, 43, 54]
[9, 19, 33, 43, 54]
[17, 23, 32, 33, 54]
[17, 23, 32, 33, 43]
[23, 32, 33, 43, 54]
[22, 23, 32, 33, 54]
[3, 32, 33, 43, 54]
[4, 32, 33, 43, 54]
[23, 32, 33, 43, 49]
[14, 22, 23, 32, 33]
[3, 32, 33, 46, 54]
[10, 33, 43, 46, 54]
[9, 10, 33, 43, 54]
[26, 33, 43, 49, 54]
[9, 19, 27, 43, 54]
[17, 23, 33, 43, 54]
[9, 33, 43, 49, 54]
[32, 33, 43, 46, 54]
[4, 17, 18, 43, 54]
[17, 23, 43, 47, 54]
[10, 32, 33, 46, 54]
[17, 23, 33, 43, 49]
[19, 24, 31, 33, 43]
[4, 24, 31, 33, 55]
[19, 31, 33, 43, 54]
[31, 32, 33, 43, 54]
[9, 31, 33, 43, 54]
[18, 31, 33, 43, 54]
[9, 31, 33, 54, 55]
[31, 33, 45, 54, 55]
[4, 31, 33, 43, 54]
[28, 31, 32, 33, 54]
[31, 32, 33, 34, 54]
[19, 24, 33, 37, 43]
[19, 24, 33, 36, 43]
[19, 33, 37, 43, 54]
[32, 33, 37, 43, 54]
[32, 33, 37, 46, 54]
[3, 19, 37, 43, 54]
[33, 37, 43, 46, 54]
[18, 33, 37, 43, 54]
[26, 33, 37, 43, 54]
[4, 33, 37, 43, 54]
[3, 33, 37, 43, 54]
[23, 31, 33, 43, 49]
[31, 33, 43, 49, 54]
[23, 31, 33, 43, 54]
[23, 31, 33, 54, 55]
[22, 23, 31, 33, 54]
[4, 31, 33, 54, 55]
[22, 31, 33, 54, 55]
[19, 27, 31, 43, 54]
[9, 19, 31, 43, 54]
[4, 9, 31, 43, 54]
[4, 12, 31, 43, 54]
[4, 37, 43, 46, 54]
[4, 18, 31, 43, 54]
[9, 31, 43, 49, 54]
[9, 12, 31, 43, 54]
[9, 27, 31, 43, 54]
[12, 18, 31, 43, 54]
[12, 31, 43, 49, 54]
[12, 31, 41, 43, 54]
[18, 31, 32, 43, 54]
[31, 32, 43, 49, 54]
[23, 31, 32, 43, 54]
[23, 31, 32, 33, 54]
[18, 27, 37, 43, 54]
[27, 31, 35, 43, 54]
[19, 23, 31, 43, 54]
[23, 31, 43, 49, 54]
[31, 33, 34, 54, 55]
[18, 31, 33, 54, 55]
[22, 31, 33, 49, 54]
[31, 33, 49, 54, 55]
[23, 31, 32, 33, 49]
[22, 31, 32, 33, 54]
