[21, 23]
[3, 23]
[3, 22]
[6, 22]
[7, 22]
[8, 22]
[11, 22]
[12, 22]
[15, 22]
[16, 22]
[17, 22]
[18, 22]
[20, 22]
[4, 13]
[4, 23]
[2, 23]
[1, 23]
[6, 23]
[22, 73]
[8, 73]
[6, 73]
[3, 73]
[11, 73]
[13, 73]
[15, 73]
[16, 73]
[17, 73]
[18, 73]
[20, 73]
[21, 73]
[24, 73]
[25, 73]
[26, 73]
[27, 73]
[28, 73]
[33, 73]
[37, 73]
[40, 73]
[41, 73]
[43, 73]
[46, 73]
[47, 73]
[50, 73]
[51, 73]
[52, 73]
[54, 73]
[55, 73]
[56, 73]
[57, 73]
[58, 73]
[59, 73]
[67, 73]
[71, 73]
[6, 35]
[4, 35]
[8, 23]
[11, 23]
[9, 23]
[10, 23]
[12, 23]
[13, 23]
[18, 23]
[20, 23]
[2, 13]
[4, 5]
[1, 5]
[5, 20]
[2, 20]
[2, 6]
[1, 6]
[5, 12]
[3, 12]
[7, 12]
[8, 12]
[9, 12]
[10, 12]
[2, 3]
[1, 2]
[5, 25]
[5, 17]
[5, 50]
[5, 40]
[5, 52]
[5, 53]
[5, 63]
[5, 72]
[5, 98]
[5, 132]
[5, 93]
[5, 108]
[5, 100]
[5, 92]
[5, 135]
[5, 80]
[5, 26]
[5, 27]
[5, 55]
[5, 36]
[5, 41]
[5, 71]
[5, 125]
[5, 95]
[5, 76]
[5, 87]
[5, 84]
[5, 82]
[5, 152]
[5, 150]
[5, 131]
[5, 127]
[5, 142]
[5, 149]
[5, 7]
[5, 34]
[5, 19]
[5, 14]
[5, 62]
[5, 45]
[5, 44]
[5, 42]
[5, 66]
[5, 109]
[5, 106]
[5, 97]
[5, 94]
[5, 83]
[5, 157]
[5, 79]
[5, 156]
[5, 151]
[5, 140]
[5, 30]
[5, 28]
[5, 31]
[5, 60]
[5, 56]
[5, 118]
[5, 102]
[5, 91]
[5, 75]
[5, 74]
[5, 137]
[5, 133]
[5, 129]
[5, 128]
[5, 9]
[5, 111]
[5, 16]
[5, 32]
[5, 147]
[5, 11]
[57, 119]
[17, 119]
[22, 119]
[1, 119]
[50, 119]
[48, 119]
[25, 119]
[53, 119]
[63, 119]
[98, 119]
[93, 119]
[116, 119]
[101, 119]
[108, 119]
[100, 119]
[80, 119]
[27, 119]
[68, 119]
[59, 119]
[41, 119]
[71, 119]
[119, 125]
[119, 146]
[119, 139]
[22, 27]
[27, 126]
[24, 126]
[1, 24]
[22, 71]
[12, 71]
[17, 126]
[1, 37]
[21, 37]
[12, 21]
[23, 50]
[17, 20]
[17, 40]
[12, 40]
[37, 50]
[73, 85]
[73, 116]
[73, 100]
[73, 92]
[73, 153]
[73, 124]
[73, 95]
[73, 90]
[73, 87]
[73, 84]
[73, 82]
[73, 152]
[73, 146]
[73, 142]
[73, 131]
[73, 127]
[73, 149]
[73, 77]
[24, 96]
[17, 96]
[12, 96]
[1, 96]
[48, 96]
[53, 96]
[72, 96]
[40, 96]
[50, 96]
[25, 96]
[57, 96]
[96, 101]
[96, 108]
[27, 96]
[26, 96]
[58, 96]
[46, 96]
[36, 96]
[39, 96]
[71, 96]
[96, 119]
[96, 150]
[96, 105]
[96, 121]
[96, 141]
[96, 139]
[96, 134]
[7, 96]
[33, 96]
[15, 96]
[29, 96]
[61, 96]
[45, 96]
[42, 96]
[65, 96]
[96, 156]
[96, 115]
[96, 103]
[96, 97]
[17, 132]
[13, 132]
[1, 132]
[52, 132]
[40, 132]
[98, 132]
[101, 132]
[132, 135]
[37, 40]
[37, 52]
[37, 53]
[37, 72]
[25, 37]
[37, 57]
[13, 52]
[17, 52]
[17, 63]
[63, 126]
[25, 72]
[25, 48]
[22, 24]
[17, 24]
[24, 154]
[22, 154]
[126, 154]
[12, 154]
[23, 154]
[17, 154]
[63, 154]
[25, 154]
[37, 154]
[101, 154]
[132, 154]
[108, 154]
[41, 154]
[43, 154]
[59, 154]
[55, 154]
[138, 154]
[125, 154]
[78, 154]
[112, 154]
[57, 126]
[1, 57]
[53, 57]
[13, 17]
[24, 68]
[50, 93]
[23, 93]
[17, 93]
[48, 93]
[52, 93]
[72, 93]
[37, 93]
[93, 101]
[93, 143]
[13, 48]
[17, 48]
[48, 63]
[1, 25]
[24, 52]
[3, 48]
[3, 17]
[20, 93]
[20, 40]
[40, 70]
[23, 70]
[13, 70]
[48, 70]
[22, 58]
[12, 58]
[4, 115]
[115, 132]
[17, 115]
[115, 126]
[12, 115]
[13, 115]
[63, 115]
[25, 115]
[57, 115]
[37, 115]
[98, 115]
[115, 135]
[80, 115]
[108, 115]
[115, 123]
[41, 115]
[49, 115]
[68, 115]
[59, 115]
[115, 125]
[76, 115]
[78, 115]
[112, 115]
[34, 115]
[19, 115]
[14, 115]
[67, 115]
[113, 115]
[27, 115]
[26, 115]
[46, 115]
[39, 115]
[105, 115]
[115, 141]
[115, 139]
[115, 134]
[7, 115]
[61, 115]
[42, 115]
[115, 156]
[53, 58]
[4, 97]
[58, 97]
[43, 97]
[48, 97]
[12, 97]
[53, 97]
[63, 97]
[37, 97]
[97, 98]
[97, 143]
[97, 135]
[97, 108]
[97, 123]
[97, 136]
[76, 97]
[86, 97]
[97, 144]
[97, 112]
[97, 154]
[34, 97]
[19, 97]
[62, 97]
[66, 97]
[70, 97]
[97, 151]
[36, 97]
[97, 150]
[97, 134]
[7, 97]
[15, 97]
[29, 97]
[61, 97]
[42, 97]
[97, 103]
[59, 63]
[63, 72]
[53, 63]
[12, 20]
[12, 53]
[53, 126]
[4, 132]
[4, 50]
[50, 158]
[72, 158]
[12, 158]
[17, 53]
[1, 20]
[12, 52]
[23, 52]
[20, 126]
[52, 53]
[20, 53]
[20, 50]
[20, 25]
[20, 57]
[20, 37]
[20, 98]
[20, 101]
[20, 49]
[20, 68]
[20, 55]
[1, 71]
[23, 71]
[48, 71]
[63, 71]
[40, 71]
[20, 125]
[20, 86]
[20, 154]
[19, 20]
[20, 62]
[20, 44]
[20, 70]
[20, 67]
[20, 151]
[20, 26]
[20, 58]
[20, 71]
[20, 119]
[20, 121]
[20, 141]
[20, 139]
[7, 20]
[20, 33]
[15, 20]
[20, 61]
[20, 42]
[20, 97]
[20, 94]
[20, 89]
[20, 83]
[20, 79]
[20, 28]
[20, 117]
[20, 104]
[20, 91]
[16, 20]
[11, 20]
[4, 20]
[20, 21]
[8, 20]
[10, 20]
[20, 116]
[20, 153]
[20, 124]
[20, 95]
[20, 90]
[20, 84]
[20, 152]
[20, 146]
[20, 131]
[20, 149]
[50, 67]
[25, 50]
[25, 53]
[14, 48]
[12, 14]
[12, 72]
[72, 126]
[25, 71]
[37, 71]
[71, 98]
[71, 80]
[71, 108]
[41, 71]
[49, 71]
[23, 85]
[12, 85]
[1, 85]
[53, 85]
[25, 85]
[85, 98]
[85, 143]
[80, 85]
[85, 123]
[68, 85]
[43, 85]
[55, 85]
[85, 136]
[76, 85]
[78, 85]
[85, 144]
[85, 154]
[34, 85]
[18, 85]
[66, 85]
[70, 85]
[67, 85]
[85, 113]
[24, 85]
[58, 85]
[46, 85]
[36, 85]
[85, 150]
[85, 105]
[85, 121]
[85, 139]
[15, 85]
[29, 85]
[61, 85]
[45, 85]
[65, 85]
[85, 114]
[85, 94]
[85, 88]
[83, 85]
[85, 130]
[28, 85]
[60, 85]
[69, 85]
[85, 102]
[85, 99]
[85, 91]
[75, 85]
[85, 137]
[81, 85]
[16, 85]
[32, 85]
[85, 147]
[11, 85]
[35, 85]
[4, 85]
[2, 85]
[85, 100]
[19, 63]
[19, 52]
[19, 126]
[19, 48]
[19, 72]
[19, 57]
[19, 93]
[19, 132]
[19, 80]
[19, 123]
[19, 41]
[19, 49]
[19, 55]
[19, 76]
[19, 86]
[19, 112]
[23, 135]
[12, 135]
[63, 135]
[37, 135]
[1, 40]
[40, 53]
[68, 71]
[59, 71]
[67, 93]
[50, 52]
[40, 72]
[21, 72]
[14, 72]
[1, 14]
[50, 63]
[5, 21]
[23, 143]
[12, 143]
[1, 143]
[53, 143]
[52, 143]
[25, 143]
[57, 143]
[37, 143]
[25, 63]
[1, 21]
[24, 33]
[33, 86]
[33, 101]
[25, 33]
[22, 33]
[33, 126]
[12, 33]
[17, 33]
[33, 48]
[33, 53]
[33, 52]
[33, 72]
[33, 50]
[33, 37]
[33, 135]
[33, 132]
[33, 108]
[33, 123]
[33, 49]
[33, 68]
[33, 43]
[33, 59]
[33, 138]
[33, 136]
[33, 34]
[18, 33]
[33, 47]
[27, 33]
[26, 33]
[33, 58]
[33, 46]
[33, 36]
[33, 150]
[33, 105]
[33, 121]
[33, 141]
[33, 139]
[33, 134]
[7, 33]
[78, 126]
[12, 78]
[1, 78]
[22, 78]
[23, 78]
[17, 78]
[48, 78]
[53, 78]
[72, 78]
[57, 78]
[78, 101]
[78, 135]
[78, 108]
[78, 123]
[41, 78]
[49, 78]
[68, 78]
[43, 78]
[59, 78]
[78, 138]
[78, 125]
[78, 136]
[76, 78]
[25, 98]
[24, 135]
[50, 98]
[72, 98]
[48, 98]
[57, 98]
[37, 98]
[98, 101]
[40, 101]
[101, 126]
[12, 101]
[1, 101]
[23, 101]
[13, 101]
[53, 101]
[63, 101]
[17, 21]
[13, 119]
[119, 136]
[76, 119]
[86, 119]
[119, 144]
[119, 154]
[19, 119]
[14, 119]
[18, 119]
[62, 119]
[67, 119]
[119, 151]
[113, 119]
[13, 80]
[55, 71]
[26, 71]
[71, 125]
[22, 26]
[12, 26]
[23, 26]
[17, 26]
[21, 108]
[21, 52]
[23, 123]
[21, 56]
[22, 56]
[56, 126]
[1, 56]
[52, 56]
[40, 56]
[56, 123]
[43, 56]
[55, 56]
[49, 56]
[41, 56]
[56, 59]
[46, 56]
[39, 56]
[56, 86]
[56, 76]
[56, 144]
[56, 138]
[34, 56]
[14, 56]
[56, 66]
[56, 113]
[56, 116]
[27, 56]
[56, 119]
[56, 121]
[56, 141]
[56, 139]
[15, 56]
[29, 56]
[56, 61]
[45, 56]
[56, 156]
[56, 115]
[56, 114]
[56, 96]
[56, 89]
[56, 83]
[56, 130]
[30, 56]
[56, 60]
[44, 57]
[17, 44]
[1, 44]
[44, 53]
[40, 44]
[44, 72]
[44, 101]
[44, 135]
[44, 93]
[44, 98]
[44, 143]
[44, 55]
[44, 68]
[24, 44]
[36, 44]
[44, 125]
[44, 105]
[44, 78]
[44, 76]
[44, 138]
[44, 154]
[14, 44]
[18, 44]
[37, 55]
[37, 74]
[22, 74]
[74, 126]
[24, 50]
[26, 40]
[12, 67]
[50, 123]
[1, 9]
[9, 52]
[21, 53]
[23, 80]
[21, 48]
[80, 126]
[1, 80]
[63, 80]
[12, 74]
[23, 74]
[17, 74]
[63, 74]
[50, 74]
[74, 132]
[9, 72]
[72, 80]
[36, 72]
[46, 72]
[72, 86]
[72, 138]
[72, 144]
[34, 72]
[18, 72]
[47, 72]
[70, 72]
[61, 72]
[72, 157]
[72, 156]
[72, 130]
[30, 72]
[54, 72]
[72, 117]
[72, 104]
[72, 118]
[16, 72]
[11, 72]
[4, 72]
[17, 59]
[22, 59]
[37, 67]
[21, 57]
[21, 31]
[22, 31]
[31, 72]
[57, 101]
[15, 74]
[15, 24]
[24, 132]
[17, 39]
[22, 39]
[13, 39]
[1, 39]
[13, 84]
[39, 126]
[13, 34]
[37, 39]
[6, 13]
[39, 53]
[11, 13]
[39, 93]
[13, 26]
[25, 39]
[13, 55]
[39, 50]
[22, 84]
[13, 75]
[1, 84]
[13, 108]
[11, 96]
[21, 96]
[21, 33]
[84, 126]
[13, 122]
[11, 44]
[21, 44]
[21, 115]
[21, 27]
[24, 27]
[24, 78]
[84, 85]
[45, 93]
[45, 72]
[9, 50]
[9, 25]
[9, 98]
[9, 93]
[9, 119]
[9, 35]
[3, 9]
[9, 10]
[9, 100]
[9, 79]
[9, 39]
[9, 154]
[9, 34]
[6, 9]
[9, 11]
[9, 26]
[9, 108]
[9, 67]
[9, 32]
[9, 123]
[9, 110]
[0, 9]
[9, 128]
[9, 14]
[9, 69]
[9, 127]
[9, 159]
[9, 137]
[9, 118]
[9, 76]
[9, 31]
[9, 15]
[9, 95]
[9, 43]
[9, 24]
[4, 9]
[9, 92]
[8, 9]
[9, 113]
[9, 58]
[9, 42]
[9, 70]
[9, 38]
[9, 62]
[9, 88]
[9, 120]
[9, 87]
[9, 66]
[9, 150]
[9, 157]
[9, 121]
[9, 27]
[9, 149]
[9, 151]
[9, 29]
[9, 112]
[9, 105]
[9, 81]
[9, 111]
[9, 142]
[9, 141]
[9, 134]
[9, 114]
[9, 90]
[23, 54]
[17, 54]
[22, 54]
[1, 54]
[54, 126]
[53, 54]
[54, 56]
[12, 54]
[37, 54]
[44, 54]
[54, 57]
[45, 54]
[54, 98]
[54, 78]
[54, 93]
[54, 116]
[54, 84]
[35, 54]
[3, 54]
[10, 54]
[54, 55]
[54, 122]
[13, 54]
[51, 54]
[54, 155]
[54, 100]
[54, 79]
[47, 54]
[54, 117]
[54, 74]
[25, 45]
[25, 68]
[25, 129]
[19, 45]
[21, 147]
[22, 76]
[24, 101]
[45, 53]
[24, 153]
[33, 153]
[19, 153]
[126, 153]
[72, 153]
[71, 153]
[12, 153]
[37, 153]
[40, 153]
[96, 153]
[135, 153]
[45, 153]
[68, 153]
[129, 153]
[80, 153]
[98, 153]
[55, 153]
[122, 153]
[61, 153]
[153, 155]
[100, 153]
[2, 153]
[54, 153]
[106, 153]
[102, 153]
[28, 153]
[65, 153]
[147, 153]
[34, 153]
[11, 153]
[86, 153]
[7, 153]
[59, 153]
[144, 153]
[133, 153]
[124, 153]
[103, 153]
[1, 45]
[24, 148]
[7, 24]
[45, 71]
[22, 69]
[69, 72]
[21, 79]
[21, 40]
[22, 68]
[68, 72]
[17, 68]
[53, 68]
[63, 68]
[17, 129]
[22, 129]
[1, 129]
[126, 129]
[73, 129]
[53, 129]
[97, 129]
[71, 129]
[37, 129]
[115, 129]
[40, 129]
[63, 129]
[57, 129]
[129, 135]
[45, 98]
[58, 100]
[68, 129]
[58, 143]
[40, 58]
[37, 80]
[72, 140]
[126, 140]
[17, 140]
[85, 140]
[73, 140]
[44, 140]
[33, 140]
[140, 143]
[63, 140]
[57, 140]
[96, 140]
[129, 140]
[80, 140]
[25, 140]
[132, 140]
[93, 140]
[119, 140]
[116, 140]
[84, 140]
[35, 140]
[10, 140]
[122, 140]
[101, 140]
[125, 140]
[51, 140]
[100, 140]
[79, 140]
[2, 140]
[74, 140]
[106, 140]
[102, 140]
[140, 147]
[39, 140]
[6, 140]
[11, 140]
[86, 140]
[60, 140]
[140, 144]
[133, 140]
[124, 140]
[140, 156]
[99, 140]
[36, 140]
[46, 140]
[41, 140]
[140, 152]
[89, 140]
[40, 80]
[48, 80]
[13, 38]
[38, 40]
[45, 80]
[80, 132]
[40, 60]
[60, 143]
[60, 71]
[22, 60]
[1, 60]
[60, 72]
[60, 97]
[37, 60]
[44, 60]
[60, 115]
[33, 60]
[60, 96]
[45, 60]
[60, 132]
[60, 98]
[60, 78]
[13, 60]
[60, 119]
[50, 60]
[35, 60]
[3, 60]
[55, 60]
[60, 61]
[60, 82]
[60, 117]
[60, 106]
[60, 147]
[34, 60]
[6, 60]
[19, 79]
[79, 97]
[1, 79]
[71, 79]
[12, 79]
[79, 143]
[25, 79]
[37, 79]
[79, 115]
[33, 79]
[79, 96]
[48, 79]
[68, 79]
[79, 98]
[79, 116]
[52, 79]
[75, 79]
[79, 122]
[61, 79]
[79, 155]
[45, 132]
[68, 132]
[23, 157]
[143, 157]
[19, 157]
[57, 157]
[80, 157]
[37, 157]
[44, 157]
[115, 157]
[33, 157]
[40, 157]
[96, 157]
[68, 157]
[13, 157]
[50, 157]
[84, 157]
[52, 157]
[35, 157]
[55, 157]
[122, 157]
[101, 157]
[125, 157]
[155, 157]
[100, 157]
[138, 157]
[117, 157]
[131, 157]
[106, 157]
[102, 157]
[28, 157]
[147, 157]
[154, 157]
[34, 157]
[6, 157]
[11, 157]
[60, 157]
[7, 157]
[59, 157]
[144, 157]
[133, 157]
[124, 157]
[156, 157]
[136, 157]
[49, 157]
[107, 157]
[41, 157]
[146, 157]
[152, 157]
[89, 157]
[140, 157]
[148, 157]
[16, 157]
[145, 157]
[26, 157]
[67, 157]
[110, 157]
[0, 157]
[14, 157]
[69, 157]
[127, 157]
[31, 157]
[15, 157]
[95, 157]
[24, 157]
[113, 157]
[58, 157]
[42, 157]
[62, 157]
[87, 157]
[66, 157]
[32, 123]
[25, 123]
[123, 143]
[129, 132]
[80, 98]
[68, 98]
[98, 129]
[45, 78]
[80, 93]
[93, 129]
[50, 80]
[21, 102]
[21, 135]
[21, 119]
[33, 35]
[53, 84]
[37, 84]
[63, 84]
[25, 84]
[57, 84]
[35, 97]
[35, 126]
[25, 128]
[22, 128]
[1, 128]
[72, 128]
[85, 128]
[73, 128]
[20, 128]
[19, 128]
[12, 128]
[128, 143]
[23, 128]
[13, 128]
[80, 128]
[128, 140]
[35, 128]
[115, 128]
[48, 128]
[125, 128]
[61, 128]
[47, 128]
[128, 138]
[117, 128]
[28, 128]
[65, 128]
[39, 128]
[6, 128]
[59, 128]
[128, 156]
[30, 128]
[128, 146]
[128, 158]
[45, 128]
[78, 128]
[93, 128]
[116, 128]
[3, 128]
[55, 128]
[122, 128]
[101, 128]
[51, 128]
[128, 155]
[100, 128]
[2, 128]
[102, 128]
[128, 147]
[128, 154]
[60, 128]
[7, 128]
[128, 133]
[49, 128]
[99, 128]
[128, 148]
[77, 128]
[16, 128]
[128, 145]
[26, 128]
[108, 128]
[110, 128]
[35, 71]
[35, 53]
[53, 70]
[70, 71]
[24, 140]
[35, 50]
[25, 35]
[21, 26]
[25, 27]
[17, 27]
[5, 35]
[123, 159]
[155, 159]
[22, 159]
[72, 159]
[13, 159]
[56, 159]
[71, 159]
[12, 159]
[143, 159]
[23, 159]
[37, 159]
[25, 159]
[57, 159]
[80, 159]
[153, 159]
[84, 159]
[44, 159]
[10, 159]
[48, 159]
[125, 159]
[61, 159]
[82, 159]
[47, 159]
[28, 159]
[65, 159]
[6, 159]
[11, 159]
[86, 159]
[64, 159]
[136, 159]
[107, 159]
[146, 159]
[104, 159]
[158, 159]
[98, 159]
[52, 159]
[75, 159]
[51, 159]
[100, 159]
[79, 159]
[2, 159]
[74, 159]
[102, 159]
[154, 159]
[133, 159]
[89, 159]
[21, 159]
[148, 159]
[91, 159]
[94, 159]
[67, 159]
[32, 159]
[110, 159]
[128, 159]
[10, 68]
[24, 59]
[21, 45]
[40, 84]
[35, 143]
[35, 63]
[35, 57]
[21, 100]
[21, 68]
[35, 80]
[24, 36]
[24, 46]
[21, 129]
[35, 132]
[10, 132]
[10, 57]
[21, 98]
[21, 24]
[24, 30]
[21, 78]
[10, 71]
[10, 72]
[24, 107]
[24, 146]
[24, 152]
[24, 104]
[24, 158]
[24, 133]
[24, 124]
[24, 123]
[24, 103]
[24, 49]
[24, 41]
[24, 89]
[24, 77]
[16, 24]
[24, 145]
[24, 91]
[24, 94]
[24, 95]
[24, 43]
[10, 84]
[10, 50]
[3, 53]
[10, 44]
[21, 93]
[21, 32]
[32, 72]
[1, 32]
[1, 10]
[10, 126]
[10, 97]
[10, 35]
[35, 96]
[10, 96]
[48, 84]
[39, 80]
[39, 84]
[84, 98]
[34, 132]
[22, 112]
[1, 112]
[34, 126]
[1, 34]
[6, 79]
[34, 71]
[17, 34]
[34, 39]
[34, 40]
[34, 63]
[34, 57]
[18, 25]
[26, 132]
[34, 53]
[34, 50]
[22, 28]
[1, 28]
[69, 126]
[17, 69]
[69, 97]
[56, 69]
[12, 69]
[18, 48]
[3, 40]
[3, 21]
[21, 55]
[21, 154]
[21, 67]
[21, 76]
[21, 99]
[21, 148]
[21, 116]
[21, 75]
[21, 122]
[21, 51]
[21, 155]
[21, 60]
[18, 60]
[34, 84]
[58, 63]
[34, 135]
[70, 135]
[10, 34]
[6, 97]
[4, 40]
[6, 10]
[5, 6]
[6, 56]
[4, 145]
[4, 26]
[26, 34]
[6, 44]
[26, 48]
[6, 115]
[6, 96]
[11, 48]
[6, 45]
[84, 93]
[39, 45]
[11, 98]
[11, 57]
[2, 21]
[11, 50]
[11, 34]
[52, 68]
[52, 84]
[45, 52]
[57, 70]
[4, 28]
[17, 28]
[11, 53]
[21, 74]
[21, 131]
[21, 137]
[21, 101]
[21, 123]
[21, 103]
[21, 145]
[21, 43]
[21, 112]
[21, 69]
[21, 127]
[21, 133]
[21, 94]
[21, 58]
[21, 105]
[21, 139]
[21, 92]
[21, 120]
[21, 41]
[21, 113]
[21, 134]
[22, 134]
[72, 134]
[126, 134]
[17, 134]
[19, 134]
[71, 134]
[12, 134]
[134, 143]
[63, 134]
[37, 134]
[119, 134]
[25, 134]
[44, 134]
[84, 134]
[98, 134]
[80, 134]
[45, 134]
[134, 159]
[134, 157]
[129, 134]
[125, 134]
[134, 138]
[65, 134]
[86, 134]
[134, 144]
[100, 134]
[134, 147]
[35, 134]
[61, 134]
[134, 140]
[3, 134]
[108, 134]
[24, 134]
[70, 134]
[134, 150]
[82, 134]
[28, 134]
[64, 134]
[36, 134]
[134, 152]
[134, 158]
[104, 134]
[116, 134]
[75, 134]
[14, 134]
[31, 134]
[134, 154]
[66, 134]
[134, 151]
[55, 134]
[122, 134]
[74, 134]
[52, 134]
[78, 134]
[76, 134]
[134, 155]
[32, 134]
[134, 148]
[99, 134]
[103, 134]
[43, 134]
[27, 134]
[60, 134]
[58, 134]
[105, 134]
[134, 139]
[16, 134]
[120, 134]
[123, 134]
[41, 134]
[113, 134]
[72, 113]
[113, 126]
[19, 113]
[71, 113]
[12, 113]
[113, 143]
[63, 113]
[53, 113]
[113, 135]
[25, 113]
[84, 113]
[6, 113]
[13, 113]
[50, 113]
[113, 128]
[34, 113]
[10, 113]
[54, 113]
[113, 125]
[47, 113]
[106, 113]
[18, 113]
[113, 144]
[113, 136]
[113, 156]
[107, 113]
[102, 113]
[3, 113]
[0, 113]
[24, 113]
[67, 113]
[87, 113]
[113, 142]
[82, 113]
[113, 117]
[28, 113]
[113, 146]
[113, 152]
[113, 158]
[104, 113]
[113, 116]
[110, 113]
[113, 154]
[55, 113]
[113, 122]
[113, 131]
[52, 113]
[78, 113]
[76, 113]
[113, 155]
[79, 113]
[32, 113]
[2, 113]
[103, 113]
[43, 113]
[27, 113]
[113, 127]
[113, 133]
[58, 113]
[105, 113]
[113, 120]
[22, 120]
[17, 120]
[73, 120]
[97, 120]
[19, 120]
[56, 120]
[12, 120]
[23, 120]
[63, 120]
[37, 120]
[115, 120]
[119, 120]
[40, 120]
[33, 120]
[120, 135]
[25, 120]
[57, 120]
[6, 120]
[98, 120]
[48, 120]
[39, 120]
[120, 132]
[80, 120]
[45, 120]
[120, 128]
[10, 120]
[54, 120]
[120, 125]
[106, 120]
[65, 120]
[86, 120]
[120, 144]
[100, 120]
[120, 156]
[46, 120]
[107, 120]
[102, 120]
[0, 120]
[70, 120]
[87, 120]
[117, 120]
[28, 120]
[36, 120]
[120, 158]
[104, 120]
[116, 120]
[75, 120]
[120, 154]
[66, 120]
[120, 151]
[55, 120]
[120, 122]
[74, 120]
[120, 137]
[120, 148]
[2, 120]
[99, 120]
[103, 120]
[43, 120]
[38, 120]
[120, 145]
[27, 120]
[69, 120]
[120, 127]
[105, 120]
[120, 139]
[77, 120]
[1, 77]
[22, 77]
[72, 77]
[77, 126]
[77, 85]
[71, 77]
[53, 77]
[37, 77]
[77, 119]
[33, 77]
[77, 135]
[25, 77]
[77, 96]
[44, 77]
[68, 77]
[39, 77]
[77, 132]
[45, 77]
[11, 77]
[77, 138]
[77, 106]
[77, 136]
[77, 156]
[46, 77]
[30, 77]
[77, 140]
[77, 107]
[3, 77]
[77, 108]
[0, 77]
[77, 142]
[77, 82]
[77, 117]
[28, 77]
[36, 77]
[77, 152]
[77, 158]
[77, 104]
[75, 77]
[26, 77]
[14, 77]
[31, 77]
[62, 77]
[77, 151]
[74, 77]
[77, 78]
[76, 77]
[77, 155]
[51, 77]
[77, 79]
[77, 148]
[43, 77]
[77, 112]
[60, 77]
[77, 127]
[77, 133]
[77, 94]
[58, 77]
[77, 105]
[22, 105]
[72, 105]
[105, 126]
[17, 105]
[71, 105]
[12, 105]
[23, 105]
[40, 105]
[57, 105]
[68, 105]
[98, 105]
[48, 105]
[39, 105]
[45, 105]
[105, 128]
[34, 105]
[11, 105]
[54, 105]
[86, 105]
[105, 144]
[105, 136]
[105, 153]
[105, 156]
[46, 105]
[105, 140]
[102, 105]
[105, 108]
[24, 105]
[105, 118]
[67, 105]
[105, 117]
[36, 105]
[105, 152]
[105, 158]
[104, 105]
[105, 116]
[26, 105]
[105, 110]
[31, 105]
[66, 105]
[105, 151]
[74, 105]
[105, 131]
[78, 105]
[76, 105]
[105, 155]
[51, 105]
[105, 137]
[2, 105]
[38, 105]
[105, 145]
[60, 105]
[69, 105]
[105, 127]
[58, 105]
[58, 98]
[58, 80]
[50, 58]
[58, 128]
[10, 58]
[58, 129]
[54, 58]
[47, 58]
[58, 138]
[58, 86]
[58, 136]
[58, 153]
[58, 156]
[46, 58]
[30, 58]
[3, 58]
[58, 108]
[24, 58]
[58, 118]
[58, 142]
[58, 64]
[36, 58]
[58, 146]
[58, 158]
[58, 104]
[58, 75]
[26, 58]
[58, 110]
[31, 58]
[58, 62]
[58, 151]
[55, 58]
[58, 74]
[58, 131]
[58, 155]
[51, 58]
[58, 148]
[58, 99]
[58, 101]
[58, 103]
[43, 58]
[58, 112]
[58, 60]
[58, 127]
[58, 94]
[17, 94]
[94, 97]
[19, 94]
[71, 94]
[12, 94]
[94, 143]
[53, 94]
[94, 115]
[94, 119]
[94, 135]
[57, 94]
[44, 94]
[84, 94]
[6, 94]
[48, 94]
[39, 94]
[94, 132]
[13, 94]
[45, 94]
[34, 94]
[65, 94]
[94, 144]
[94, 147]
[35, 94]
[94, 107]
[94, 102]
[67, 94]
[94, 117]
[76, 94]
[80, 94]
[94, 129]
[79, 94]
[47, 94]
[94, 138]
[86, 94]
[94, 100]
[94, 153]
[46, 94]
[3, 94]
[94, 108]
[94, 150]
[36, 94]
[94, 146]
[94, 158]
[31, 94]
[74, 94]
[94, 155]
[51, 94]
[94, 148]
[94, 99]
[7, 94]
[49, 94]
[89, 94]
[94, 101]
[94, 103]
[43, 94]
[38, 94]
[38, 126]
[38, 97]
[19, 38]
[38, 56]
[23, 38]
[38, 115]
[33, 38]
[38, 135]
[25, 38]
[38, 84]
[6, 38]
[38, 48]
[38, 39]
[38, 159]
[38, 125]
[38, 144]
[35, 38]
[38, 140]
[38, 107]
[38, 102]
[38, 67]
[38, 82]
[28, 38]
[14, 38]
[38, 78]
[38, 76]
[38, 63]
[38, 98]
[38, 80]
[10, 38]
[38, 129]
[38, 79]
[38, 137]
[2, 38]
[38, 47]
[38, 138]
[38, 136]
[38, 153]
[38, 46]
[30, 38]
[3, 38]
[38, 108]
[24, 38]
[38, 118]
[38, 142]
[36, 38]
[26, 38]
[38, 110]
[31, 38]
[38, 62]
[38, 148]
[38, 99]
[38, 124]
[38, 89]
[38, 101]
[38, 103]
[1, 103]
[72, 103]
[103, 143]
[68, 103]
[45, 103]
[34, 103]
[11, 103]
[103, 106]
[65, 103]
[18, 103]
[103, 147]
[59, 103]
[103, 117]
[103, 152]
[103, 122]
[52, 103]
[13, 103]
[48, 103]
[54, 103]
[86, 103]
[100, 103]
[64, 103]
[55, 103]
[74, 103]
[103, 131]
[84, 103]
[6, 103]
[39, 103]
[35, 103]
[103, 107]
[102, 103]
[67, 103]
[28, 103]
[103, 145]
[69, 103]
[76, 103]
[63, 103]
[40, 103]
[80, 103]
[103, 129]
[103, 137]
[43, 103]
[47, 103]
[103, 138]
[103, 136]
[30, 103]
[3, 103]
[103, 108]
[103, 118]
[103, 150]
[36, 103]
[26, 103]
[103, 110]
[62, 103]
[66, 103]
[103, 148]
[103, 124]
[22, 124]
[124, 126]
[17, 124]
[85, 124]
[97, 124]
[71, 124]
[124, 143]
[25, 124]
[57, 124]
[44, 124]
[124, 132]
[11, 124]
[106, 124]
[65, 124]
[124, 147]
[61, 124]
[117, 124]
[116, 124]
[52, 124]
[48, 124]
[86, 124]
[100, 124]
[64, 124]
[75, 124]
[74, 124]
[124, 155]
[39, 124]
[124, 125]
[124, 144]
[102, 124]
[32, 124]
[28, 124]
[124, 133]
[40, 124]
[98, 124]
[79, 124]
[70, 124]
[124, 146]
[124, 158]
[107, 124]
[124, 136]
[30, 124]
[101, 124]
[67, 124]
[14, 124]
[69, 124]
[76, 124]
[43, 124]
[46, 124]
[118, 124]
[36, 124]
[26, 124]
[31, 124]
[60, 124]
[124, 148]
[124, 127]
[41, 124]
[21, 124]
[95, 124]
[15, 124]
[124, 150]
[124, 142]
[62, 124]
[1, 62]
[62, 126]
[17, 62]
[19, 62]
[12, 62]
[62, 143]
[23, 62]
[57, 62]
[45, 62]
[34, 62]
[62, 106]
[62, 65]
[18, 62]
[62, 147]
[61, 62]
[62, 93]
[62, 117]
[62, 116]
[52, 62]
[50, 62]
[13, 62]
[62, 135]
[48, 62]
[62, 86]
[62, 100]
[62, 75]
[55, 62]
[62, 74]
[62, 131]
[6, 62]
[39, 62]
[62, 125]
[62, 102]
[28, 62]
[62, 63]
[62, 129]
[3, 62]
[62, 146]
[0, 62]
[62, 152]
[62, 107]
[32, 62]
[62, 136]
[62, 145]
[62, 123]
[62, 137]
[30, 62]
[62, 69]
[62, 87]
[62, 151]
[43, 62]
[46, 62]
[62, 118]
[36, 62]
[26, 62]
[62, 148]
[62, 127]
[62, 91]
[15, 62]
[62, 150]
[22, 150]
[143, 150]
[23, 150]
[37, 150]
[57, 150]
[68, 150]
[34, 150]
[11, 150]
[106, 150]
[65, 150]
[59, 150]
[117, 150]
[122, 150]
[50, 150]
[13, 150]
[48, 150]
[54, 150]
[86, 150]
[64, 150]
[74, 150]
[150, 155]
[84, 150]
[125, 150]
[35, 150]
[78, 150]
[40, 150]
[98, 150]
[10, 150]
[129, 150]
[79, 150]
[2, 150]
[138, 150]
[3, 150]
[146, 150]
[0, 150]
[150, 152]
[107, 150]
[150, 156]
[150, 158]
[104, 150]
[150, 159]
[145, 150]
[99, 150]
[49, 150]
[150, 153]
[67, 150]
[14, 150]
[76, 150]
[87, 150]
[66, 150]
[123, 150]
[46, 150]
[118, 150]
[36, 150]
[31, 150]
[60, 150]
[70, 150]
[127, 150]
[24, 150]
[41, 150]
[91, 150]
[95, 150]
[1, 95]
[22, 95]
[72, 95]
[85, 95]
[95, 97]
[19, 95]
[71, 95]
[95, 143]
[25, 95]
[57, 95]
[95, 106]
[65, 95]
[95, 147]
[93, 95]
[52, 95]
[50, 95]
[13, 95]
[95, 135]
[48, 95]
[86, 95]
[95, 100]
[75, 95]
[51, 95]
[95, 144]
[35, 95]
[95, 102]
[40, 95]
[95, 98]
[95, 129]
[3, 95]
[95, 146]
[0, 95]
[95, 107]
[32, 95]
[95, 128]
[95, 103]
[95, 104]
[95, 136]
[95, 159]
[95, 137]
[95, 108]
[95, 110]
[95, 99]
[94, 95]
[67, 95]
[14, 95]
[69, 95]
[76, 95]
[87, 95]
[66, 95]
[58, 95]
[95, 123]
[31, 95]
[60, 95]
[95, 148]
[70, 95]
[95, 127]
[21, 95]
[95, 142]
[41, 95]
[1, 41]
[22, 41]
[41, 72]
[41, 126]
[17, 41]
[12, 41]
[23, 41]
[41, 53]
[25, 41]
[41, 57]
[41, 68]
[41, 65]
[41, 147]
[41, 61]
[41, 59]
[41, 117]
[41, 116]
[13, 41]
[41, 54]
[41, 86]
[41, 75]
[41, 155]
[39, 41]
[41, 125]
[41, 144]
[41, 82]
[41, 133]
[41, 80]
[41, 129]
[41, 138]
[41, 102]
[41, 101]
[3, 41]
[26, 41]
[41, 107]
[32, 41]
[41, 145]
[41, 87]
[41, 58]
[41, 110]
[41, 69]
[41, 118]
[41, 67]
[41, 146]
[41, 142]
[41, 158]
[41, 127]
[41, 137]
[41, 66]
[41, 99]
[41, 151]
[41, 91]
[41, 88]
[41, 149]
[41, 46]
[36, 41]
[41, 148]
[41, 141]
[38, 41]
[27, 41]
[12, 27]
[27, 44]
[27, 132]
[27, 93]
[27, 64]
[27, 55]
[27, 40]
[27, 98]
[27, 79]
[27, 47]
[27, 103]
[27, 106]
[27, 104]
[27, 131]
[18, 27]
[27, 51]
[27, 84]
[27, 28]
[10, 27]
[14, 27]
[27, 123]
[27, 152]
[23, 27]
[27, 53]
[27, 57]
[27, 68]
[27, 159]
[27, 156]
[27, 45]
[27, 30]
[27, 124]
[27, 60]
[27, 65]
[27, 128]
[27, 95]
[16, 27]
[27, 157]
[27, 43]
[13, 27]
[27, 75]
[27, 140]
[27, 116]
[27, 54]
[27, 86]
[27, 144]
[27, 80]
[27, 129]
[27, 138]
[27, 78]
[15, 27]
[3, 27]
[27, 147]
[27, 118]
[27, 158]
[27, 127]
[27, 137]
[27, 99]
[27, 36]
[8, 27]
[27, 121]
[27, 42]
[27, 87]
[27, 142]
[27, 151]
[27, 145]
[27, 38]
[27, 92]
[27, 91]
[27, 109]
[27, 148]
[27, 83]
[27, 130]
[126, 130]
[19, 130]
[12, 130]
[130, 143]
[34, 130]
[130, 135]
[48, 130]
[100, 130]
[6, 130]
[2, 130]
[130, 136]
[11, 130]
[108, 130]
[0, 130]
[23, 130]
[31, 130]
[71, 130]
[117, 130]
[119, 130]
[33, 130]
[130, 132]
[93, 130]
[55, 130]
[40, 130]
[98, 130]
[79, 130]
[47, 130]
[61, 130]
[130, 131]
[84, 130]
[28, 130]
[25, 130]
[57, 130]
[45, 130]
[70, 130]
[65, 130]
[128, 130]
[130, 154]
[102, 130]
[26, 130]
[32, 130]
[69, 130]
[46, 130]
[123, 130]
[103, 130]
[43, 130]
[130, 152]
[130, 156]
[9, 130]
[13, 130]
[75, 130]
[54, 130]
[86, 130]
[80, 130]
[130, 138]
[130, 147]
[7, 130]
[118, 130]
[49, 130]
[127, 130]
[130, 137]
[130, 133]
[124, 130]
[16, 130]
[36, 130]
[88, 130]
[89, 130]
[15, 130]
[24, 130]
[130, 145]
[38, 130]
[92, 130]
[4, 130]
[8, 130]
[81, 130]
[42, 130]
[111, 130]
[91, 130]
[83, 130]
[83, 97]
[19, 83]
[12, 83]
[83, 143]
[34, 83]
[83, 122]
[52, 83]
[6, 83]
[63, 83]
[2, 83]
[11, 83]
[35, 83]
[74, 83]
[83, 153]
[0, 83]
[23, 83]
[31, 83]
[59, 83]
[71, 83]
[83, 117]
[83, 119]
[33, 83]
[44, 83]
[83, 132]
[83, 93]
[64, 83]
[55, 83]
[40, 83]
[83, 98]
[79, 83]
[61, 83]
[83, 106]
[18, 83]
[83, 84]
[28, 83]
[14, 83]
[25, 83]
[57, 83]
[68, 83]
[45, 83]
[83, 155]
[70, 83]
[83, 125]
[60, 83]
[65, 83]
[83, 154]
[82, 83]
[83, 102]
[83, 110]
[69, 83]
[67, 83]
[83, 123]
[9, 83]
[30, 83]
[83, 94]
[75, 83]
[54, 83]
[80, 83]
[83, 129]
[83, 138]
[83, 147]
[7, 83]
[83, 127]
[83, 137]
[83, 133]
[58, 83]
[83, 124]
[83, 140]
[83, 95]
[83, 112]
[36, 83]
[83, 88]
[83, 89]
[83, 87]
[24, 83]
[38, 83]
[83, 105]
[83, 92]
[29, 83]
[8, 83]
[81, 83]
[83, 121]
[83, 120]
[42, 83]
[83, 149]
[83, 111]
[83, 91]
[83, 109]
[83, 148]
[85, 148]
[73, 148]
[19, 148]
[56, 148]
[143, 148]
[37, 148]
[122, 148]
[52, 148]
[50, 148]
[6, 148]
[136, 148]
[11, 148]
[35, 148]
[74, 148]
[148, 153]
[76, 148]
[117, 148]
[119, 148]
[132, 148]
[64, 148]
[55, 148]
[40, 148]
[98, 148]
[106, 148]
[18, 148]
[84, 148]
[28, 148]
[25, 148]
[57, 148]
[68, 148]
[148, 155]
[65, 148]
[148, 154]
[101, 148]
[32, 148]
[110, 148]
[67, 148]
[104, 148]
[148, 156]
[116, 148]
[80, 148]
[129, 148]
[138, 148]
[78, 148]
[3, 148]
[7, 148]
[70, 148]
[127, 148]
[133, 148]
[140, 148]
[43, 148]
[148, 158]
[118, 148]
[1, 118]
[22, 118]
[17, 118]
[19, 118]
[118, 143]
[34, 118]
[52, 118]
[48, 118]
[100, 118]
[6, 118]
[2, 118]
[118, 136]
[11, 118]
[35, 118]
[108, 118]
[118, 153]
[0, 118]
[53, 118]
[118, 119]
[33, 118]
[96, 118]
[93, 118]
[64, 118]
[98, 118]
[47, 118]
[118, 131]
[18, 118]
[51, 118]
[25, 118]
[68, 118]
[118, 125]
[60, 118]
[82, 118]
[69, 118]
[46, 118]
[118, 152]
[54, 118]
[86, 118]
[31, 118]
[118, 147]
[118, 154]
[32, 118]
[110, 118]
[80, 118]
[118, 138]
[118, 137]
[118, 159]
[70, 118]
[118, 145]
[49, 118]
[118, 140]
[43, 118]
[118, 158]
[112, 118]
[72, 112]
[17, 112]
[12, 112]
[34, 112]
[112, 135]
[112, 136]
[35, 112]
[74, 112]
[23, 112]
[53, 112]
[93, 112]
[64, 112]
[106, 112]
[112, 131]
[51, 112]
[10, 112]
[25, 112]
[57, 112]
[39, 112]
[102, 112]
[69, 112]
[46, 112]
[30, 112]
[75, 112]
[107, 112]
[112, 146]
[112, 150]
[66, 112]
[67, 112]
[99, 112]
[36, 112]
[112, 156]
[112, 116]
[112, 129]
[78, 112]
[86, 112]
[112, 127]
[112, 145]
[60, 112]
[49, 112]
[103, 112]
[43, 112]
[112, 137]
[70, 112]
[24, 112]
[38, 112]
[88, 112]
[112, 158]
[5, 158]
[126, 158]
[17, 158]
[73, 158]
[20, 158]
[97, 158]
[143, 158]
[115, 158]
[122, 158]
[52, 158]
[48, 158]
[6, 158]
[2, 158]
[11, 158]
[108, 158]
[59, 158]
[119, 158]
[44, 158]
[132, 158]
[93, 158]
[64, 158]
[55, 158]
[40, 158]
[98, 158]
[79, 158]
[25, 158]
[68, 158]
[82, 158]
[30, 158]
[13, 158]
[75, 158]
[101, 158]
[116, 158]
[78, 158]
[133, 158]
[35, 158]
[61, 158]
[131, 158]
[28, 158]
[10, 158]
[54, 158]
[86, 158]
[102, 158]
[46, 158]
[127, 158]
[107, 158]
[146, 158]
[80, 158]
[99, 158]
[36, 158]
[60, 158]
[3, 158]
[152, 158]
[140, 158]
[154, 158]
[32, 158]
[123, 158]
[49, 158]
[43, 158]
[1, 43]
[22, 43]
[43, 72]
[17, 43]
[43, 50]
[43, 135]
[43, 48]
[43, 100]
[43, 63]
[43, 53]
[43, 117]
[43, 132]
[43, 93]
[43, 98]
[43, 47]
[18, 43]
[26, 43]
[43, 144]
[43, 101]
[43, 67]
[43, 129]
[10, 43]
[43, 102]
[14, 43]
[43, 76]
[43, 70]
[43, 64]
[43, 75]
[24, 66]
[24, 151]
[24, 142]
[24, 149]
[24, 70]
[24, 109]
[24, 121]
[26, 72]
[6, 70]
[23, 109]
[50, 109]
[72, 109]
[109, 126]
[17, 109]
[73, 109]
[20, 109]
[97, 109]
[12, 109]
[109, 143]
[37, 109]
[6, 109]
[109, 119]
[96, 109]
[68, 109]
[39, 109]
[109, 138]
[11, 109]
[71, 109]
[106, 109]
[9, 109]
[33, 109]
[109, 128]
[102, 109]
[54, 109]
[86, 109]
[40, 109]
[52, 109]
[3, 109]
[100, 109]
[59, 109]
[109, 125]
[109, 122]
[79, 109]
[101, 109]
[30, 109]
[0, 109]
[84, 109]
[28, 109]
[107, 109]
[10, 109]
[46, 109]
[32, 109]
[109, 147]
[109, 148]
[14, 109]
[104, 109]
[109, 110]
[74, 109]
[31, 109]
[109, 116]
[109, 152]
[64, 109]
[109, 144]
[109, 137]
[75, 109]
[109, 156]
[61, 109]
[67, 109]
[60, 109]
[62, 109]
[66, 109]
[109, 127]
[70, 109]
[58, 109]
[105, 109]
[109, 120]
[95, 109]
[109, 112]
[26, 135]
[17, 138]
[25, 75]
[17, 75]
[22, 75]
[75, 126]
[39, 75]
[56, 75]
[75, 97]
[37, 75]
[6, 75]
[63, 75]
[53, 75]
[75, 96]
[57, 75]
[75, 138]
[75, 129]
[11, 75]
[75, 106]
[33, 75]
[45, 75]
[75, 102]
[18, 75]
[75, 86]
[40, 75]
[75, 132]
[3, 75]
[22, 111]
[1, 111]
[111, 126]
[17, 111]
[85, 111]
[73, 111]
[111, 143]
[111, 115]
[50, 111]
[6, 111]
[63, 111]
[53, 111]
[111, 119]
[68, 111]
[13, 111]
[47, 111]
[111, 129]
[106, 111]
[33, 111]
[111, 157]
[45, 111]
[54, 111]
[86, 111]
[111, 159]
[40, 111]
[52, 111]
[3, 111]
[78, 111]
[111, 154]
[108, 111]
[94, 111]
[103, 111]
[111, 122]
[79, 111]
[93, 111]
[98, 111]
[111, 133]
[0, 111]
[107, 111]
[10, 111]
[46, 111]
[32, 111]
[14, 111]
[2, 111]
[111, 155]
[104, 111]
[26, 111]
[74, 111]
[31, 111]
[111, 116]
[111, 152]
[64, 111]
[76, 111]
[82, 111]
[61, 111]
[69, 111]
[62, 111]
[111, 150]
[24, 111]
[111, 123]
[105, 111]
[111, 120]
[111, 112]
[111, 113]
[7, 111]
[111, 158]
[72, 122]
[72, 155]
[30, 101]
[75, 100]
[71, 100]
[12, 100]
[35, 93]
[35, 98]
[35, 101]
[30, 71]
[12, 30]
[22, 30]
[30, 78]
[19, 30]
[23, 30]
[30, 96]
[30, 57]
[17, 30]
[13, 30]
[30, 60]
[30, 93]
[30, 126]
[30, 53]
[30, 143]
[30, 132]
[10, 30]
[30, 97]
[30, 79]
[30, 55]
[30, 100]
[30, 66]
[11, 56]
[19, 100]
[48, 100]
[26, 80]
[96, 100]
[44, 100]
[25, 100]
[57, 100]
[23, 49]
[49, 77]
[1, 49]
[22, 49]
[49, 63]
[17, 49]
[49, 60]
[49, 93]
[49, 126]
[37, 49]
[40, 49]
[49, 101]
[49, 134]
[45, 49]
[47, 49]
[49, 129]
[14, 49]
[3, 49]
[11, 49]
[49, 75]
[49, 51]
[49, 102]
[2, 49]
[49, 116]
[21, 49]
[49, 109]
[49, 151]
[48, 66]
[44, 66]
[100, 115]
[37, 100]
[53, 100]
[26, 100]
[26, 84]
[84, 154]
[71, 154]
[10, 154]
[66, 154]
[36, 154]
[45, 154]
[84, 117]
[100, 132]
[34, 100]
[33, 69]
[23, 69]
[69, 96]
[44, 69]
[48, 69]
[25, 69]
[69, 135]
[57, 69]
[13, 69]
[39, 69]
[69, 128]
[69, 93]
[69, 115]
[37, 69]
[50, 69]
[53, 69]
[69, 143]
[40, 69]
[69, 132]
[69, 80]
[69, 79]
[69, 100]
[69, 117]
[30, 69]
[69, 74]
[69, 129]
[69, 84]
[10, 69]
[69, 101]
[66, 69]
[69, 154]
[49, 69]
[68, 69]
[51, 69]
[69, 138]
[69, 125]
[69, 102]
[69, 70]
[2, 69]
[16, 69]
[34, 69]
[54, 69]
[69, 104]
[59, 69]
[69, 155]
[61, 69]
[6, 69]
[18, 69]
[69, 146]
[69, 86]
[69, 110]
[0, 69]
[69, 137]
[43, 69]
[69, 91]
[69, 131]
[69, 106]
[38, 111]
[38, 109]
[16, 38]
[30, 52]
[52, 65]
[97, 100]
[17, 65]
[65, 78]
[65, 119]
[13, 65]
[13, 102]
[22, 102]
[14, 53]
[26, 93]
[145, 153]
[12, 145]
[73, 145]
[56, 145]
[119, 145]
[78, 145]
[19, 145]
[85, 145]
[13, 145]
[50, 145]
[40, 145]
[80, 145]
[79, 145]
[44, 145]
[57, 145]
[100, 145]
[84, 145]
[65, 145]
[52, 145]
[71, 145]
[36, 145]
[64, 145]
[117, 145]
[129, 145]
[35, 145]
[55, 145]
[75, 145]
[116, 145]
[145, 151]
[10, 145]
[138, 145]
[125, 145]
[102, 145]
[66, 145]
[104, 145]
[59, 145]
[122, 145]
[86, 145]
[0, 145]
[70, 145]
[111, 145]
[25, 65]
[31, 156]
[132, 156]
[33, 156]
[78, 156]
[119, 156]
[19, 156]
[63, 156]
[153, 156]
[23, 156]
[13, 156]
[50, 156]
[40, 156]
[79, 156]
[44, 156]
[57, 156]
[37, 156]
[101, 156]
[49, 156]
[52, 156]
[47, 156]
[14, 156]
[36, 156]
[117, 156]
[74, 156]
[129, 156]
[98, 156]
[75, 156]
[51, 156]
[138, 156]
[125, 156]
[114, 156]
[54, 156]
[104, 156]
[59, 156]
[122, 156]
[155, 156]
[61, 156]
[127, 156]
[28, 156]
[68, 100]
[63, 65]
[14, 30]
[65, 126]
[65, 143]
[102, 119]
[44, 65]
[53, 117]
[53, 74]
[53, 151]
[53, 125]
[51, 53]
[53, 122]
[53, 86]
[109, 134]
[39, 55]
[22, 55]
[22, 133]
[20, 133]
[55, 143]
[1, 133]
[35, 154]
[35, 121]
[118, 121]
[65, 116]
[116, 135]
[17, 116]
[50, 55]
[30, 116]
[12, 116]
[33, 116]
[48, 116]
[44, 116]
[78, 116]
[39, 116]
[57, 116]
[19, 116]
[71, 116]
[84, 116]
[116, 132]
[93, 116]
[52, 116]
[36, 116]
[116, 117]
[10, 116]
[35, 116]
[116, 151]
[98, 116]
[51, 116]
[11, 116]
[14, 116]
[116, 122]
[68, 116]
[66, 116]
[74, 116]
[102, 116]
[0, 116]
[75, 116]
[64, 116]
[116, 155]
[99, 116]
[110, 116]
[2, 116]
[8, 116]
[32, 116]
[59, 116]
[116, 147]
[104, 116]
[28, 116]
[116, 146]
[116, 131]
[116, 152]
[116, 144]
[108, 116]
[91, 116]
[116, 137]
[116, 149]
[16, 116]
[29, 116]
[1, 29]
[12, 29]
[29, 77]
[17, 29]
[29, 118]
[24, 29]
[29, 60]
[29, 148]
[29, 103]
[29, 33]
[29, 48]
[29, 40]
[23, 29]
[29, 126]
[29, 50]
[29, 37]
[29, 78]
[29, 79]
[25, 29]
[29, 57]
[29, 80]
[29, 134]
[29, 101]
[29, 65]
[29, 72]
[29, 120]
[29, 95]
[29, 52]
[29, 47]
[10, 29]
[29, 125]
[29, 98]
[29, 138]
[29, 124]
[29, 158]
[29, 38]
[14, 29]
[29, 111]
[29, 30]
[29, 112]
[29, 70]
[21, 29]
[29, 68]
[29, 74]
[29, 102]
[29, 46]
[26, 29]
[7, 29]
[29, 113]
[29, 127]
[29, 86]
[29, 81]
[29, 106]
[6, 29]
[29, 122]
[0, 29]
[29, 155]
[29, 99]
[29, 109]
[8, 29]
[29, 32]
[29, 49]
[29, 104]
[28, 29]
[29, 146]
[29, 152]
[29, 108]
[29, 91]
[29, 137]
[16, 29]
[29, 42]
[12, 42]
[42, 119]
[42, 77]
[17, 42]
[42, 118]
[42, 140]
[42, 60]
[42, 159]
[42, 153]
[42, 150]
[33, 42]
[40, 42]
[23, 42]
[42, 126]
[42, 143]
[13, 42]
[42, 44]
[42, 79]
[19, 42]
[42, 71]
[42, 134]
[42, 101]
[42, 65]
[42, 120]
[42, 52]
[42, 154]
[42, 55]
[42, 105]
[42, 51]
[42, 100]
[42, 158]
[38, 42]
[42, 145]
[42, 70]
[42, 53]
[34, 42]
[42, 102]
[42, 151]
[26, 42]
[42, 82]
[7, 42]
[42, 81]
[42, 43]
[42, 76]
[42, 123]
[6, 42]
[42, 136]
[42, 107]
[42, 142]
[42, 122]
[42, 99]
[42, 110]
[42, 109]
[8, 42]
[42, 139]
[42, 54]
[32, 42]
[28, 42]
[42, 131]
[42, 108]
[42, 91]
[42, 114]
[42, 141]
[42, 137]
[42, 149]
[1, 149]
[22, 149]
[12, 149]
[56, 149]
[149, 157]
[140, 149]
[62, 149]
[149, 159]
[103, 149]
[128, 149]
[23, 149]
[96, 149]
[50, 149]
[115, 149]
[13, 149]
[63, 149]
[37, 149]
[39, 149]
[25, 149]
[71, 149]
[84, 149]
[134, 149]
[93, 149]
[101, 149]
[65, 149]
[120, 149]
[95, 149]
[52, 149]
[36, 149]
[47, 149]
[125, 149]
[98, 149]
[138, 149]
[124, 149]
[38, 149]
[11, 149]
[75, 149]
[14, 149]
[30, 149]
[45, 149]
[112, 149]
[129, 149]
[69, 149]
[21, 149]
[34, 149]
[68, 149]
[74, 149]
[2, 149]
[149, 156]
[149, 151]
[61, 149]
[67, 149]
[87, 149]
[7, 149]
[127, 149]
[86, 149]
[133, 149]
[106, 149]
[31, 149]
[122, 149]
[149, 155]
[32, 149]
[59, 149]
[49, 149]
[147, 149]
[28, 149]
[146, 149]
[131, 149]
[149, 152]
[114, 149]
[141, 149]
[1, 141]
[22, 141]
[12, 141]
[119, 141]
[77, 141]
[17, 141]
[118, 141]
[24, 141]
[141, 159]
[141, 148]
[141, 153]
[103, 141]
[48, 141]
[50, 141]
[63, 141]
[37, 141]
[39, 141]
[79, 141]
[25, 141]
[57, 141]
[19, 141]
[80, 141]
[134, 141]
[101, 141]
[65, 141]
[72, 141]
[120, 141]
[95, 141]
[52, 141]
[141, 154]
[10, 141]
[98, 141]
[51, 141]
[124, 141]
[141, 158]
[141, 145]
[112, 141]
[129, 141]
[53, 141]
[69, 141]
[21, 141]
[68, 141]
[66, 141]
[74, 141]
[102, 141]
[141, 156]
[141, 151]
[46, 141]
[67, 141]
[87, 141]
[127, 141]
[86, 141]
[18, 141]
[43, 141]
[76, 141]
[141, 142]
[141, 155]
[99, 141]
[109, 141]
[8, 141]
[90, 141]
[32, 141]
[59, 141]
[49, 141]
[141, 147]
[104, 141]
[28, 141]
[141, 146]
[131, 141]
[108, 141]
[12, 108]
[17, 108]
[40, 108]
[108, 126]
[108, 143]
[108, 135]
[37, 108]
[39, 108]
[80, 108]
[108, 132]
[93, 108]
[101, 108]
[36, 108]
[47, 108]
[98, 108]
[108, 138]
[11, 108]
[108, 145]
[75, 108]
[14, 108]
[30, 108]
[108, 129]
[53, 108]
[51, 108]
[68, 108]
[64, 108]
[108, 156]
[67, 108]
[87, 108]
[108, 127]
[108, 133]
[108, 122]
[102, 108]
[54, 108]
[59, 108]
[49, 108]
[108, 144]
[61, 108]
[16, 108]
[81, 108]
[106, 108]
[107, 108]
[99, 108]
[90, 108]
[32, 108]
[108, 147]
[108, 146]
[108, 131]
[108, 152]
[108, 114]
[108, 137]
[8, 108]
[108, 121]
[91, 108]
[108, 139]
[9, 139]
[22, 139]
[12, 139]
[24, 139]
[27, 139]
[60, 139]
[62, 139]
[139, 159]
[139, 148]
[83, 139]
[139, 153]
[103, 139]
[41, 139]
[23, 139]
[78, 139]
[39, 139]
[19, 139]
[80, 139]
[65, 139]
[52, 139]
[55, 139]
[71, 139]
[112, 139]
[35, 139]
[47, 139]
[98, 139]
[138, 139]
[74, 139]
[2, 139]
[26, 139]
[82, 139]
[45, 139]
[70, 139]
[69, 139]
[86, 139]
[139, 154]
[139, 142]
[109, 139]
[95, 139]
[104, 139]
[105, 139]
[31, 139]
[38, 139]
[11, 139]
[123, 139]
[75, 139]
[14, 139]
[30, 139]
[68, 139]
[67, 139]
[87, 139]
[122, 139]
[59, 139]
[49, 139]
[61, 139]
[92, 139]
[106, 139]
[139, 145]
[99, 139]
[111, 139]
[139, 147]
[139, 152]
[114, 139]
[137, 139]
[4, 139]
[1, 4]
[4, 77]
[4, 24]
[4, 94]
[4, 60]
[4, 62]
[4, 159]
[4, 58]
[4, 33]
[4, 128]
[4, 96]
[4, 143]
[4, 44]
[4, 63]
[4, 78]
[4, 79]
[4, 57]
[4, 65]
[4, 52]
[4, 55]
[4, 125]
[4, 124]
[4, 71]
[4, 84]
[4, 100]
[4, 158]
[4, 117]
[4, 10]
[4, 138]
[4, 34]
[2, 4]
[4, 151]
[4, 82]
[4, 7]
[4, 69]
[4, 18]
[4, 154]
[4, 136]
[4, 155]
[4, 110]
[4, 109]
[4, 66]
[4, 95]
[4, 104]
[4, 105]
[4, 31]
[4, 38]
[4, 141]
[4, 11]
[4, 36]
[4, 149]
[4, 14]
[4, 51]
[4, 64]
[4, 127]
[4, 133]
[4, 122]
[4, 54]
[4, 59]
[4, 49]
[4, 144]
[4, 16]
[4, 92]
[4, 81]
[4, 106]
[4, 99]
[4, 90]
[4, 32]
[4, 146]
[4, 152]
[4, 8]
[4, 88]
[1, 88]
[12, 88]
[88, 119]
[62, 88]
[58, 88]
[88, 150]
[88, 128]
[40, 88]
[23, 88]
[88, 126]
[50, 88]
[13, 88]
[44, 88]
[63, 88]
[88, 135]
[79, 88]
[25, 88]
[57, 88]
[19, 88]
[80, 88]
[88, 97]
[72, 88]
[88, 120]
[55, 88]
[71, 88]
[84, 88]
[88, 117]
[10, 88]
[3, 88]
[47, 88]
[88, 98]
[21, 88]
[34, 88]
[74, 88]
[2, 88]
[88, 151]
[26, 88]
[82, 88]
[45, 88]
[70, 88]
[69, 88]
[88, 113]
[18, 88]
[6, 88]
[66, 88]
[88, 95]
[88, 104]
[88, 105]
[31, 88]
[38, 88]
[88, 141]
[11, 88]
[36, 88]
[88, 149]
[75, 88]
[51, 88]
[68, 88]
[64, 88]
[67, 88]
[87, 88]
[88, 122]
[59, 88]
[49, 88]
[88, 92]
[88, 107]
[88, 99]
[88, 111]
[88, 90]
[32, 88]
[88, 147]
[88, 146]
[88, 114]
[1, 114]
[114, 119]
[77, 114]
[17, 114]
[24, 114]
[27, 114]
[60, 114]
[114, 153]
[114, 150]
[103, 114]
[33, 114]
[48, 114]
[114, 128]
[40, 114]
[41, 114]
[23, 114]
[114, 126]
[114, 115]
[44, 114]
[63, 114]
[114, 135]
[37, 114]
[78, 114]
[80, 114]
[114, 134]
[65, 114]
[114, 120]
[114, 124]
[114, 117]
[112, 114]
[10, 114]
[35, 114]
[114, 138]
[34, 114]
[26, 114]
[82, 114]
[7, 114]
[45, 114]
[114, 154]
[6, 114]
[114, 142]
[114, 155]
[110, 114]
[109, 114]
[104, 114]
[28, 114]
[43, 114]
[75, 114]
[114, 129]
[67, 114]
[114, 127]
[114, 133]
[114, 122]
[59, 114]
[114, 144]
[61, 114]
[92, 114]
[99, 114]
[90, 114]
[32, 114]
[114, 131]
[1, 131]
[22, 131]
[12, 131]
[56, 131]
[33, 131]
[23, 131]
[126, 131]
[131, 143]
[115, 131]
[37, 131]
[79, 131]
[25, 131]
[57, 131]
[65, 131]
[72, 131]
[52, 131]
[55, 131]
[71, 131]
[84, 131]
[98, 131]
[74, 131]
[18, 131]
[131, 154]
[104, 131]
[28, 131]
[36, 131]
[75, 131]
[14, 131]
[51, 131]
[26, 131]
[82, 131]
[70, 131]
[86, 131]
[76, 131]
[131, 136]
[131, 142]
[46, 131]
[54, 131]
[49, 131]
[31, 131]
[0, 131]
[81, 131]
[131, 156]
[67, 131]
[99, 131]
[90, 131]
[32, 131]
[32, 56]
[17, 32]
[32, 140]
[32, 60]
[32, 33]
[23, 32]
[32, 96]
[32, 50]
[13, 32]
[32, 63]
[32, 135]
[32, 39]
[32, 79]
[32, 57]
[32, 101]
[32, 65]
[32, 125]
[32, 117]
[32, 35]
[32, 98]
[32, 74]
[32, 45]
[18, 32]
[32, 154]
[32, 155]
[32, 104]
[11, 32]
[32, 36]
[32, 75]
[14, 32]
[32, 51]
[2, 32]
[7, 32]
[32, 70]
[32, 86]
[6, 32]
[32, 142]
[32, 110]
[32, 102]
[32, 46]
[32, 54]
[32, 49]
[0, 32]
[32, 81]
[32, 147]
[32, 146]
[32, 156]
[32, 67]
[32, 87]
[32, 144]
[32, 61]
[32, 106]
[32, 99]
[32, 90]
[22, 90]
[90, 119]
[17, 90]
[90, 118]
[24, 90]
[27, 90]
[90, 94]
[60, 90]
[85, 90]
[83, 90]
[90, 150]
[33, 90]
[90, 128]
[41, 90]
[23, 90]
[90, 143]
[13, 90]
[78, 90]
[79, 90]
[25, 90]
[57, 90]
[19, 90]
[90, 134]
[90, 93]
[72, 90]
[90, 125]
[90, 100]
[90, 158]
[90, 117]
[90, 98]
[21, 90]
[90, 151]
[18, 90]
[90, 154]
[90, 155]
[66, 90]
[90, 104]
[38, 90]
[11, 90]
[75, 90]
[14, 90]
[90, 129]
[53, 90]
[68, 90]
[82, 90]
[7, 90]
[90, 136]
[90, 110]
[90, 109]
[46, 90]
[49, 90]
[0, 90]
[81, 90]
[90, 145]
[90, 147]
[43, 90]
[67, 90]
[90, 122]
[59, 90]
[61, 90]
[16, 90]
[90, 107]
[20, 107]
[73, 107]
[22, 107]
[12, 107]
[56, 107]
[60, 107]
[33, 107]
[40, 107]
[23, 107]
[96, 107]
[107, 126]
[50, 107]
[13, 107]
[44, 107]
[63, 107]
[37, 107]
[39, 107]
[79, 107]
[25, 107]
[57, 107]
[107, 132]
[93, 107]
[101, 107]
[65, 107]
[55, 107]
[71, 107]
[84, 107]
[107, 117]
[35, 107]
[3, 107]
[47, 107]
[98, 107]
[107, 138]
[34, 107]
[107, 151]
[45, 107]
[107, 154]
[28, 107]
[36, 107]
[107, 129]
[51, 107]
[2, 107]
[68, 107]
[82, 107]
[86, 107]
[76, 107]
[6, 107]
[107, 136]
[107, 110]
[54, 107]
[31, 107]
[0, 107]
[107, 147]
[107, 146]
[107, 123]
[67, 107]
[87, 107]
[107, 122]
[59, 107]
[106, 107]
[99, 107]
[107, 152]
[8, 107]
[81, 107]
[1, 81]
[81, 119]
[17, 81]
[81, 118]
[24, 81]
[81, 140]
[81, 94]
[62, 81]
[81, 159]
[81, 148]
[33, 81]
[81, 128]
[40, 81]
[81, 96]
[81, 126]
[81, 143]
[50, 81]
[81, 115]
[13, 81]
[63, 81]
[81, 135]
[37, 81]
[39, 81]
[57, 81]
[19, 81]
[52, 81]
[55, 81]
[81, 125]
[71, 81]
[81, 84]
[10, 81]
[3, 81]
[47, 81]
[81, 98]
[21, 81]
[74, 81]
[45, 81]
[81, 154]
[81, 155]
[81, 95]
[28, 81]
[11, 81]
[36, 81]
[30, 81]
[81, 120]
[53, 81]
[2, 81]
[68, 81]
[26, 81]
[70, 81]
[81, 86]
[76, 81]
[6, 81]
[81, 142]
[81, 110]
[81, 102]
[46, 81]
[31, 81]
[0, 81]
[81, 144]
[81, 124]
[43, 81]
[81, 92]
[81, 87]
[81, 122]
[81, 99]
[8, 81]
[81, 113]
[81, 91]
[1, 91]
[22, 91]
[12, 91]
[56, 91]
[91, 119]
[17, 91]
[91, 118]
[91, 153]
[58, 91]
[33, 91]
[48, 91]
[91, 96]
[91, 126]
[50, 91]
[91, 115]
[91, 135]
[39, 91]
[79, 91]
[19, 91]
[80, 91]
[91, 134]
[91, 93]
[52, 91]
[55, 91]
[71, 91]
[84, 91]
[91, 100]
[10, 91]
[47, 91]
[34, 91]
[74, 91]
[45, 91]
[91, 154]
[11, 91]
[14, 91]
[91, 129]
[51, 91]
[68, 91]
[82, 91]
[76, 91]
[6, 91]
[91, 136]
[54, 91]
[49, 91]
[31, 91]
[0, 91]
[91, 127]
[91, 133]
[38, 91]
[61, 91]
[90, 91]
[32, 91]
[91, 147]
[43, 91]
[91, 123]
[91, 122]
[59, 91]
[8, 91]
[91, 111]
[43, 111]
[43, 159]
[35, 43]
[36, 43]
[43, 49]
[43, 61]
[16, 43]
[43, 145]
[8, 43]
[43, 86]
[43, 54]
[43, 156]
[43, 82]
[43, 99]
[43, 87]
[1, 87]
[22, 87]
[12, 87]
[56, 87]
[87, 119]
[17, 87]
[60, 87]
[87, 148]
[85, 87]
[23, 87]
[44, 87]
[87, 135]
[39, 87]
[57, 87]
[19, 87]
[80, 87]
[87, 93]
[65, 87]
[87, 100]
[87, 158]
[87, 117]
[3, 87]
[34, 87]
[74, 87]
[87, 151]
[45, 87]
[87, 104]
[11, 87]
[68, 87]
[55, 87]
[87, 138]
[75, 87]
[51, 87]
[0, 87]
[87, 127]
[87, 133]
[87, 146]
[87, 123]
[2, 87]
[87, 122]
[87, 136]
[87, 110]
[31, 87]
[87, 152]
[87, 98]
[87, 129]
[53, 87]
[64, 87]
[47, 87]
[87, 102]
[76, 87]
[87, 144]
[87, 159]
[87, 137]
[36, 87]
[61, 87]
[69, 87]
[87, 145]
[86, 87]
[82, 87]
[22, 82]
[17, 82]
[33, 82]
[48, 82]
[40, 82]
[23, 82]
[82, 96]
[82, 126]
[82, 143]
[82, 115]
[44, 82]
[63, 82]
[78, 82]
[25, 82]
[57, 82]
[80, 82]
[82, 132]
[82, 93]
[82, 101]
[65, 82]
[82, 97]
[72, 82]
[52, 82]
[71, 82]
[82, 100]
[82, 117]
[34, 82]
[74, 82]
[82, 151]
[82, 104]
[11, 82]
[30, 82]
[82, 125]
[82, 138]
[18, 82]
[28, 82]
[75, 82]
[70, 82]
[46, 82]
[0, 82]
[82, 127]
[82, 133]
[82, 146]
[2, 82]
[82, 122]
[82, 106]
[31, 82]
[82, 152]
[14, 82]
[82, 129]
[26, 82]
[76, 82]
[82, 144]
[35, 82]
[49, 82]
[61, 82]
[82, 145]
[82, 86]
[16, 82]
[82, 137]
[1, 137]
[22, 137]
[119, 137]
[137, 153]
[33, 137]
[48, 137]
[96, 137]
[137, 143]
[63, 137]
[135, 137]
[78, 137]
[132, 137]
[93, 137]
[65, 137]
[97, 137]
[72, 137]
[52, 137]
[71, 137]
[84, 137]
[100, 137]
[117, 137]
[10, 137]
[34, 137]
[45, 137]
[66, 137]
[6, 137]
[55, 137]
[51, 137]
[7, 137]
[70, 137]
[137, 142]
[46, 137]
[0, 137]
[133, 137]
[137, 146]
[2, 137]
[122, 137]
[136, 137]
[59, 137]
[31, 137]
[98, 137]
[137, 154]
[129, 137]
[53, 137]
[137, 159]
[32, 137]
[54, 137]
[137, 156]
[137, 144]
[35, 137]
[61, 137]
[16, 137]
[92, 137]
[99, 137]
[76, 137]
[123, 137]
[114, 137]
[90, 137]
[121, 137]
[1, 121]
[22, 121]
[12, 121]
[121, 157]
[121, 140]
[94, 121]
[60, 121]
[62, 121]
[121, 148]
[121, 153]
[58, 121]
[121, 150]
[103, 121]
[121, 128]
[23, 121]
[121, 143]
[44, 121]
[63, 121]
[78, 121]
[39, 121]
[25, 121]
[121, 132]
[93, 121]
[71, 121]
[10, 121]
[121, 151]
[45, 121]
[104, 121]
[11, 121]
[30, 121]
[120, 121]
[121, 147]
[113, 121]
[121, 125]
[18, 121]
[116, 121]
[75, 121]
[51, 121]
[70, 121]
[46, 121]
[110, 121]
[14, 121]
[107, 121]
[47, 121]
[121, 134]
[38, 121]
[95, 121]
[105, 121]
[121, 152]
[106, 121]
[82, 121]
[0, 121]
[81, 121]
[121, 142]
[2, 121]
[121, 136]
[59, 121]
[98, 121]
[121, 129]
[121, 149]
[4, 121]
[49, 121]
[91, 121]
[53, 121]
[32, 121]
[54, 121]
[121, 156]
[21, 121]
[121, 144]
[31, 121]
[92, 121]
[121, 123]
[123, 153]
[48, 123]
[13, 123]
[63, 123]
[123, 135]
[79, 123]
[57, 123]
[65, 123]
[84, 123]
[100, 123]
[117, 123]
[3, 123]
[34, 123]
[120, 123]
[123, 138]
[28, 123]
[123, 127]
[105, 123]
[86, 123]
[45, 123]
[11, 123]
[123, 147]
[18, 123]
[51, 123]
[70, 123]
[46, 123]
[106, 123]
[123, 142]
[16, 123]
[59, 123]
[54, 123]
[123, 156]
[99, 123]
[35, 123]
[92, 123]
[17, 92]
[92, 118]
[24, 92]
[92, 140]
[92, 94]
[60, 92]
[58, 92]
[33, 92]
[40, 92]
[41, 92]
[44, 92]
[37, 92]
[78, 92]
[39, 92]
[25, 92]
[19, 92]
[92, 132]
[92, 93]
[92, 97]
[72, 92]
[71, 92]
[92, 158]
[68, 92]
[64, 92]
[92, 102]
[92, 124]
[26, 92]
[92, 145]
[92, 154]
[92, 151]
[92, 104]
[47, 92]
[48, 92]
[92, 143]
[79, 92]
[65, 92]
[92, 100]
[3, 92]
[34, 92]
[92, 138]
[28, 92]
[92, 127]
[86, 92]
[7, 92]
[92, 136]
[92, 98]
[92, 129]
[49, 92]
[11, 92]
[92, 147]
[18, 92]
[70, 92]
[46, 92]
[92, 144]
[92, 142]
[59, 92]
[54, 92]
[92, 156]
[92, 99]
[35, 92]
[42, 92]
[4, 42]
[20, 74]
[73, 74]
[56, 74]
[74, 85]
[33, 74]
[40, 74]
[74, 96]
[74, 115]
[44, 74]
[74, 78]
[74, 97]
[52, 74]
[66, 74]
[66, 140]
[60, 66]
[66, 128]
[23, 66]
[50, 66]
[25, 66]
[66, 80]
[66, 101]
[66, 71]
[68, 101]
[68, 74]
[6, 74]
[6, 66]
[10, 55]
[55, 80]
[55, 74]
[55, 68]
[55, 155]
[1, 155]
[5, 155]
[73, 155]
[20, 155]
[17, 155]
[33, 155]
[40, 155]
[23, 155]
[96, 155]
[115, 155]
[37, 155]
[93, 155]
[97, 155]
[10, 155]
[80, 155]
[101, 155]
[52, 155]
[71, 155]
[6, 155]
[6, 64]
[1, 64]
[22, 64]
[64, 119]
[17, 64]
[33, 64]
[40, 64]
[39, 64]
[64, 132]
[64, 93]
[64, 97]
[50, 64]
[44, 64]
[25, 64]
[64, 101]
[64, 74]
[64, 102]
[17, 102]
[96, 102]
[37, 102]
[102, 132]
[93, 102]
[97, 102]
[50, 102]
[66, 102]
[68, 102]
[6, 102]
[102, 155]
[36, 102]
[1, 36]
[22, 36]
[36, 40]
[23, 36]
[36, 37]
[36, 78]
[36, 39]
[36, 93]
[10, 36]
[36, 80]
[36, 101]
[36, 74]
[36, 155]
[36, 64]
[36, 67]
[1, 67]
[23, 67]
[67, 126]
[67, 78]
[67, 132]
[67, 72]
[25, 67]
[67, 80]
[67, 101]
[52, 67]
[67, 71]
[67, 74]
[66, 67]
[67, 68]
[6, 67]
[67, 155]
[67, 102]
[10, 26]
[26, 101]
[26, 74]
[26, 66]
[26, 55]
[26, 64]
[14, 64]
[3, 64]
[3, 19]
[3, 132]
[3, 93]
[3, 80]
[3, 52]
[3, 66]
[3, 68]
[3, 155]
[3, 25]
[3, 101]
[3, 6]
[3, 36]
[36, 48]
[36, 143]
[13, 36]
[13, 74]
[13, 67]
[13, 151]
[13, 125]
[13, 117]
[13, 28]
[13, 127]
[13, 51]
[13, 110]
[13, 152]
[0, 13]
[13, 136]
[13, 106]
[13, 16]
[13, 142]
[7, 13]
[7, 17]
[7, 40]
[7, 126]
[7, 48]
[7, 79]
[7, 25]
[7, 21]
[7, 44]
[7, 80]
[7, 10]
[7, 68]
[7, 55]
[7, 101]
[7, 155]
[7, 66]
[7, 57]
[7, 63]
[7, 61]
[7, 138]
[7, 35]
[7, 64]
[7, 46]
[7, 147]
[7, 104]
[7, 76]
[7, 144]
[7, 69]
[7, 117]
[7, 84]
[7, 89]
[7, 65]
[7, 75]
[7, 156]
[7, 122]
[7, 127]
[7, 67]
[7, 110]
[7, 16]
[7, 142]
[22, 142]
[118, 142]
[142, 157]
[142, 148]
[85, 142]
[126, 142]
[142, 143]
[14, 142]
[3, 142]
[119, 142]
[115, 142]
[97, 142]
[142, 159]
[25, 142]
[71, 142]
[44, 142]
[10, 142]
[68, 142]
[55, 142]
[142, 155]
[142, 153]
[63, 142]
[98, 142]
[53, 142]
[47, 142]
[35, 142]
[76, 142]
[31, 142]
[102, 142]
[69, 142]
[84, 142]
[142, 151]
[125, 142]
[65, 142]
[26, 142]
[142, 156]
[36, 142]
[54, 142]
[34, 142]
[2, 142]
[28, 142]
[51, 142]
[0, 142]
[106, 142]
[122, 142]
[127, 142]
[142, 152]
[89, 142]
[77, 89]
[17, 89]
[89, 148]
[89, 96]
[40, 89]
[89, 126]
[48, 89]
[72, 89]
[89, 158]
[79, 89]
[89, 105]
[89, 112]
[14, 89]
[3, 89]
[89, 119]
[89, 93]
[89, 97]
[25, 89]
[21, 89]
[19, 89]
[44, 89]
[50, 89]
[60, 89]
[10, 89]
[43, 89]
[55, 89]
[89, 155]
[89, 116]
[87, 89]
[63, 89]
[82, 89]
[89, 139]
[89, 98]
[89, 131]
[4, 89]
[89, 120]
[89, 108]
[89, 154]
[61, 89]
[89, 138]
[46, 89]
[89, 99]
[89, 109]
[18, 89]
[89, 147]
[89, 102]
[69, 89]
[84, 89]
[89, 123]
[6, 89]
[89, 145]
[89, 91]
[65, 89]
[26, 89]
[89, 111]
[75, 89]
[29, 89]
[89, 156]
[54, 89]
[34, 89]
[2, 89]
[89, 113]
[66, 89]
[89, 92]
[89, 106]
[89, 151]
[88, 89]
[89, 110]
[16, 89]
[89, 133]
[86, 89]
[8, 89]
[81, 89]
[0, 89]
[89, 121]
[89, 90]
[89, 149]
[32, 89]
[8, 32]
[1, 8]
[8, 17]
[8, 118]
[8, 24]
[8, 94]
[8, 62]
[8, 148]
[8, 58]
[8, 103]
[8, 96]
[8, 134]
[8, 40]
[8, 126]
[8, 48]
[8, 72]
[8, 143]
[8, 79]
[8, 105]
[8, 112]
[8, 56]
[8, 115]
[8, 37]
[8, 132]
[8, 150]
[8, 80]
[8, 52]
[8, 101]
[8, 153]
[8, 74]
[8, 100]
[8, 47]
[8, 95]
[8, 144]
[8, 30]
[8, 36]
[8, 28]
[8, 93]
[8, 19]
[8, 50]
[8, 10]
[8, 70]
[8, 55]
[8, 51]
[8, 120]
[8, 138]
[8, 99]
[8, 114]
[8, 102]
[8, 84]
[6, 8]
[8, 65]
[8, 26]
[8, 140]
[8, 156]
[8, 34]
[2, 8]
[8, 158]
[8, 68]
[8, 53]
[8, 86]
[8, 123]
[8, 11]
[8, 21]
[8, 136]
[8, 155]
[8, 61]
[8, 46]
[8, 109]
[8, 147]
[8, 145]
[8, 14]
[8, 137]
[8, 66]
[8, 16]
[8, 122]
[8, 152]
[8, 90]
[90, 152]
[22, 152]
[12, 152]
[85, 152]
[23, 152]
[96, 152]
[40, 152]
[126, 152]
[48, 152]
[72, 152]
[79, 152]
[132, 152]
[80, 152]
[52, 152]
[101, 152]
[152, 153]
[45, 152]
[74, 152]
[100, 152]
[146, 152]
[144, 152]
[125, 152]
[28, 152]
[93, 152]
[19, 152]
[44, 152]
[50, 152]
[70, 152]
[55, 152]
[63, 152]
[131, 152]
[138, 152]
[65, 152]
[26, 152]
[152, 156]
[54, 152]
[34, 152]
[68, 152]
[53, 152]
[86, 152]
[49, 152]
[136, 152]
[104, 152]
[98, 152]
[152, 154]
[61, 152]
[46, 152]
[18, 152]
[147, 152]
[75, 152]
[14, 152]
[151, 152]
[0, 152]
[0, 1]
[0, 5]
[0, 20]
[0, 73]
[0, 22]
[0, 12]
[0, 17]
[0, 23]
[0, 40]
[0, 126]
[0, 72]
[0, 143]
[0, 56]
[0, 132]
[0, 101]
[0, 153]
[0, 135]
[0, 47]
[0, 64]
[0, 93]
[0, 97]
[0, 25]
[0, 50]
[0, 60]
[0, 10]
[0, 138]
[0, 127]
[0, 6]
[0, 26]
[0, 140]
[0, 34]
[0, 2]
[0, 53]
[0, 86]
[0, 129]
[0, 136]
[0, 155]
[0, 104]
[0, 98]
[0, 154]
[0, 61]
[0, 66]
[0, 147]
[0, 75]
[0, 151]
[0, 49]
[0, 46]
[22, 46]
[23, 46]
[46, 126]
[46, 48]
[46, 78]
[39, 46]
[46, 80]
[66, 143]
[51, 143]
[53, 102]
[53, 64]
[95, 105]
[91, 114]
[40, 51]
[33, 51]
[51, 115]
[51, 96]
[23, 51]
[51, 56]
[44, 51]
[51, 126]
[51, 101]
[21, 109]
[48, 125]
[22, 51]
[51, 102]
[6, 145]
[6, 54]
[34, 101]
[34, 64]
[34, 54]
[34, 102]
[11, 19]
[11, 39]
[11, 80]
[11, 78]
[11, 132]
[11, 79]
[151, 153]
[140, 151]
[148, 151]
[151, 157]
[19, 151]
[48, 144]
[48, 86]
[28, 48]
[48, 117]
[48, 133]
[48, 76]
[48, 138]
[48, 61]
[48, 75]
[48, 127]
[48, 155]
[48, 122]
[48, 147]
[6, 30]
[30, 68]
[34, 129]
[6, 129]
[64, 135]
[55, 129]
[64, 129]
[88, 91]
[18, 78]
[113, 124]
[120, 124]
[6, 156]
[45, 101]
[45, 55]
[101, 106]
[73, 106]
[1, 106]
[106, 115]
[18, 39]
[45, 64]
[55, 63]
[65, 101]
[6, 65]
[37, 65]
[64, 65]
[10, 65]
[11, 65]
[26, 65]
[14, 65]
[51, 65]
[65, 106]
[47, 65]
[18, 65]
[65, 104]
[59, 65]
[3, 65]
[28, 65]
[65, 117]
[65, 86]
[46, 65]
[65, 70]
[65, 125]
[65, 127]
[65, 122]
[65, 147]
[65, 110]
[65, 67]
[2, 65]
[31, 65]
[16, 65]
[35, 55]
[30, 129]
[66, 79]
[53, 66]
[66, 135]
[57, 66]
[14, 66]
[51, 66]
[66, 106]
[47, 66]
[18, 66]
[66, 146]
[66, 129]
[28, 66]
[66, 117]
[66, 138]
[61, 66]
[46, 66]
[66, 110]
[16, 66]
[34, 66]
[66, 104]
[66, 86]
[66, 133]
[66, 70]
[66, 147]
[2, 66]
[35, 52]
[35, 155]
[35, 64]
[35, 74]
[35, 125]
[11, 35]
[35, 45]
[35, 47]
[35, 122]
[35, 144]
[35, 129]
[35, 117]
[34, 35]
[35, 127]
[35, 99]
[35, 51]
[35, 106]
[49, 54]
[55, 98]
[74, 143]
[74, 79]
[3, 135]
[3, 154]
[3, 57]
[144, 145]
[50, 144]
[22, 144]
[71, 144]
[12, 144]
[78, 144]
[40, 144]
[37, 144]
[79, 144]
[10, 144]
[54, 144]
[52, 144]
[98, 144]
[57, 144]
[102, 144]
[11, 144]
[45, 144]
[100, 144]
[30, 144]
[47, 144]
[129, 144]
[117, 144]
[34, 144]
[127, 144]
[67, 144]
[99, 144]
[51, 144]
[104, 144]
[136, 144]
[144, 146]
[138, 144]
[61, 144]
[46, 144]
[26, 144]
[2, 144]
[64, 84]
[30, 64]
[143, 155]
[30, 45]
[36, 45]
[3, 45]
[11, 36]
[11, 74]
[10, 11]
[23, 151]
[118, 151]
[19, 122]
[12, 151]
[17, 122]
[78, 151]
[71, 151]
[33, 122]
[44, 151]
[93, 151]
[55, 76]
[76, 132]
[40, 151]
[76, 126]
[126, 151]
[97, 147]
[17, 147]
[119, 147]
[78, 147]
[25, 147]
[71, 147]
[44, 147]
[22, 147]
[72, 147]
[40, 147]
[37, 147]
[101, 147]
[52, 147]
[53, 147]
[79, 147]
[143, 147]
[74, 147]
[147, 154]
[84, 147]
[64, 147]
[55, 147]
[11, 147]
[147, 151]
[63, 147]
[6, 147]
[30, 147]
[14, 147]
[129, 147]
[117, 147]
[34, 147]
[54, 147]
[35, 147]
[102, 147]
[16, 147]
[104, 147]
[125, 147]
[18, 147]
[26, 147]
[15, 147]
[106, 147]
[28, 147]
[138, 147]
[110, 147]
[70, 147]
[2, 147]
[45, 147]
[127, 147]
[99, 147]
[37, 151]
[36, 151]
[74, 151]
[135, 151]
[10, 151]
[63, 151]
[36, 63]
[3, 63]
[74, 100]
[8, 121]
[6, 151]
[37, 47]
[40, 47]
[23, 47]
[12, 47]
[47, 57]
[25, 47]
[47, 71]
[47, 93]
[47, 135]
[47, 79]
[47, 143]
[47, 64]
[3, 47]
[52, 129]
[3, 129]
[10, 129]
[2, 93]
[2, 44]
[102, 154]
[51, 132]
[51, 135]
[51, 154]
[2, 135]
[2, 115]
[2, 119]
[2, 33]
[2, 19]
[2, 56]
[2, 97]
[2, 25]
[2, 80]
[2, 50]
[2, 37]
[63, 155]
[2, 145]
[51, 84]
[36, 51]
[2, 53]
[47, 51]
[98, 102]
[102, 129]
[30, 34]
[34, 74]
[93, 104]
[54, 151]
[16, 93]
[16, 39]
[129, 151]
[33, 104]
[28, 33]
[28, 115]
[28, 119]
[28, 97]
[25, 28]
[28, 71]
[28, 44]
[28, 40]
[28, 50]
[28, 37]
[28, 143]
[28, 101]
[28, 79]
[28, 135]
[28, 154]
[28, 63]
[3, 28]
[28, 84]
[28, 54]
[6, 28]
[28, 36]
[28, 98]
[28, 117]
[18, 28]
[11, 28]
[28, 102]
[28, 106]
[28, 138]
[28, 122]
[28, 59]
[28, 155]
[26, 28]
[28, 136]
[104, 115]
[104, 140]
[22, 104]
[17, 104]
[49, 155]
[151, 155]
[45, 155]
[104, 155]
[125, 155]
[110, 155]
[70, 155]
[129, 155]
[34, 155]
[47, 155]
[98, 155]
[86, 155]
[75, 155]
[51, 155]
[46, 155]
[138, 155]
[59, 155]
[26, 153]
[26, 30]
[16, 50]
[16, 40]
[1, 16]
[16, 118]
[16, 34]
[2, 34]
[34, 61]
[34, 133]
[34, 106]
[16, 135]
[16, 143]
[12, 16]
[16, 115]
[16, 119]
[16, 33]
[16, 19]
[16, 97]
[16, 94]
[16, 60]
[70, 154]
[70, 93]
[60, 70]
[64, 70]
[70, 101]
[52, 70]
[3, 70]
[70, 84]
[36, 70]
[35, 70]
[30, 70]
[70, 125]
[70, 106]
[70, 122]
[47, 70]
[70, 98]
[70, 86]
[70, 127]
[46, 70]
[70, 146]
[16, 70]
[40, 136]
[39, 136]
[71, 136]
[17, 136]
[12, 136]
[23, 136]
[25, 136]
[22, 136]
[68, 136]
[136, 145]
[135, 136]
[57, 136]
[63, 136]
[136, 156]
[60, 136]
[54, 136]
[45, 136]
[53, 136]
[26, 136]
[100, 136]
[52, 136]
[61, 136]
[136, 151]
[11, 136]
[3, 136]
[35, 136]
[2, 136]
[133, 136]
[104, 136]
[67, 136]
[75, 136]
[51, 136]
[14, 136]
[125, 136]
[106, 136]
[47, 136]
[98, 136]
[86, 136]
[127, 136]
[136, 146]
[16, 136]
[31, 136]
[12, 18]
[26, 151]
[11, 129]
[6, 51]
[51, 129]
[26, 51]
[63, 106]
[25, 106]
[106, 119]
[71, 106]
[44, 106]
[72, 106]
[80, 106]
[55, 106]
[57, 106]
[106, 156]
[106, 154]
[39, 106]
[11, 47]
[47, 151]
[34, 47]
[45, 47]
[6, 47]
[26, 117]
[1, 117]
[67, 145]
[67, 153]
[6, 117]
[39, 117]
[25, 117]
[33, 117]
[11, 67]
[34, 67]
[97, 117]
[22, 117]
[80, 117]
[68, 117]
[117, 132]
[71, 117]
[23, 117]
[12, 117]
[44, 117]
[74, 117]
[40, 117]
[93, 117]
[117, 143]
[37, 117]
[15, 141]
[15, 32]
[78, 117]
[101, 117]
[52, 117]
[3, 117]
[57, 117]
[63, 117]
[117, 129]
[117, 151]
[18, 68]
[18, 40]
[18, 37]
[2, 68]
[26, 98]
[18, 98]
[18, 126]
[57, 67]
[18, 79]
[18, 52]
[18, 54]
[18, 135]
[50, 125]
[50, 110]
[72, 110]
[22, 125]
[17, 125]
[80, 125]
[23, 125]
[93, 125]
[125, 126]
[52, 125]
[26, 125]
[125, 132]
[125, 135]
[101, 125]
[47, 125]
[18, 125]
[86, 126]
[17, 86]
[1, 86]
[13, 86]
[22, 86]
[71, 86]
[7, 86]
[86, 93]
[78, 86]
[16, 48]
[16, 145]
[16, 149]
[45, 125]
[104, 143]
[18, 36]
[6, 18]
[70, 102]
[18, 102]
[84, 125]
[117, 125]
[63, 125]
[3, 18]
[18, 117]
[56, 104]
[97, 104]
[60, 104]
[19, 104]
[53, 104]
[104, 153]
[104, 126]
[10, 104]
[50, 104]
[40, 104]
[26, 104]
[54, 104]
[104, 129]
[104, 135]
[57, 104]
[11, 104]
[30, 104]
[35, 104]
[6, 104]
[18, 104]
[104, 151]
[3, 104]
[104, 117]
[98, 125]
[16, 80]
[16, 37]
[16, 78]
[16, 55]
[16, 52]
[16, 132]
[16, 54]
[37, 76]
[76, 128]
[25, 76]
[76, 138]
[37, 138]
[69, 76]
[76, 156]
[34, 138]
[39, 138]
[22, 138]
[47, 138]
[133, 147]
[79, 133]
[17, 133]
[73, 133]
[85, 133]
[13, 133]
[16, 53]
[10, 16]
[16, 57]
[67, 129]
[16, 36]
[16, 26]
[3, 16]
[16, 102]
[16, 47]
[16, 63]
[6, 16]
[16, 151]
[16, 84]
[16, 35]
[16, 117]
[40, 76]
[12, 76]
[60, 76]
[76, 93]
[14, 135]
[14, 19]
[19, 110]
[73, 110]
[14, 140]
[55, 100]
[3, 100]
[11, 100]
[100, 125]
[85, 110]
[39, 110]
[71, 110]
[23, 110]
[44, 110]
[110, 153]
[78, 110]
[110, 145]
[110, 126]
[86, 156]
[79, 86]
[86, 135]
[64, 86]
[100, 151]
[10, 100]
[2, 101]
[47, 100]
[51, 125]
[51, 98]
[51, 117]
[16, 100]
[16, 51]
[37, 106]
[52, 86]
[36, 86]
[30, 86]
[54, 86]
[86, 129]
[45, 86]
[34, 86]
[18, 86]
[86, 98]
[86, 100]
[86, 117]
[86, 151]
[10, 86]
[2, 132]
[2, 55]
[2, 63]
[106, 126]
[54, 106]
[47, 106]
[6, 106]
[45, 106]
[102, 106]
[64, 106]
[36, 106]
[98, 106]
[106, 117]
[51, 106]
[106, 151]
[100, 106]
[2, 11]
[2, 30]
[2, 84]
[2, 35]
[2, 10]
[2, 102]
[2, 64]
[2, 36]
[2, 98]
[2, 104]
[2, 100]
[26, 75]
[74, 75]
[75, 84]
[10, 75]
[49, 99]
[22, 99]
[96, 99]
[1, 99]
[25, 99]
[87, 99]
[99, 119]
[99, 115]
[99, 100]
[12, 99]
[23, 99]
[99, 153]
[40, 99]
[78, 99]
[99, 156]
[99, 125]
[80, 99]
[51, 99]
[99, 132]
[99, 135]
[99, 154]
[93, 99]
[47, 99]
[34, 99]
[99, 101]
[55, 99]
[3, 99]
[99, 129]
[6, 99]
[45, 99]
[14, 71]
[14, 155]
[6, 14]
[14, 28]
[14, 57]
[14, 16]
[14, 51]
[14, 151]
[14, 50]
[14, 68]
[14, 45]
[14, 80]
[14, 52]
[14, 86]
[14, 74]
[14, 93]
[14, 100]
[14, 34]
[14, 84]
[14, 99]
[36, 99]
[2, 99]
[11, 99]
[26, 99]
[98, 99]
[63, 99]
[74, 99]
[36, 75]
[84, 99]
[2, 75]
[75, 98]
[18, 76]
[76, 143]
[57, 76]
[54, 76]
[76, 133]
[126, 133]
[60, 133]
[133, 156]
[44, 133]
[78, 133]
[125, 133]
[117, 133]
[53, 133]
[40, 133]
[37, 133]
[101, 133]
[49, 133]
[132, 133]
[54, 133]
[3, 133]
[30, 133]
[106, 133]
[102, 133]
[104, 133]
[64, 133]
[71, 133]
[57, 133]
[68, 133]
[52, 133]
[86, 133]
[80, 133]
[129, 133]
[6, 133]
[99, 133]
[2, 133]
[133, 138]
[59, 133]
[10, 76]
[76, 106]
[76, 102]
[76, 104]
[76, 155]
[28, 76]
[52, 76]
[76, 86]
[26, 76]
[76, 129]
[63, 76]
[76, 99]
[2, 76]
[14, 138]
[126, 138]
[23, 138]
[12, 138]
[40, 138]
[101, 138]
[132, 138]
[35, 138]
[3, 138]
[16, 138]
[35, 59]
[47, 59]
[49, 59]
[40, 59]
[59, 79]
[53, 59]
[59, 126]
[37, 59]
[59, 101]
[55, 59]
[59, 147]
[59, 132]
[3, 59]
[50, 59]
[59, 68]
[59, 80]
[11, 59]
[59, 143]
[18, 59]
[54, 59]
[10, 59]
[45, 59]
[52, 59]
[59, 86]
[26, 59]
[59, 129]
[36, 59]
[59, 84]
[59, 76]
[138, 151]
[80, 138]
[11, 138]
[106, 138]
[52, 138]
[86, 138]
[100, 138]
[129, 138]
[99, 138]
[46, 76]
[46, 55]
[46, 60]
[46, 156]
[46, 106]
[46, 50]
[46, 153]
[25, 46]
[46, 154]
[46, 135]
[46, 101]
[46, 49]
[16, 46]
[46, 151]
[46, 51]
[46, 102]
[46, 104]
[46, 100]
[34, 46]
[46, 93]
[36, 46]
[46, 99]
[2, 46]
[46, 138]
[46, 59]
[110, 143]
[35, 110]
[47, 110]
[110, 117]
[40, 110]
[14, 110]
[3, 110]
[18, 110]
[10, 110]
[6, 110]
[45, 110]
[57, 110]
[26, 110]
[55, 110]
[16, 110]
[110, 151]
[84, 110]
[51, 110]
[106, 110]
[93, 110]
[36, 110]
[99, 110]
[2, 110]
[76, 110]
[19, 146]
[22, 146]
[25, 146]
[1, 146]
[67, 125]
[67, 86]
[67, 104]
[67, 117]
[67, 138]
[14, 67]
[16, 67]
[67, 151]
[51, 67]
[2, 67]
[67, 76]
[67, 98]
[67, 75]
[85, 146]
[115, 146]
[96, 146]
[56, 146]
[97, 146]
[39, 146]
[28, 146]
[17, 146]
[12, 146]
[23, 146]
[78, 146]
[37, 146]
[146, 147]
[132, 146]
[64, 146]
[11, 146]
[54, 146]
[146, 155]
[52, 146]
[60, 146]
[146, 153]
[146, 154]
[49, 146]
[34, 146]
[35, 146]
[3, 146]
[10, 146]
[26, 146]
[46, 146]
[93, 146]
[36, 146]
[99, 146]
[80, 146]
[18, 122]
[25, 122]
[64, 122]
[56, 122]
[85, 122]
[73, 122]
[40, 122]
[44, 122]
[96, 122]
[12, 122]
[71, 122]
[52, 122]
[49, 122]
[122, 133]
[122, 143]
[10, 122]
[6, 122]
[57, 122]
[86, 122]
[45, 122]
[26, 122]
[84, 122]
[93, 122]
[36, 122]
[76, 146]
[15, 76]
[122, 126]
[110, 122]
[80, 122]
[102, 146]
[122, 125]
[15, 126]
[15, 108]
[15, 94]
[15, 111]
[15, 159]
[1, 15]
[15, 53]
[4, 15]
[15, 21]
[15, 128]
[15, 139]
[15, 38]
[15, 137]
[15, 142]
[15, 81]
[15, 36]
[15, 100]
[15, 88]
[15, 66]
[15, 109]
[15, 82]
[15, 43]
[0, 15]
[15, 87]
[15, 90]
[15, 152]
[13, 15]
[15, 118]
[15, 33]
[15, 39]
[15, 113]
[15, 140]
[8, 15]
[15, 136]
[15, 105]
[15, 78]
[15, 70]
[15, 37]
[15, 30]
[11, 15]
[15, 52]
[15, 60]
[15, 153]
[15, 135]
[15, 49]
[15, 34]
[15, 40]
[15, 35]
[10, 15]
[15, 57]
[15, 59]
[15, 84]
[15, 110]
[14, 122]
[14, 15]
[14, 127]
[104, 122]
[117, 146]
[15, 102]
[15, 146]
[15, 104]
[15, 117]
[1, 127]
[127, 128]
[85, 127]
[96, 127]
[33, 127]
[39, 127]
[12, 127]
[23, 127]
[51, 146]
[51, 122]
[51, 127]
[51, 61]
[146, 151]
[61, 68]
[23, 61]
[33, 61]
[17, 61]
[37, 61]
[19, 61]
[61, 132]
[52, 61]
[25, 61]
[61, 154]
[61, 135]
[6, 61]
[45, 61]
[46, 61]
[55, 61]
[50, 61]
[36, 61]
[61, 99]
[61, 101]
[61, 110]
[61, 151]
[46, 74]
[74, 138]
[74, 146]
[61, 74]
[122, 151]
[2, 146]
[2, 61]
[2, 122]
[74, 76]
[98, 133]
[59, 98]
[46, 98]
[98, 110]
[98, 138]
[98, 146]
[61, 98]
[31, 67]
[98, 122]
[76, 98]
[61, 75]
[75, 122]
[19, 31]
[31, 96]
[31, 128]
[31, 69]
[31, 53]
[31, 70]
[31, 140]
[31, 119]
[31, 39]
[31, 145]
[12, 31]
[2, 31]
[31, 147]
[31, 132]
[30, 31]
[31, 64]
[31, 71]
[31, 54]
[31, 155]
[28, 31]
[31, 63]
[31, 60]
[31, 153]
[31, 154]
[31, 135]
[15, 61]
[15, 151]
[15, 75]
[15, 16]
[2, 15]
[26, 31]
[6, 31]
[3, 31]
[31, 75]
[31, 40]
[31, 45]
[31, 143]
[31, 55]
[31, 106]
[31, 101]
[31, 125]
[31, 100]
[31, 102]
[31, 49]
[31, 104]
[31, 51]
[31, 74]
[31, 117]
[31, 59]
[31, 36]
[31, 133]
[31, 110]
[31, 151]
[16, 31]
[31, 98]
[15, 31]
[19, 127]
[78, 127]
[93, 127]
[22, 127]
[79, 127]
[25, 127]
[18, 127]
[86, 127]
[127, 129]
[64, 127]
[37, 127]
[34, 127]
[122, 127]
[127, 135]
[127, 138]
[60, 127]
[127, 143]
[55, 127]
[106, 127]
[101, 127]
[125, 127]
[100, 127]
[127, 153]
[40, 127]
[52, 127]
[102, 127]
[49, 127]
[54, 127]
[74, 127]
[117, 127]
[59, 127]
[36, 127]
[127, 133]
[61, 127]
[75, 127]
[98, 127]
[15, 127]
