[0, 1, 6, 12]
[0, 3, 6, 12]
[0, 6, 12, 13]
[0, 3, 12, 13]
[0, 3, 6, 13]
[0, 3, 7, 12]
[0, 1, 7, 12]
[0, 1, 6, 14]
[3, 4, 9, 11]
[3, 9, 11, 17]
[1, 5, 7, 16]
[2, 5, 7, 16]
[1, 4, 7, 16]
[2, 11, 16, 19]
[2, 4, 7, 16]
[1, 5, 8, 18]
[4, 8, 11, 14]
[1, 4, 8, 14]
[1, 4, 8, 18]
[4, 13, 15, 18]
[0, 6, 13, 14]
[0, 1, 6, 16]
[0, 6, 12, 14]
[0, 6, 12, 16]
[3, 6, 9, 17]
[3, 6, 9, 13]
[1, 6, 8, 14]
[1, 6, 12, 14]
[3, 6, 12, 13]
[1, 6, 12, 16]
[6, 12, 13, 14]
[0, 1, 12, 14]
[0, 12, 13, 14]
[0, 12, 13, 15]
[0, 1, 12, 16]
[0, 7, 12, 16]
[0, 1, 7, 16]
[2, 12, 13, 15]
[2, 4, 13, 15]
[4, 12, 13, 15]
[4, 12, 13, 14]
[3, 4, 12, 13]
[3, 4, 9, 13]
[2, 4, 12, 13]
[1, 4, 12, 16]
[1, 4, 12, 14]
[2, 12, 13, 14]
[2, 12, 13, 19]
[2, 3, 12, 13]
[2, 4, 13, 14]
[2, 3, 4, 13]
[1, 7, 12, 16]
[1, 4, 7, 12]
[4, 7, 12, 16]
[3, 4, 7, 12]
[2, 4, 11, 15]
[2, 4, 11, 14]
[2, 3, 4, 11]
[2, 3, 4, 7]
[2, 7, 12, 16]
[2, 12, 16, 19]
[2, 4, 12, 16]
[2, 3, 7, 12]
[2, 4, 7, 12]
[2, 3, 4, 12]
[2, 4, 12, 15]
[2, 4, 11, 16]
[2, 4, 12, 14]
