[14, 15]
[3, 15]
[3, 16]
[2, 16]
[6, 16]
[8, 16]
[4, 5]
[2, 5]
[1, 4]
[2, 6]
[3, 6]
[1, 15]
[4, 15]
[6, 15]
[9, 14]
[6, 14]
[15, 47]
[5, 47]
[4, 47]
[2, 47]
[6, 47]
[7, 47]
[8, 47]
[13, 47]
[14, 47]
[19, 47]
[20, 47]
[23, 47]
[24, 47]
[25, 47]
[26, 47]
[27, 47]
[29, 47]
[34, 47]
[36, 47]
[37, 47]
[44, 47]
[9, 23]
[4, 23]
[1, 23]
[14, 23]
[6, 23]
[6, 7]
[3, 7]
[4, 8]
[2, 8]
[20, 48]
[16, 20]
[5, 20]
[3, 20]
[6, 20]
[7, 8]
[8, 19]
[5, 19]
[5, 17]
[3, 17]
[5, 7]
[17, 59]
[17, 103]
[24, 103]
[13, 24]
[13, 71]
[12, 71]
[15, 57]
[15, 51]
[15, 33]
[15, 42]
[15, 39]
[15, 29]
[15, 50]
[15, 58]
[15, 38]
[15, 45]
[15, 103]
[15, 88]
[15, 86]
[15, 97]
[15, 95]
[15, 62]
[15, 84]
[15, 81]
[15, 80]
[15, 78]
[15, 73]
[15, 92]
[15, 68]
[15, 67]
[15, 54]
[15, 63]
[15, 44]
[15, 99]
[15, 87]
[15, 49]
[15, 60]
[6, 102]
[2, 102]
[1, 102]
[12, 102]
[42, 102]
[40, 102]
[39, 102]
[43, 102]
[50, 102]
[51, 102]
[58, 102]
[66, 102]
[88, 102]
[97, 102]
[95, 102]
[96, 102]
[62, 102]
[84, 102]
[13, 45]
[12, 45]
[28, 45]
[47, 102]
[47, 58]
[47, 51]
[47, 50]
[47, 62]
[47, 61]
[47, 56]
[47, 55]
[47, 103]
[47, 93]
[47, 81]
[47, 84]
[47, 69]
[47, 87]
[47, 104]
[47, 77]
[47, 74]
[47, 70]
[47, 63]
[47, 67]
[47, 75]
[47, 71]
[47, 101]
[47, 65]
[47, 73]
[47, 90]
[47, 49]
[47, 79]
[30, 45]
[40, 45]
[43, 45]
[39, 45]
[35, 45]
[13, 30]
[2, 30]
[14, 30]
[14, 18]
[14, 33]
[14, 24]
[14, 27]
[14, 21]
[14, 29]
[14, 43]
[14, 35]
[14, 76]
[14, 54]
[14, 48]
[14, 68]
[14, 99]
[14, 60]
[14, 32]
[14, 31]
[14, 53]
[14, 52]
[14, 89]
[16, 27]
[18, 27]
[18, 77]
[12, 77]
[1, 77]
[30, 77]
[35, 77]
[29, 77]
[45, 77]
[57, 77]
[66, 77]
[77, 80]
[48, 77]
[77, 100]
[77, 78]
[68, 77]
[77, 86]
[60, 77]
[15, 77]
[16, 77]
[0, 77]
[32, 77]
[31, 77]
[77, 91]
[3, 77]
[77, 83]
[62, 77]
[56, 77]
[61, 77]
[77, 93]
[20, 77]
[59, 77]
[17, 77]
[51, 77]
[7, 77]
[19, 77]
[55, 77]
[12, 27]
[6, 27]
[2, 27]
[9, 27]
[27, 39]
[27, 35]
[27, 29]
[27, 38]
[27, 45]
[27, 98]
[27, 57]
[27, 85]
[27, 96]
[27, 76]
[27, 82]
[27, 92]
[27, 54]
[27, 80]
[27, 95]
[27, 48]
[27, 100]
[27, 68]
[27, 86]
[27, 99]
[27, 60]
[6, 21]
[13, 21]
[16, 76]
[1, 21]
[13, 48]
[2, 48]
[16, 18]
[16, 33]
[16, 30]
[15, 17]
[17, 100]
[2, 100]
[1, 100]
[13, 100]
[6, 100]
[12, 100]
[33, 100]
[42, 100]
[28, 100]
[40, 100]
[43, 100]
[39, 100]
[38, 100]
[98, 100]
[66, 100]
[96, 100]
[76, 100]
[92, 100]
[88, 100]
[94, 100]
[95, 100]
[13, 82]
[6, 82]
[12, 82]
[18, 82]
[33, 82]
[30, 82]
[9, 82]
[39, 82]
[35, 82]
[29, 82]
[38, 82]
[82, 98]
[66, 82]
[82, 85]
[76, 82]
[2, 11]
[11, 13]
[6, 11]
[48, 49]
[16, 48]
[16, 35]
[18, 44]
[13, 44]
[2, 44]
[6, 44]
[11, 104]
[20, 104]
[12, 104]
[2, 104]
[1, 104]
[33, 104]
[30, 104]
[28, 104]
[9, 104]
[40, 104]
[43, 104]
[39, 104]
[29, 104]
[98, 104]
[96, 104]
[76, 104]
[64, 104]
[88, 104]
[80, 104]
[94, 104]
[95, 104]
[72, 104]
[48, 104]
[97, 104]
[78, 104]
[68, 104]
[86, 104]
[21, 104]
[99, 104]
[60, 104]
[15, 104]
[0, 104]
[46, 104]
[52, 104]
[91, 104]
[10, 104]
[58, 104]
[50, 104]
[62, 104]
[56, 104]
[61, 104]
[5, 104]
[51, 104]
[7, 104]
[55, 104]
[69, 104]
[84, 104]
[8, 92]
[8, 12]
[2, 65]
[6, 65]
[14, 65]
[4, 65]
[81, 92]
[4, 81]
[16, 59]
[4, 59]
[2, 59]
[16, 45]
[54, 59]
[54, 93]
[13, 93]
[13, 29]
[13, 40]
[13, 85]
[13, 28]
[13, 42]
[13, 33]
[13, 35]
[13, 37]
[13, 63]
[12, 13]
[1, 13]
[13, 74]
[3, 13]
[13, 96]
[13, 84]
[13, 51]
[10, 13]
[13, 69]
[13, 87]
[13, 25]
[13, 70]
[13, 90]
[13, 78]
[13, 66]
[7, 13]
[13, 57]
[13, 94]
[13, 61]
[13, 89]
[13, 32]
[13, 36]
[13, 41]
[13, 53]
[13, 31]
[13, 23]
[13, 67]
[13, 86]
[13, 97]
[6, 40]
[6, 38]
[6, 92]
[38, 46]
[6, 46]
[15, 46]
[11, 46]
[16, 103]
[27, 103]
[46, 102]
[16, 46]
[46, 56]
[2, 46]
[46, 64]
[46, 82]
[40, 46]
[17, 46]
[21, 46]
[46, 62]
[46, 48]
[46, 98]
[46, 80]
[46, 54]
[0, 46]
[5, 46]
[46, 72]
[46, 88]
[46, 50]
[46, 59]
[46, 93]
[35, 46]
[1, 46]
[3, 46]
[46, 84]
[45, 46]
[46, 69]
[46, 87]
[46, 90]
[46, 78]
[46, 74]
[46, 57]
[46, 61]
[46, 65]
[46, 71]
[46, 83]
[46, 89]
[32, 46]
[41, 46]
[22, 46]
[31, 46]
[46, 101]
[46, 100]
[46, 97]
[44, 46]
[19, 46]
[46, 52]
[46, 91]
[4, 46]
[46, 79]
[42, 92]
[38, 92]
[38, 95]
[92, 95]
[18, 92]
[65, 77]
[18, 42]
[18, 95]
[45, 48]
[30, 42]
[30, 95]
[6, 30]
[6, 18]
[18, 56]
[18, 28]
[28, 50]
[14, 50]
[6, 50]
[16, 50]
[18, 40]
[50, 64]
[29, 50]
[18, 29]
[33, 50]
[30, 50]
[18, 33]
[50, 81]
[50, 55]
[18, 30]
[50, 72]
[50, 68]
[18, 21]
[50, 93]
[35, 50]
[50, 92]
[18, 98]
[50, 95]
[50, 73]
[50, 82]
[18, 76]
[18, 55]
[18, 88]
[18, 93]
[21, 30]
[28, 30]
[9, 30]
[48, 93]
[29, 48]
[40, 48]
[43, 48]
[39, 48]
[48, 73]
[6, 48]
[48, 64]
[48, 85]
[48, 92]
[21, 48]
[35, 48]
[1, 48]
[5, 48]
[48, 72]
[48, 68]
[48, 59]
[48, 82]
[48, 103]
[48, 62]
[27, 102]
[16, 102]
[64, 102]
[85, 102]
[92, 102]
[9, 43]
[38, 43]
[42, 43]
[38, 49]
[14, 49]
[2, 49]
[39, 49]
[14, 17]
[17, 42]
[2, 17]
[9, 17]
[17, 92]
[17, 102]
[17, 29]
[17, 33]
[17, 30]
[17, 21]
[17, 93]
[17, 24]
[9, 12]
[38, 39]
[39, 43]
[20, 50]
[50, 103]
[50, 62]
[48, 50]
[50, 80]
[50, 54]
[2, 38]
[2, 42]
[2, 95]
[39, 73]
[42, 73]
[8, 42]
[8, 43]
[6, 93]
[40, 93]
[21, 58]
[9, 21]
[21, 43]
[0, 20]
[0, 38]
[38, 83]
[42, 83]
[42, 58]
[2, 58]
[39, 58]
[58, 73]
[27, 58]
[58, 64]
[58, 85]
[17, 58]
[58, 95]
[58, 92]
[28, 58]
[33, 58]
[30, 58]
[58, 81]
[5, 58]
[58, 72]
[48, 58]
[58, 63]
[58, 96]
[45, 58]
[49, 58]
[8, 39]
[8, 64]
[8, 85]
[8, 102]
[8, 56]
[8, 29]
[8, 21]
[8, 55]
[8, 88]
[8, 80]
[8, 95]
[8, 66]
[8, 33]
[8, 30]
[43, 73]
[20, 43]
[20, 42]
[20, 27]
[36, 42]
[36, 73]
[16, 73]
[16, 64]
[45, 76]
[28, 92]
[28, 85]
[3, 28]
[3, 18]
[1, 18]
[11, 43]
[8, 11]
[5, 40]
[5, 42]
[9, 103]
[8, 45]
[24, 45]
[5, 45]
[45, 81]
[45, 55]
[45, 88]
[45, 50]
[7, 45]
[45, 72]
[4, 45]
[45, 59]
[45, 54]
[0, 45]
[45, 80]
[45, 51]
[45, 98]
[39, 40]
[50, 63]
[50, 57]
[50, 53]
[20, 38]
[20, 73]
[79, 100]
[16, 56]
[6, 49]
[49, 95]
[6, 43]
[8, 100]
[5, 100]
[21, 100]
[100, 103]
[59, 100]
[50, 100]
[4, 100]
[19, 100]
[71, 100]
[67, 100]
[68, 100]
[60, 100]
[34, 100]
[52, 100]
[91, 100]
[10, 100]
[62, 100]
[58, 100]
[44, 100]
[75, 100]
[37, 100]
[14, 37]
[37, 39]
[37, 40]
[17, 37]
[37, 64]
[37, 102]
[18, 37]
[24, 37]
[35, 37]
[37, 55]
[37, 72]
[0, 37]
[28, 37]
[11, 37]
[37, 81]
[37, 63]
[37, 54]
[37, 80]
[37, 51]
[37, 83]
[25, 37]
[23, 37]
[37, 95]
[33, 37]
[37, 76]
[37, 88]
[1, 37]
[12, 37]
[37, 84]
[37, 65]
[37, 70]
[37, 89]
[37, 87]
[26, 37]
[37, 96]
[37, 94]
[21, 37]
[37, 50]
[4, 37]
[37, 68]
[37, 60]
[34, 37]
[37, 58]
[37, 71]
[37, 91]
[10, 37]
[10, 38]
[10, 43]
[10, 40]
[10, 73]
[10, 85]
[10, 17]
[10, 64]
[10, 48]
[10, 29]
[10, 18]
[10, 93]
[10, 24]
[10, 35]
[0, 10]
[10, 82]
[10, 57]
[10, 63]
[10, 45]
[7, 10]
[10, 36]
[10, 83]
[10, 23]
[10, 95]
[10, 98]
[10, 12]
[10, 32]
[10, 31]
[3, 10]
[10, 84]
[10, 69]
[10, 26]
[10, 96]
[5, 10]
[10, 94]
[8, 10]
[10, 103]
[10, 59]
[10, 19]
[10, 68]
[10, 60]
[10, 34]
[10, 62]
[10, 71]
[10, 52]
[10, 91]
[14, 91]
[15, 91]
[38, 91]
[13, 91]
[27, 91]
[40, 91]
[9, 91]
[85, 91]
[17, 91]
[64, 91]
[48, 91]
[20, 91]
[56, 91]
[91, 93]
[30, 91]
[72, 91]
[0, 91]
[82, 91]
[45, 91]
[80, 91]
[36, 91]
[41, 91]
[91, 101]
[74, 91]
[23, 91]
[91, 92]
[76, 91]
[88, 91]
[1, 91]
[12, 91]
[31, 91]
[84, 91]
[89, 91]
[87, 91]
[78, 91]
[61, 91]
[26, 91]
[5, 91]
[91, 94]
[8, 91]
[59, 91]
[50, 91]
[60, 91]
[34, 91]
[58, 91]
[44, 91]
[67, 91]
[52, 91]
[15, 52]
[16, 52]
[2, 52]
[38, 52]
[13, 52]
[27, 52]
[40, 52]
[6, 52]
[52, 73]
[52, 85]
[17, 52]
[52, 64]
[48, 52]
[20, 52]
[52, 56]
[30, 52]
[24, 52]
[35, 52]
[52, 55]
[52, 82]
[52, 53]
[28, 52]
[52, 54]
[52, 80]
[7, 52]
[51, 52]
[41, 52]
[52, 101]
[23, 52]
[52, 92]
[33, 52]
[52, 88]
[1, 52]
[12, 52]
[32, 52]
[31, 52]
[52, 84]
[52, 87]
[22, 52]
[52, 90]
[52, 94]
[8, 52]
[52, 103]
[52, 59]
[19, 52]
[52, 60]
[52, 62]
[52, 58]
[58, 82]
[58, 101]
[58, 98]
[1, 58]
[3, 58]
[58, 84]
[58, 65]
[58, 69]
[58, 70]
[58, 87]
[58, 90]
[58, 94]
[58, 68]
[34, 58]
[58, 62]
[2, 62]
[42, 62]
[43, 62]
[9, 62]
[62, 85]
[62, 64]
[56, 62]
[18, 62]
[24, 62]
[55, 62]
[57, 62]
[51, 62]
[62, 76]
[62, 88]
[30, 62]
[62, 81]
[33, 62]
[62, 72]
[21, 62]
[12, 62]
[1, 62]
[62, 82]
[61, 62]
[62, 93]
[62, 65]
[62, 71]
[62, 97]
[11, 62]
[32, 62]
[62, 68]
[62, 74]
[62, 94]
[54, 62]
[3, 62]
[34, 62]
[62, 75]
[62, 90]
[26, 62]
[7, 62]
[62, 86]
[62, 70]
[14, 70]
[42, 70]
[39, 70]
[40, 70]
[6, 70]
[9, 70]
[70, 73]
[28, 70]
[16, 70]
[56, 70]
[18, 70]
[55, 70]
[70, 88]
[70, 104]
[17, 70]
[70, 95]
[70, 102]
[0, 70]
[5, 70]
[70, 92]
[49, 70]
[60, 70]
[30, 70]
[41, 70]
[23, 70]
[70, 80]
[70, 89]
[70, 101]
[22, 70]
[51, 70]
[4, 70]
[70, 78]
[64, 70]
[70, 72]
[50, 70]
[12, 70]
[70, 93]
[65, 70]
[70, 71]
[70, 94]
[48, 70]
[70, 75]
[70, 90]
[2, 90]
[77, 90]
[42, 90]
[40, 90]
[6, 90]
[20, 90]
[35, 90]
[28, 90]
[16, 90]
[27, 90]
[85, 90]
[56, 90]
[18, 90]
[24, 90]
[55, 90]
[88, 90]
[90, 104]
[59, 90]
[90, 95]
[90, 102]
[0, 90]
[36, 90]
[5, 90]
[90, 92]
[8, 90]
[66, 90]
[90, 98]
[41, 90]
[25, 90]
[23, 90]
[80, 90]
[89, 90]
[57, 90]
[51, 90]
[33, 90]
[69, 90]
[31, 90]
[81, 90]
[72, 90]
[50, 90]
[12, 90]
[82, 90]
[65, 90]
[71, 90]
[68, 90]
[74, 90]
[90, 94]
[48, 90]
[3, 90]
[34, 90]
[90, 97]
[7, 90]
[90, 99]
[75, 90]
[2, 75]
[39, 75]
[6, 75]
[9, 75]
[28, 75]
[55, 75]
[75, 76]
[75, 104]
[59, 75]
[17, 75]
[36, 75]
[75, 92]
[63, 75]
[12, 18]
[18, 89]
[18, 71]
[18, 65]
[18, 97]
[18, 61]
[18, 26]
[11, 18]
[4, 18]
[18, 87]
[18, 99]
[18, 68]
[18, 84]
[18, 94]
[18, 103]
[7, 18]
[18, 22]
[18, 78]
[42, 51]
[38, 51]
[43, 92]
[14, 55]
[38, 55]
[16, 55]
[9, 55]
[28, 55]
[2, 55]
[88, 92]
[38, 88]
[21, 92]
[43, 88]
[1, 9]
[49, 81]
[79, 102]
[42, 79]
[62, 79]
[77, 79]
[79, 104]
[16, 79]
[17, 79]
[10, 79]
[79, 92]
[48, 79]
[43, 79]
[55, 79]
[79, 88]
[1, 79]
[40, 79]
[79, 85]
[29, 79]
[42, 81]
[2, 81]
[81, 99]
[99, 100]
[38, 101]
[15, 101]
[43, 81]
[14, 101]
[12, 42]
[12, 38]
[2, 12]
[16, 101]
[1, 38]
[33, 86]
[33, 42]
[33, 38]
[28, 33]
[2, 33]
[33, 43]
[33, 55]
[33, 88]
[33, 76]
[33, 81]
[33, 40]
[33, 85]
[33, 101]
[33, 63]
[33, 41]
[33, 57]
[33, 34]
[3, 33]
[33, 66]
[33, 39]
[33, 56]
[33, 73]
[33, 53]
[19, 33]
[33, 51]
[23, 33]
[31, 33]
[12, 33]
[33, 71]
[33, 65]
[33, 97]
[33, 99]
[33, 98]
[33, 68]
[33, 84]
[33, 94]
[33, 103]
[7, 33]
[22, 33]
[30, 33]
[33, 35]
[33, 72]
[24, 33]
[6, 33]
[1, 42]
[1, 28]
[1, 88]
[18, 69]
[20, 55]
[9, 76]
[9, 36]
[27, 36]
[13, 99]
[17, 101]
[28, 101]
[45, 101]
[48, 101]
[55, 101]
[88, 101]
[40, 101]
[55, 81]
[81, 88]
[16, 99]
[1, 81]
[42, 76]
[38, 76]
[28, 76]
[2, 76]
[55, 76]
[76, 88]
[1, 76]
[42, 96]
[19, 42]
[14, 19]
[16, 96]
[2, 96]
[15, 19]
[38, 59]
[1, 92]
[76, 92]
[92, 96]
[85, 92]
[29, 92]
[63, 92]
[41, 92]
[49, 92]
[3, 92]
[39, 92]
[64, 92]
[28, 44]
[9, 44]
[17, 44]
[44, 45]
[44, 58]
[40, 44]
[29, 44]
[44, 63]
[41, 44]
[44, 88]
[44, 85]
[44, 101]
[21, 44]
[44, 57]
[76, 96]
[2, 40]
[40, 43]
[5, 85]
[5, 76]
[5, 27]
[5, 92]
[5, 63]
[5, 41]
[5, 88]
[5, 57]
[5, 44]
[5, 64]
[5, 59]
[5, 36]
[5, 83]
[5, 60]
[3, 96]
[29, 96]
[3, 50]
[29, 42]
[29, 38]
[29, 43]
[29, 55]
[3, 45]
[9, 29]
[3, 48]
[3, 38]
[3, 79]
[29, 76]
[40, 42]
[40, 81]
[1, 40]
[40, 55]
[41, 42]
[15, 41]
[52, 99]
[8, 41]
[8, 99]
[40, 41]
[41, 48]
[41, 81]
[9, 41]
[17, 41]
[28, 41]
[41, 55]
[2, 41]
[29, 41]
[8, 101]
[41, 101]
[38, 98]
[40, 98]
[42, 98]
[81, 98]
[28, 98]
[92, 98]
[1, 98]
[55, 98]
[96, 98]
[44, 98]
[29, 98]
[41, 98]
[98, 101]
[66, 98]
[39, 98]
[98, 102]
[53, 98]
[19, 98]
[3, 98]
[5, 98]
[63, 98]
[88, 98]
[85, 98]
[34, 98]
[56, 98]
[73, 98]
[31, 98]
[89, 98]
[11, 98]
[17, 49]
[1, 49]
[49, 55]
[44, 49]
[41, 49]
[10, 66]
[16, 66]
[66, 91]
[52, 66]
[48, 66]
[43, 66]
[28, 66]
[66, 76]
[66, 96]
[1, 66]
[2, 66]
[44, 66]
[41, 66]
[49, 66]
[29, 39]
[1, 39]
[39, 55]
[39, 41]
[39, 66]
[29, 53]
[28, 53]
[15, 53]
[40, 53]
[23, 103]
[17, 23]
[17, 53]
[27, 53]
[38, 53]
[48, 53]
[43, 53]
[53, 79]
[3, 40]
[53, 76]
[19, 38]
[19, 27]
[19, 76]
[19, 96]
[19, 29]
[1, 19]
[19, 55]
[19, 44]
[19, 92]
[19, 41]
[19, 49]
[53, 101]
[2, 53]
[53, 81]
[1, 53]
[53, 55]
[44, 53]
[41, 53]
[81, 93]
[42, 93]
[38, 93]
[43, 93]
[93, 96]
[29, 93]
[1, 93]
[55, 93]
[92, 93]
[41, 93]
[49, 93]
[66, 93]
[3, 39]
[3, 66]
[3, 19]
[19, 57]
[28, 57]
[16, 57]
[40, 57]
[20, 63]
[48, 57]
[20, 88]
[57, 79]
[20, 21]
[57, 76]
[20, 51]
[29, 57]
[20, 85]
[2, 57]
[20, 59]
[57, 81]
[20, 36]
[1, 57]
[49, 57]
[39, 57]
[38, 64]
[40, 64]
[42, 64]
[9, 64]
[64, 79]
[42, 54]
[35, 49]
[11, 57]
[11, 44]
[11, 101]
[11, 79]
[11, 81]
[11, 41]
[11, 66]
[11, 53]
[11, 93]
[11, 64]
[11, 60]
[11, 63]
[11, 88]
[11, 59]
[11, 36]
[11, 74]
[4, 11]
[11, 86]
[11, 23]
[11, 31]
[32, 101]
[32, 42]
[66, 95]
[64, 66]
[21, 66]
[34, 66]
[66, 86]
[56, 66]
[66, 80]
[61, 66]
[24, 66]
[66, 84]
[66, 103]
[30, 66]
[66, 71]
[65, 66]
[22, 66]
[79, 95]
[40, 95]
[21, 96]
[21, 79]
[21, 101]
[21, 95]
[21, 93]
[21, 88]
[21, 85]
[21, 75]
[12, 21]
[21, 97]
[49, 63]
[42, 63]
[27, 63]
[9, 63]
[48, 63]
[43, 63]
[8, 63]
[17, 63]
[55, 63]
[63, 79]
[57, 63]
[1, 63]
[41, 63]
[29, 88]
[57, 88]
[41, 88]
[9, 85]
[9, 71]
[58, 71]
[58, 99]
[50, 99]
[42, 85]
[55, 85]
[29, 85]
[1, 85]
[39, 85]
[49, 85]
[53, 63]
[53, 88]
[19, 63]
[19, 88]
[3, 63]
[3, 85]
[28, 60]
[28, 99]
[43, 99]
[43, 60]
[16, 60]
[9, 60]
[2, 99]
[45, 60]
[60, 76]
[17, 60]
[2, 60]
[40, 60]
[60, 96]
[8, 60]
[57, 60]
[60, 63]
[60, 85]
[3, 60]
[19, 51]
[28, 51]
[9, 51]
[51, 76]
[2, 51]
[51, 79]
[1, 51]
[39, 51]
[49, 51]
[41, 51]
[51, 63]
[51, 88]
[51, 60]
[4, 38]
[4, 42]
[4, 17]
[4, 48]
[4, 50]
[4, 43]
[4, 39]
[4, 41]
[4, 53]
[4, 63]
[4, 88]
[4, 85]
[4, 51]
[15, 32]
[5, 95]
[55, 95]
[1, 95]
[81, 95]
[19, 95]
[59, 95]
[9, 59]
[60, 95]
[41, 95]
[4, 93]
[63, 93]
[51, 93]
[53, 95]
[44, 95]
[101, 102]
[41, 102]
[85, 95]
[32, 79]
[32, 45]
[32, 43]
[2, 32]
[9, 32]
[28, 32]
[29, 32]
[32, 81]
[32, 57]
[32, 76]
[44, 102]
[32, 92]
[8, 82]
[32, 39]
[32, 53]
[20, 32]
[11, 26]
[15, 26]
[26, 38]
[29, 30]
[30, 55]
[30, 57]
[3, 30]
[30, 49]
[30, 60]
[30, 39]
[30, 79]
[30, 93]
[20, 30]
[26, 30]
[30, 69]
[30, 35]
[30, 75]
[30, 61]
[6, 19]
[6, 51]
[6, 53]
[15, 34]
[13, 34]
[34, 42]
[16, 34]
[34, 48]
[34, 50]
[8, 34]
[34, 43]
[9, 34]
[28, 34]
[34, 40]
[34, 76]
[34, 81]
[5, 34]
[4, 34]
[34, 85]
[34, 51]
[3, 34]
[20, 34]
[26, 48]
[17, 26]
[26, 43]
[9, 26]
[26, 96]
[26, 76]
[26, 63]
[26, 81]
[4, 26]
[26, 85]
[26, 34]
[26, 51]
[26, 79]
[11, 75]
[75, 91]
[45, 71]
[28, 71]
[30, 71]
[30, 41]
[30, 88]
[25, 30]
[6, 39]
[34, 95]
[6, 95]
[6, 60]
[34, 41]
[35, 76]
[35, 92]
[28, 35]
[1, 35]
[35, 95]
[35, 63]
[35, 81]
[5, 35]
[29, 35]
[35, 93]
[11, 35]
[2, 35]
[35, 53]
[6, 35]
[34, 88]
[26, 88]
[26, 60]
[3, 26]
[26, 35]
[45, 75]
[58, 75]
[3, 75]
[48, 75]
[4, 75]
[57, 75]
[60, 75]
[16, 69]
[27, 69]
[50, 69]
[42, 69]
[17, 69]
[40, 69]
[69, 96]
[1, 69]
[20, 69]
[69, 81]
[19, 72]
[5, 69]
[19, 69]
[51, 69]
[69, 79]
[53, 69]
[34, 69]
[48, 69]
[4, 69]
[57, 69]
[6, 69]
[41, 69]
[69, 88]
[26, 69]
[6, 98]
[69, 98]
[34, 44]
[35, 44]
[26, 44]
[3, 69]
[49, 69]
[15, 23]
[23, 38]
[8, 23]
[23, 42]
[23, 96]
[23, 79]
[23, 85]
[23, 48]
[23, 66]
[23, 53]
[23, 60]
[23, 95]
[20, 23]
[23, 88]
[23, 49]
[23, 44]
[23, 102]
[32, 41]
[26, 32]
[32, 85]
[32, 88]
[32, 35]
[12, 32]
[12, 81]
[12, 55]
[12, 29]
[12, 19]
[12, 101]
[4, 12]
[12, 57]
[1, 12]
[12, 79]
[12, 95]
[11, 12]
[12, 41]
[12, 49]
[12, 60]
[12, 26]
[12, 85]
[12, 88]
[12, 56]
[12, 25]
[12, 36]
[12, 73]
[12, 24]
[0, 12]
[12, 67]
[12, 72]
[12, 74]
[12, 44]
[36, 44]
[44, 56]
[25, 44]
[44, 78]
[44, 73]
[44, 103]
[0, 44]
[7, 44]
[44, 67]
[44, 74]
[44, 54]
[43, 54]
[51, 54]
[28, 54]
[39, 54]
[2, 54]
[48, 54]
[3, 54]
[53, 54]
[5, 54]
[20, 54]
[54, 64]
[38, 54]
[54, 55]
[29, 54]
[1, 54]
[11, 54]
[41, 54]
[6, 54]
[54, 69]
[54, 102]
[26, 54]
[54, 60]
[54, 78]
[24, 54]
[54, 103]
[54, 82]
[0, 54]
[7, 54]
[54, 67]
[54, 74]
[14, 74]
[27, 74]
[50, 74]
[40, 74]
[63, 74]
[74, 96]
[66, 74]
[74, 92]
[43, 74]
[39, 74]
[59, 74]
[2, 74]
[8, 74]
[19, 74]
[57, 74]
[74, 79]
[49, 74]
[36, 74]
[74, 95]
[35, 74]
[25, 74]
[73, 74]
[74, 80]
[74, 99]
[64, 74]
[3, 74]
[38, 74]
[29, 74]
[72, 74]
[41, 74]
[74, 102]
[74, 82]
[31, 74]
[74, 83]
[74, 89]
[69, 74]
[74, 78]
[24, 74]
[67, 74]
[67, 70]
[67, 77]
[67, 104]
[27, 67]
[50, 67]
[18, 67]
[67, 93]
[9, 67]
[40, 67]
[58, 67]
[63, 67]
[67, 96]
[17, 67]
[66, 67]
[51, 67]
[2, 67]
[48, 67]
[33, 67]
[5, 67]
[57, 67]
[49, 67]
[67, 85]
[4, 67]
[36, 67]
[20, 67]
[64, 67]
[3, 67]
[38, 67]
[55, 67]
[32, 67]
[1, 67]
[30, 67]
[35, 67]
[67, 80]
[67, 99]
[0, 67]
[6, 67]
[41, 67]
[26, 67]
[67, 102]
[67, 82]
[31, 67]
[67, 89]
[27, 89]
[76, 89]
[9, 89]
[63, 89]
[15, 89]
[17, 89]
[89, 92]
[43, 89]
[51, 89]
[28, 89]
[39, 89]
[59, 89]
[2, 89]
[8, 89]
[48, 89]
[81, 89]
[21, 89]
[5, 89]
[88, 89]
[36, 89]
[89, 95]
[89, 101]
[25, 89]
[73, 89]
[42, 89]
[20, 89]
[64, 89]
[3, 89]
[45, 89]
[32, 89]
[1, 89]
[80, 89]
[89, 99]
[0, 89]
[12, 89]
[89, 102]
[54, 89]
[83, 89]
[14, 83]
[27, 83]
[76, 83]
[63, 83]
[15, 83]
[83, 96]
[17, 83]
[11, 65]
[65, 95]
[12, 65]
[21, 65]
[45, 65]
[65, 92]
[28, 65]
[53, 65]
[8, 65]
[65, 98]
[57, 65]
[29, 65]
[21, 78]
[42, 78]
[43, 78]
[50, 78]
[63, 78]
[17, 78]
[66, 78]
[28, 78]
[34, 78]
[20, 78]
[78, 95]
[78, 98]
[78, 93]
[78, 79]
[57, 78]
[55, 78]
[3, 78]
[78, 102]
[2, 78]
[78, 81]
[40, 78]
[76, 78]
[23, 78]
[51, 78]
[69, 78]
[71, 78]
[60, 78]
[41, 78]
[78, 82]
[35, 78]
[6, 78]
[3, 65]
[32, 65]
[5, 65]
[65, 81]
[40, 65]
[65, 76]
[65, 74]
[23, 65]
[65, 101]
[69, 89]
[65, 69]
[71, 79]
[20, 71]
[50, 71]
[63, 71]
[17, 71]
[39, 71]
[44, 71]
[71, 96]
[55, 71]
[49, 71]
[19, 99]
[93, 99]
[34, 99]
[96, 99]
[99, 102]
[30, 99]
[78, 99]
[21, 99]
[11, 99]
[4, 99]
[69, 99]
[56, 99]
[60, 99]
[87, 99]
[99, 103]
[64, 99]
[61, 99]
[22, 99]
[59, 99]
[75, 99]
[68, 99]
[41, 65]
[71, 85]
[71, 89]
[3, 71]
[32, 71]
[40, 71]
[71, 76]
[67, 71]
[29, 71]
[26, 71]
[71, 88]
[41, 71]
[35, 71]
[65, 71]
[56, 93]
[14, 56]
[56, 63]
[9, 56]
[43, 56]
[1, 56]
[20, 56]
[39, 56]
[56, 79]
[55, 56]
[49, 56]
[56, 85]
[51, 56]
[34, 56]
[5, 56]
[56, 76]
[56, 101]
[41, 56]
[56, 65]
[56, 69]
[16, 97]
[58, 97]
[97, 100]
[12, 97]
[38, 97]
[63, 97]
[9, 97]
[39, 97]
[44, 97]
[79, 97]
[49, 97]
[51, 97]
[96, 97]
[45, 97]
[28, 97]
[53, 97]
[8, 97]
[95, 97]
[97, 98]
[3, 97]
[81, 97]
[76, 97]
[67, 97]
[74, 97]
[23, 97]
[29, 97]
[2, 97]
[97, 101]
[11, 97]
[26, 97]
[41, 97]
[65, 97]
[71, 97]
[60, 65]
[56, 60]
[17, 25]
[14, 25]
[16, 25]
[25, 27]
[9, 25]
[25, 81]
[25, 43]
[1, 25]
[20, 25]
[25, 39]
[25, 79]
[25, 49]
[25, 48]
[25, 85]
[25, 51]
[25, 34]
[25, 96]
[19, 25]
[25, 102]
[25, 53]
[8, 25]
[25, 95]
[25, 92]
[25, 57]
[3, 25]
[5, 25]
[23, 25]
[25, 29]
[2, 25]
[25, 101]
[25, 26]
[25, 88]
[25, 41]
[25, 71]
[25, 60]
[71, 82]
[59, 71]
[19, 59]
[20, 82]
[34, 82]
[82, 102]
[82, 95]
[82, 92]
[32, 82]
[5, 82]
[23, 82]
[4, 82]
[26, 82]
[69, 82]
[56, 82]
[82, 97]
[25, 82]
[20, 87]
[74, 87]
[14, 87]
[50, 87]
[17, 87]
[27, 87]
[63, 87]
[9, 87]
[42, 87]
[38, 87]
[39, 87]
[55, 87]
[49, 87]
[48, 87]
[85, 87]
[54, 87]
[45, 87]
[53, 87]
[40, 87]
[2, 87]
[87, 101]
[21, 87]
[41, 87]
[60, 87]
[34, 87]
[87, 102]
[87, 92]
[5, 87]
[4, 87]
[26, 87]
[35, 87]
[69, 87]
[87, 97]
[82, 87]
[26, 103]
[51, 103]
[55, 103]
[96, 103]
[57, 103]
[3, 103]
[101, 103]
[88, 103]
[6, 103]
[65, 103]
[60, 103]
[92, 103]
[35, 103]
[56, 103]
[25, 103]
[82, 103]
[64, 103]
[64, 93]
[64, 85]
[64, 96]
[64, 81]
[64, 101]
[6, 64]
[60, 64]
[64, 95]
[32, 64]
[23, 64]
[26, 64]
[35, 64]
[56, 64]
[25, 64]
[64, 87]
[19, 61]
[44, 61]
[38, 61]
[43, 61]
[1, 61]
[61, 79]
[55, 61]
[45, 61]
[8, 61]
[12, 61]
[61, 98]
[3, 61]
[61, 74]
[21, 61]
[11, 61]
[61, 76]
[61, 96]
[61, 88]
[40, 61]
[20, 61]
[60, 61]
[4, 61]
[61, 95]
[23, 61]
[61, 82]
[35, 61]
[61, 71]
[56, 61]
[61, 103]
[15, 22]
[22, 50]
[22, 38]
[1, 22]
[22, 79]
[22, 51]
[22, 45]
[22, 28]
[22, 53]
[8, 22]
[12, 22]
[22, 57]
[22, 74]
[11, 22]
[22, 93]
[22, 41]
[22, 89]
[22, 40]
[22, 92]
[22, 101]
[6, 22]
[22, 60]
[4, 22]
[22, 23]
[22, 71]
[22, 56]
[22, 82]
[22, 61]
[84, 93]
[16, 84]
[84, 88]
[14, 84]
[42, 84]
[17, 84]
[43, 84]
[55, 84]
[49, 84]
[48, 84]
[51, 84]
[84, 95]
[45, 84]
[53, 84]
[57, 84]
[67, 84]
[74, 84]
[42, 72]
[9, 72]
[63, 72]
[43, 72]
[21, 84]
[38, 72]
[15, 36]
[36, 63]
[5, 72]
[20, 72]
[28, 72]
[53, 72]
[57, 72]
[2, 72]
[30, 72]
[21, 72]
[11, 72]
[72, 85]
[72, 88]
[41, 72]
[72, 81]
[72, 101]
[29, 72]
[72, 102]
[72, 92]
[6, 72]
[65, 72]
[60, 72]
[4, 72]
[32, 72]
[23, 72]
[69, 72]
[72, 78]
[71, 72]
[72, 87]
[72, 103]
[61, 72]
[22, 72]
[7, 72]
[72, 75]
[72, 86]
[31, 72]
[0, 72]
[17, 36]
[28, 36]
[36, 43]
[36, 79]
[36, 49]
[36, 51]
[3, 36]
[30, 36]
[36, 76]
[36, 85]
[36, 88]
[36, 81]
[36, 40]
[36, 101]
[29, 36]
[36, 102]
[6, 36]
[36, 65]
[4, 36]
[23, 36]
[36, 71]
[25, 36]
[36, 103]
[22, 36]
[7, 36]
[36, 68]
[36, 86]
[36, 94]
[55, 59]
[59, 79]
[1, 59]
[59, 102]
[57, 59]
[53, 59]
[59, 69]
[41, 59]
[59, 101]
[34, 59]
[6, 59]
[25, 59]
[32, 59]
[56, 59]
[22, 59]
[69, 73]
[35, 73]
[6, 73]
[23, 73]
[29, 73]
[40, 73]
[51, 73]
[30, 73]
[73, 76]
[73, 85]
[73, 88]
[73, 81]
[2, 73]
[5, 73]
[65, 73]
[60, 73]
[4, 73]
[73, 101]
[73, 103]
[64, 73]
[56, 73]
[22, 73]
[59, 73]
[31, 42]
[15, 31]
[31, 50]
[16, 31]
[27, 31]
[31, 63]
[31, 43]
[31, 38]
[31, 39]
[31, 44]
[31, 48]
[31, 45]
[8, 31]
[12, 31]
[31, 49]
[1, 31]
[31, 79]
[31, 55]
[29, 31]
[31, 53]
[20, 31]
[4, 31]
[31, 41]
[31, 95]
[23, 31]
[31, 102]
[31, 78]
[6, 31]
[31, 35]
[31, 64]
[31, 69]
[31, 71]
[31, 56]
[22, 31]
[31, 59]
[26, 59]
[26, 73]
[73, 97]
[73, 82]
[31, 82]
[59, 61]
[31, 61]
[84, 85]
[81, 84]
[20, 84]
[84, 92]
[41, 84]
[84, 101]
[6, 84]
[64, 84]
[32, 84]
[69, 84]
[71, 84]
[25, 84]
[84, 103]
[22, 84]
[61, 84]
[73, 84]
[7, 42]
[7, 17]
[7, 9]
[7, 66]
[7, 38]
[7, 98]
[7, 11]
[7, 76]
[7, 93]
[7, 40]
[7, 79]
[7, 19]
[7, 65]
[7, 60]
[7, 102]
[7, 78]
[7, 48]
[7, 51]
[7, 35]
[54, 75]
[49, 75]
[75, 89]
[0, 4]
[0, 5]
[0, 16]
[0, 63]
[0, 42]
[0, 28]
[0, 39]
[0, 30]
[0, 88]
[0, 1]
[0, 29]
[0, 2]
[0, 23]
[0, 66]
[0, 76]
[0, 93]
[0, 40]
[0, 102]
[0, 48]
[0, 35]
[0, 21]
[0, 53]
[0, 56]
[0, 65]
[0, 41]
[11, 24]
[24, 98]
[9, 24]
[5, 24]
[24, 29]
[24, 96]
[24, 30]
[20, 24]
[24, 79]
[2, 24]
[24, 40]
[24, 53]
[19, 24]
[24, 35]
[24, 95]
[24, 56]
[24, 41]
[24, 85]
[24, 101]
[6, 24]
[24, 32]
[24, 25]
[24, 36]
[24, 73]
[24, 99]
[24, 60]
[57, 80]
[80, 93]
[24, 55]
[24, 89]
[24, 57]
[24, 82]
[24, 92]
[7, 82]
[7, 21]
[7, 95]
[7, 56]
[7, 85]
[7, 101]
[7, 64]
[7, 32]
[7, 71]
[7, 25]
[7, 57]
[7, 26]
[24, 61]
[7, 92]
[0, 49]
[0, 36]
[0, 59]
[0, 103]
[0, 73]
[0, 101]
[0, 82]
[0, 6]
[0, 71]
[0, 25]
[0, 57]
[0, 92]
[0, 7]
[0, 31]
[24, 31]
[7, 31]
[12, 83]
[43, 83]
[44, 83]
[28, 83]
[30, 83]
[83, 88]
[1, 83]
[4, 83]
[23, 83]
[66, 83]
[19, 83]
[81, 83]
[83, 99]
[54, 83]
[55, 83]
[83, 102]
[51, 83]
[78, 83]
[60, 83]
[64, 83]
[32, 83]
[35, 83]
[56, 83]
[49, 83]
[36, 83]
[59, 83]
[73, 83]
[83, 101]
[45, 83]
[6, 83]
[25, 83]
[57, 83]
[83, 92]
[24, 83]
[74, 75]
[75, 87]
[26, 75]
[67, 75]
[75, 82]
[61, 75]
[7, 75]
[80, 96]
[0, 22]
[22, 83]
[7, 22]
[0, 97]
[75, 97]
[0, 84]
[24, 84]
[75, 84]
[83, 84]
[7, 97]
[11, 80]
[5, 80]
[29, 80]
[63, 80]
[21, 80]
[6, 80]
[2, 80]
[42, 80]
[48, 80]
[80, 88]
[38, 80]
[69, 80]
[43, 80]
[30, 80]
[1, 80]
[23, 80]
[19, 80]
[4, 80]
[80, 95]
[80, 85]
[51, 80]
[68, 88]
[68, 96]
[2, 68]
[63, 68]
[16, 68]
[5, 68]
[8, 68]
[42, 68]
[17, 68]
[9, 68]
[38, 68]
[40, 68]
[53, 68]
[44, 68]
[1, 68]
[66, 68]
[3, 68]
[68, 76]
[55, 68]
[54, 68]
[68, 85]
[68, 102]
[51, 68]
[64, 68]
[32, 68]
[35, 68]
[56, 68]
[68, 78]
[68, 101]
[6, 68]
[25, 68]
[67, 68]
[68, 87]
[65, 68]
[60, 68]
[68, 73]
[45, 68]
[26, 68]
[31, 68]
[68, 92]
[68, 71]
[0, 68]
[24, 68]
[68, 75]
[68, 84]
[7, 68]
[21, 86]
[25, 86]
[29, 86]
[10, 86]
[86, 90]
[37, 86]
[42, 86]
[86, 100]
[58, 86]
[8, 86]
[34, 86]
[38, 86]
[86, 93]
[20, 86]
[53, 86]
[86, 96]
[43, 86]
[44, 86]
[12, 86]
[30, 86]
[86, 88]
[55, 86]
[54, 86]
[48, 86]
[86, 95]
[64, 86]
[32, 86]
[56, 86]
[86, 101]
[49, 86]
[86, 87]
[65, 86]
[45, 86]
[86, 92]
[82, 86]
[0, 86]
[24, 86]
[75, 86]
[84, 86]
[68, 86]
[42, 94]
[9, 94]
[17, 94]
[29, 94]
[39, 94]
[16, 94]
[49, 94]
[94, 102]
[94, 99]
[5, 94]
[11, 94]
[40, 94]
[20, 94]
[94, 101]
[94, 96]
[41, 94]
[43, 94]
[44, 94]
[12, 94]
[88, 94]
[1, 94]
[23, 94]
[19, 94]
[3, 94]
[76, 94]
[74, 94]
[51, 94]
[64, 94]
[35, 94]
[56, 94]
[94, 103]
[78, 94]
[6, 94]
[25, 94]
[67, 94]
[87, 94]
[65, 94]
[60, 94]
[59, 94]
[73, 94]
[45, 94]
[26, 94]
[31, 94]
[69, 94]
[92, 94]
[71, 94]
[83, 94]
[57, 94]
[75, 94]
[7, 94]
[22, 94]
[35, 80]
[78, 80]
[80, 101]
[80, 87]
[65, 80]
[80, 103]
[36, 80]
[80, 92]
[80, 82]
[24, 80]
[75, 80]
[80, 83]
[80, 84]
[68, 80]
[22, 80]
