[9, 10, 29]
[8, 10, 29]
[8, 10, 12]
[4, 10, 12]
[4, 10, 11]
[8, 10, 11]
[9, 10, 11]
[6, 9, 11]
[4, 9, 11]
[8, 10, 42]
[3, 8, 51]
[4, 8, 51]
[8, 29, 56]
[1, 29, 56]
[1, 50, 56]
[2, 50, 56]
[10, 41, 50]
[5, 41, 50]
[12, 41, 50]
[15, 41, 50]
[25, 41, 50]
[29, 41, 50]
[31, 41, 50]
[35, 41, 50]
[39, 41, 50]
[2, 10, 50]
[1, 10, 50]
[10, 38, 50]
[10, 33, 50]
[10, 47, 50]
[10, 11, 50]
[10, 36, 50]
[10, 46, 50]
[10, 50, 54]
[10, 50, 58]
[10, 12, 50]
[10, 44, 50]
[8, 10, 57]
[8, 10, 36]
[8, 16, 51]
[25, 50, 56]
[33, 50, 56]
[9, 34, 55]
[9, 31, 55]
[9, 19, 55]
[9, 33, 55]
[9, 45, 55]
[9, 39, 55]
[9, 24, 55]
[9, 49, 55]
[9, 11, 55]
[9, 31, 34]
[25, 31, 34]
[1, 31, 34]
[1, 25, 50]
[3, 25, 50]
[25, 38, 50]
[4, 9, 55]
[4, 9, 24]
[4, 9, 33]
[4, 9, 31]
[4, 9, 39]
[4, 9, 43]
[4, 9, 32]
[6, 9, 55]
[9, 27, 55]
[9, 13, 19]
[9, 19, 33]
[9, 31, 33]
[9, 10, 33]
[9, 10, 13]
[9, 10, 24]
[9, 10, 43]
[9, 10, 32]
[4, 9, 10]
[9, 10, 54]
[9, 10, 12]
[10, 11, 22]
[10, 12, 22]
[2, 10, 12]
[10, 12, 13]
[9, 12, 13]
[9, 12, 31]
[10, 12, 38]
[9, 12, 48]
[10, 12, 47]
[9, 12, 24]
[10, 12, 24]
[9, 12, 49]
[6, 9, 12]
[9, 12, 34]
[9, 12, 55]
[10, 29, 50]
[8, 16, 34]
[8, 34, 57]
[10, 20, 57]
[1, 10, 57]
[10, 29, 41]
[3, 8, 12]
[12, 22, 47]
[12, 13, 47]
[12, 47, 48]
[12, 28, 38]
[3, 12, 38]
[12, 22, 38]
[12, 14, 38]
[12, 14, 22]
[12, 22, 28]
[8, 12, 28]
[8, 12, 14]
[0, 24, 53]
[24, 38, 53]
[20, 24, 53]
[1, 17, 35]
[7, 17, 35]
[17, 28, 35]
[1, 17, 20]
[1, 17, 28]
[1, 7, 17]
[17, 28, 33]
[7, 17, 33]
[6, 11, 35]
[6, 11, 25]
[6, 11, 38]
[6, 11, 37]
[6, 11, 23]
[6, 8, 11]
[6, 11, 58]
[6, 11, 26]
[6, 11, 45]
[6, 11, 49]
[6, 38, 53]
[6, 14, 53]
[6, 19, 53]
[6, 35, 38]
[6, 25, 38]
[6, 14, 38]
[6, 37, 38]
[6, 14, 37]
[6, 21, 38]
[6, 14, 21]
[10, 29, 32]
[5, 9, 32]
[5, 9, 15]
[22, 41, 49]
[22, 38, 52]
[14, 38, 52]
[47, 52, 58]
[7, 52, 58]
[7, 46, 52]
[19, 46, 52]
[46, 47, 52]
[2, 7, 46]
[1, 7, 46]
[46, 47, 50]
[2, 46, 50]
[1, 46, 50]
[3, 46, 50]
[11, 46, 50]
[3, 7, 46]
[20, 38, 40]
[20, 40, 41]
[20, 40, 57]
[1, 20, 40]
[3, 20, 40]
[20, 27, 40]
[20, 40, 45]
[20, 37, 40]
[20, 40, 55]
[20, 40, 44]
[20, 21, 40]
[10, 20, 40]
[0, 20, 40]
[20, 38, 57]
[1, 20, 38]
[6, 16, 38]
[6, 16, 26]
[9, 26, 54]
[9, 11, 26]
[6, 51, 58]
[6, 49, 58]
[9, 31, 54]
[9, 27, 31]
[36, 47, 52]
[36, 39, 47]
[13, 36, 47]
[13, 18, 36]
[1, 18, 36]
[18, 36, 51]
[17, 36, 51]
[17, 18, 36]
[18, 30, 36]
[2, 36, 51]
[1, 36, 51]
[30, 36, 51]
[18, 51, 59]
[1, 18, 51]
[18, 30, 51]
[17, 18, 51]
[17, 51, 59]
[1, 17, 51]
[3, 51, 59]
[2, 3, 51]
[2, 51, 59]
[30, 51, 59]
[2, 30, 51]
[3, 15, 51]
[1, 15, 51]
[21, 38, 50]
[21, 38, 39]
[3, 21, 38]
[1, 21, 38]
[15, 21, 38]
[21, 22, 38]
[21, 35, 38]
[3, 21, 54]
[15, 21, 54]
[21, 22, 54]
[3, 15, 21]
[1, 15, 21]
[3, 21, 50]
[3, 21, 39]
[21, 30, 39]
[15, 21, 22]
[1, 21, 22]
[21, 50, 54]
[15, 21, 50]
[15, 21, 27]
[21, 27, 39]
[1, 21, 50]
[21, 27, 54]
[21, 39, 50]
[21, 27, 50]
[21, 35, 50]
[7, 13, 36]
[13, 19, 47]
[19, 47, 54]
[19, 43, 47]
[19, 41, 43]
[3, 19, 43]
[19, 27, 43]
[15, 19, 43]
[19, 27, 57]
[15, 19, 27]
[19, 27, 53]
[19, 36, 53]
[19, 41, 53]
[19, 30, 53]
[5, 18, 42]
[5, 36, 42]
[5, 18, 36]
[1, 5, 36]
[1, 5, 50]
[3, 5, 50]
[5, 30, 36]
[5, 36, 50]
[5, 15, 50]
[5, 17, 36]
[5, 35, 50]
[5, 15, 41]
[3, 5, 15]
[1, 5, 15]
[3, 5, 57]
[1, 5, 17]
[5, 17, 57]
[5, 17, 18]
[1, 5, 18]
[5, 18, 30]
[5, 30, 52]
[5, 52, 57]
[5, 9, 29]
[5, 6, 9]
[5, 9, 33]
[5, 18, 33]
[3, 5, 33]
[5, 17, 33]
[1, 5, 57]
[5, 30, 51]
[1, 5, 51]
[11, 22, 28]
[4, 11, 28]
[1, 4, 28]
[4, 28, 32]
[1, 4, 32]
[1, 15, 34]
[11, 15, 34]
[34, 36, 42]
[2, 34, 42]
[2, 15, 34]
[32, 34, 36]
[17, 32, 34]
[1, 32, 34]
[30, 32, 34]
[32, 34, 54]
[32, 34, 37]
[32, 34, 49]
[8, 32, 34]
[32, 33, 34]
[16, 32, 34]
[1, 7, 32]
[7, 30, 32]
[7, 25, 32]
[3, 25, 32]
[3, 7, 32]
[1, 18, 32]
[1, 32, 36]
[30, 32, 36]
[7, 32, 36]
[10, 32, 36]
[10, 18, 32]
[1, 10, 32]
[10, 20, 32]
[10, 20, 58]
[10, 13, 20]
[10, 18, 20]
[10, 20, 41]
[1, 10, 20]
[10, 20, 38]
[10, 20, 44]
[3, 20, 38]
[11, 49, 59]
[49, 57, 59]
[27, 28, 35]
[1, 35, 36]
[7, 35, 36]
[28, 35, 41]
[8, 28, 45]
[8, 30, 45]
[8, 26, 45]
[8, 42, 45]
[8, 11, 45]
[8, 45, 54]
[8, 27, 57]
[8, 26, 27]
[8, 27, 28]
[8, 18, 27]
[48, 49, 57]
[41, 48, 49]
[9, 48, 49]
[9, 15, 48]
[9, 39, 48]
[9, 33, 48]
[9, 15, 55]
[9, 54, 55]
[9, 29, 48]
[9, 29, 54]
[9, 27, 29]
[9, 31, 45]
[31, 35, 41]
[1, 31, 35]
[28, 31, 35]
[31, 35, 54]
[27, 31, 35]
[28, 31, 41]
[1, 28, 31]
[16, 31, 35]
[8, 16, 31]
[16, 31, 45]
[16, 27, 31]
[16, 18, 31]
[16, 31, 33]
[12, 16, 31]
[4, 16, 31]
[16, 31, 52]
[16, 25, 31]
[16, 31, 34]
[16, 23, 31]
[16, 31, 55]
[16, 31, 32]
[16, 21, 31]
[2, 31, 33]
[31, 33, 42]
[8, 31, 42]
[8, 31, 57]
[8, 28, 31]
[8, 36, 39]
[8, 30, 36]
[8, 36, 42]
[8, 36, 44]
[8, 29, 36]
[8, 36, 51]
[29, 30, 36]
[1, 29, 36]
[29, 36, 42]
[22, 29, 36]
[2, 30, 36]
[2, 7, 36]
[9, 15, 33]
[9, 11, 15]
[15, 33, 48]
[7, 15, 33]
[7, 15, 48]
[1, 15, 48]
[2, 7, 15]
[1, 7, 15]
[7, 15, 22]
[11, 15, 22]
[1, 15, 22]
[15, 53, 58]
[15, 25, 58]
[11, 15, 25]
[2, 15, 22]
[2, 15, 33]
[15, 22, 33]
[7, 36, 39]
[30, 36, 39]
[30, 36, 52]
[7, 36, 52]
[22, 36, 52]
[36, 44, 52]
[7, 30, 52]
[7, 48, 52]
[7, 26, 52]
[7, 12, 49]
[12, 30, 49]
[12, 17, 49]
[6, 12, 49]
[12, 13, 49]
[12, 48, 49]
[12, 22, 49]
[12, 46, 49]
[7, 12, 30]
[7, 12, 17]
[2, 7, 12]
[2, 12, 30]
[2, 12, 13]
[2, 12, 28]
[12, 41, 49]
[12, 13, 41]
[12, 41, 48]
[12, 28, 41]
[12, 22, 41]
[12, 40, 41]
[10, 12, 41]
[12, 24, 41]
[12, 14, 41]
[12, 41, 54]
[5, 12, 41]
[8, 12, 30]
[6, 8, 12]
[8, 12, 46]
[8, 12, 51]
[12, 13, 30]
[12, 17, 47]
[7, 13, 49]
[17, 49, 59]
[31, 40, 50]
[2, 22, 28]
[22, 28, 37]
[1, 22, 28]
[11, 28, 37]
[1, 28, 37]
[8, 11, 28]
[8, 26, 28]
[8, 28, 39]
[8, 28, 44]
[8, 11, 59]
[8, 26, 59]
[8, 11, 26]
[8, 11, 30]
[8, 30, 59]
[8, 29, 30]
[8, 10, 59]
[8, 10, 44]
[8, 10, 46]
[10, 11, 46]
[1, 10, 46]
[2, 10, 46]
[10, 42, 46]
[10, 46, 47]
[10, 33, 46]
[2, 10, 22]
[1, 10, 22]
[29, 30, 51]
[27, 31, 50]
[2, 31, 50]
[6, 16, 37]
[6, 16, 33]
[29, 30, 32]
[30, 32, 56]
[30, 32, 49]
[7, 22, 32]
[22, 32, 37]
[7, 32, 37]
[7, 17, 32]
[7, 32, 46]
[17, 32, 46]
[17, 20, 32]
[1, 17, 32]
[1, 32, 46]
[32, 37, 46]
[32, 33, 46]
[32, 46, 56]
[32, 46, 49]
[1, 20, 32]
[13, 19, 20]
[13, 19, 37]
[0, 13, 19]
[0, 19, 20]
[1, 22, 32]
[17, 32, 37]
[20, 32, 37]
[46, 52, 56]
[11, 35, 46]
[1, 35, 46]
[19, 36, 52]
[19, 44, 52]
[19, 52, 57]
[19, 47, 52]
[19, 30, 52]
[19, 24, 52]
[19, 41, 52]
[19, 45, 52]
[19, 31, 52]
[19, 49, 57]
[13, 19, 49]
[19, 31, 49]
[19, 31, 57]
[19, 33, 49]
[9, 19, 31]
[9, 19, 49]
[9, 19, 29]
[19, 20, 37]
[19, 37, 57]
[19, 20, 57]
[13, 19, 57]
[7, 35, 37]
[1, 7, 35]
[10, 13, 58]
[10, 11, 58]
[10, 47, 58]
[10, 29, 58]
[1, 10, 13]
[10, 11, 59]
[10, 57, 59]
[6, 23, 44]
[6, 33, 44]
[45, 49, 54]
[33, 45, 54]
[22, 45, 54]
[37, 45, 54]
[26, 45, 54]
[9, 45, 54]
[2, 45, 54]
[28, 45, 54]
[6, 45, 49]
[6, 42, 45]
[42, 45, 49]
[13, 45, 49]
[11, 45, 49]
[26, 45, 49]
[22, 45, 49]
[33, 45, 49]
[39, 42, 49]
[7, 39, 49]
[17, 39, 49]
[11, 39, 49]
[39, 49, 57]
[39, 49, 58]
[9, 39, 49]
[17, 39, 58]
[11, 39, 58]
[7, 39, 58]
[9, 11, 39]
[17, 39, 57]
[7, 17, 39]
[17, 39, 47]
[39, 42, 47]
[6, 33, 42]
[6, 33, 37]
[1, 20, 37]
[11, 37, 59]
[1, 17, 37]
[17, 20, 37]
[20, 27, 37]
[26, 27, 37]
[8, 29, 51]
[8, 51, 59]
[8, 44, 51]
[8, 30, 51]
[6, 8, 51]
[8, 27, 29]
[8, 29, 42]
[8, 29, 59]
[8, 57, 59]
[7, 17, 49]
[26, 49, 59]
[11, 26, 49]
[7, 26, 49]
[29, 51, 58]
[47, 51, 58]
[17, 51, 58]
[49, 53, 58]
[7, 49, 53]
[9, 13, 49]
[9, 11, 49]
[19, 49, 53]
[19, 47, 53]
[19, 20, 53]
[19, 33, 37]
[39, 47, 58]
[11, 35, 39]
[17, 35, 39]
[34, 42, 49]
[11, 34, 49]
[7, 35, 39]
[35, 39, 47]
[27, 35, 39]
[9, 27, 39]
[12, 17, 34]
[12, 13, 34]
[2, 12, 34]
[12, 34, 49]
[12, 30, 34]
[8, 12, 34]
[12, 34, 36]
[12, 24, 34]
[12, 34, 40]
[12, 34, 54]
[1, 17, 34]
[17, 34, 37]
[11, 34, 37]
[1, 34, 37]
[17, 34, 49]
[13, 34, 49]
[34, 49, 57]
[33, 34, 49]
[9, 34, 49]
[34, 49, 54]
[9, 34, 54]
[17, 34, 54]
[34, 37, 54]
[15, 34, 54]
[34, 54, 57]
[2, 34, 54]
[0, 15, 34]
[0, 2, 34]
[0, 13, 34]
[27, 39, 47]
[27, 39, 57]
[22, 27, 47]
[26, 27, 54]
[27, 37, 54]
[27, 47, 54]
[22, 27, 54]
[22, 27, 37]
[22, 27, 57]
[20, 27, 57]
[27, 37, 57]
[27, 54, 57]
[9, 27, 54]
[10, 29, 54]
[10, 13, 57]
[10, 29, 59]
[1, 10, 29]
[8, 10, 32]
[2, 10, 59]
[2, 10, 13]
[30, 44, 51]
[6, 26, 45]
[6, 37, 45]
[6, 33, 45]
[6, 9, 45]
[6, 45, 53]
[11, 26, 45]
[26, 37, 45]
[11, 28, 45]
[28, 37, 45]
[26, 28, 45]
[13, 28, 45]
[2, 28, 45]
[22, 28, 45]
[28, 33, 45]
[28, 45, 53]
[20, 37, 45]
[11, 37, 45]
[13, 37, 45]
[13, 20, 45]
[2, 26, 45]
[2, 13, 45]
[2, 42, 45]
[12, 47, 51]
[12, 17, 51]
[2, 12, 51]
[12, 30, 51]
[6, 12, 51]
[7, 12, 13]
[7, 12, 22]
[2, 12, 22]
[7, 26, 56]
[26, 37, 56]
[11, 26, 56]
[7, 37, 56]
[7, 17, 56]
[12, 17, 28]
[12, 13, 28]
[13, 34, 57]
[34, 37, 57]
[1, 34, 57]
[17, 34, 57]
[1, 13, 34]
[2, 15, 51]
[5, 12, 51]
[5, 9, 12]
[9, 26, 45]
[9, 11, 45]
[11, 22, 45]
[22, 37, 45]
[6, 8, 45]
[9, 13, 45]
[5, 50, 56]
[5, 50, 58]
[5, 29, 50]
[5, 33, 50]
[3, 50, 54]
[3, 28, 32]
[3, 20, 32]
[3, 32, 37]
[3, 8, 32]
[8, 28, 32]
[17, 28, 32]
[28, 32, 37]
[1, 28, 32]
[1, 32, 37]
[3, 32, 48]
[3, 16, 32]
[3, 14, 32]
[17, 32, 56]
[16, 23, 32]
[16, 32, 52]
[16, 32, 37]
[7, 32, 52]
[20, 32, 56]
[32, 37, 56]
[3, 8, 59]
[3, 8, 39]
[5, 8, 32]
[3, 5, 32]
[8, 23, 32]
[8, 29, 32]
[8, 32, 56]
[8, 14, 32]
[8, 16, 32]
[8, 30, 32]
[8, 32, 36]
[8, 18, 32]
[4, 8, 32]
[29, 32, 36]
[32, 36, 52]
[17, 32, 36]
[11, 15, 50]
[2, 15, 50]
[29, 51, 59]
[8, 32, 46]
[8, 46, 51]
[8, 42, 46]
[8, 19, 46]
[8, 45, 46]
[8, 46, 56]
[8, 27, 46]
[8, 11, 46]
[8, 23, 46]
[8, 16, 46]
[3, 8, 46]
[8, 46, 55]
[4, 8, 46]
[42, 46, 49]
[45, 46, 49]
[7, 46, 49]
[17, 46, 49]
[11, 46, 49]
[46, 49, 53]
[23, 46, 49]
[19, 46, 49]
[21, 46, 49]
[43, 46, 49]
[25, 46, 49]
[33, 46, 49]
[46, 49, 55]
[7, 46, 56]
[2, 46, 56]
[37, 46, 56]
[1, 46, 56]
[27, 46, 56]
[17, 46, 56]
[11, 46, 56]
[46, 53, 56]
[21, 46, 56]
[25, 46, 56]
[33, 46, 56]
[46, 50, 56]
[2, 33, 46]
[33, 37, 46]
[7, 33, 46]
[17, 33, 46]
[46, 50, 52]
[35, 46, 50]
[27, 46, 50]
[21, 46, 50]
[25, 46, 50]
[33, 46, 50]
[7, 37, 46]
[2, 12, 46]
[7, 12, 46]
[12, 17, 46]
[10, 12, 46]
[12, 46, 47]
[12, 46, 51]
[3, 12, 46]
[12, 43, 46]
[4, 12, 46]
[12, 16, 46]
[12, 46, 50]
[12, 34, 46]
[12, 46, 55]
[45, 46, 52]
[16, 46, 52]
[1, 37, 46]
[1, 17, 46]
[17, 37, 46]
[17, 20, 58]
[7, 17, 58]
[17, 28, 37]
[17, 28, 39]
[18, 36, 42]
[18, 36, 53]
[28, 41, 53]
[20, 41, 53]
[12, 18, 28]
[12, 17, 18]
[2, 12, 36]
[7, 12, 36]
[12, 28, 48]
[7, 12, 48]
[12, 18, 36]
[10, 12, 18]
[12, 18, 30]
[12, 13, 18]
[12, 18, 51]
[12, 28, 40]
[10, 12, 40]
[12, 40, 47]
[8, 12, 18]
[12, 30, 40]
[3, 11, 46]
[2, 3, 46]
[3, 37, 46]
[3, 19, 46]
[3, 46, 51]
[3, 21, 46]
[3, 32, 46]
[3, 43, 46]
[3, 16, 46]
[2, 42, 46]
[42, 46, 47]
[2, 27, 46]
[35, 46, 47]
[27, 35, 46]
[17, 35, 46]
[11, 28, 38]
[11, 38, 39]
[11, 15, 38]
[10, 11, 38]
[11, 38, 44]
[11, 22, 38]
[11, 26, 28]
[11, 26, 59]
[11, 28, 39]
[11, 15, 58]
[11, 28, 44]
[11, 39, 44]
[6, 11, 44]
[11, 26, 44]
[10, 11, 44]
[11, 30, 59]
[11, 30, 39]
[11, 30, 44]
[11, 22, 59]
[11, 22, 44]
[6, 9, 26]
[5, 32, 56]
[4, 16, 51]
[4, 16, 38]
[4, 8, 16]
[4, 16, 53]
[4, 16, 18]
[4, 16, 37]
[4, 16, 32]
[4, 7, 14]
[4, 7, 22]
[4, 7, 30]
[1, 4, 7]
[4, 7, 39]
[4, 7, 24]
[4, 7, 53]
[4, 7, 17]
[4, 7, 37]
[4, 31, 44]
[1, 4, 31]
[4, 28, 31]
[4, 22, 31]
[4, 8, 31]
[4, 31, 40]
[4, 24, 31]
[4, 14, 31]
[4, 18, 31]
[4, 5, 31]
[1, 4, 38]
[4, 20, 38]
[4, 38, 39]
[4, 28, 38]
[4, 10, 38]
[4, 38, 44]
[4, 22, 38]
[4, 11, 38]
[4, 22, 59]
[1, 4, 22]
[4, 22, 28]
[4, 10, 22]
[4, 22, 44]
[4, 25, 40]
[4, 25, 28]
[1, 4, 25]
[4, 25, 39]
[0, 4, 25]
[4, 11, 25]
[4, 25, 38]
[4, 24, 25]
[4, 5, 25]
[4, 25, 31]
[4, 17, 25]
[4, 7, 25]
[4, 25, 32]
[4, 16, 25]
[4, 28, 39]
[1, 4, 10]
[4, 10, 20]
[4, 8, 28]
[4, 8, 39]
[4, 11, 39]
[4, 11, 59]
[4, 8, 11]
[4, 8, 59]
[4, 8, 10]
[4, 11, 44]
[4, 8, 44]
[4, 11, 30]
[4, 8, 30]
[4, 11, 22]
[1, 4, 20]
[0, 4, 20]
[4, 10, 59]
[4, 39, 44]
[4, 20, 44]
[4, 28, 44]
[8, 34, 42]
[8, 30, 34]
[4, 10, 44]
[4, 30, 39]
[4, 30, 59]
[4, 30, 44]
[4, 30, 40]
[4, 20, 40]
[1, 4, 40]
[4, 39, 40]
[4, 28, 40]
[4, 10, 40]
[4, 40, 44]
[4, 11, 40]
[4, 38, 40]
[4, 24, 40]
[4, 24, 59]
[4, 20, 24]
[1, 4, 24]
[4, 10, 24]
[4, 24, 44]
[4, 24, 38]
[4, 24, 53]
[4, 20, 53]
[4, 28, 53]
[4, 44, 53]
[4, 30, 53]
[4, 38, 53]
[4, 40, 53]
[4, 40, 51]
[4, 51, 59]
[1, 4, 51]
[4, 44, 51]
[4, 30, 51]
[4, 24, 51]
[4, 47, 51]
[4, 47, 59]
[4, 39, 47]
[4, 10, 47]
[4, 44, 47]
[4, 22, 47]
[4, 40, 47]
[4, 47, 53]
[4, 37, 59]
[4, 20, 37]
[1, 4, 37]
[4, 28, 37]
[4, 37, 44]
[4, 22, 37]
[4, 11, 37]
[4, 37, 38]
[4, 37, 40]
[4, 24, 37]
[4, 37, 43]
[4, 20, 43]
[1, 4, 43]
[4, 10, 43]
[4, 11, 43]
[4, 24, 43]
[4, 43, 53]
[4, 43, 51]
[4, 43, 47]
[0, 4, 43]
[0, 4, 30]
[0, 4, 40]
[0, 4, 24]
[0, 4, 53]
[0, 4, 51]
[0, 4, 47]
[4, 47, 54]
[4, 28, 54]
[4, 10, 54]
[4, 22, 54]
[4, 37, 54]
[4, 43, 54]
[4, 9, 54]
[4, 8, 54]
[4, 8, 55]
[4, 55, 59]
[4, 20, 55]
[1, 4, 55]
[4, 39, 55]
[4, 30, 55]
[4, 22, 55]
[4, 11, 55]
[4, 40, 55]
[4, 24, 55]
[4, 7, 55]
[4, 16, 55]
[4, 54, 55]
[4, 14, 59]
[4, 14, 20]
[4, 14, 39]
[4, 14, 30]
[4, 14, 22]
[4, 14, 38]
[4, 14, 24]
[4, 14, 53]
[4, 14, 37]
[0, 4, 14]
[4, 8, 14]
[4, 8, 18]
[4, 18, 59]
[4, 18, 20]
[1, 4, 18]
[4, 18, 28]
[4, 10, 18]
[4, 18, 30]
[4, 17, 59]
[4, 17, 39]
[4, 20, 32]
[4, 10, 32]
[4, 9, 12]
[4, 12, 47]
[4, 12, 30]
[4, 12, 16]
[4, 7, 12]
[29, 36, 50]
[36, 39, 50]
[36, 44, 50]
[39, 44, 50]
[44, 50, 52]
[44, 47, 50]
[41, 44, 50]
[44, 48, 50]
[38, 44, 50]
[39, 50, 58]
[29, 50, 58]
[0, 27, 50]
[0, 2, 50]
[0, 47, 50]
[0, 41, 50]
[2, 27, 50]
[2, 30, 45]
[41, 43, 53]
[43, 47, 53]
[2, 36, 50]
[36, 50, 52]
[36, 47, 50]
[39, 47, 50]
[21, 25, 39]
[21, 25, 58]
[6, 21, 25]
[6, 19, 25]
[6, 9, 19]
[6, 9, 48]
[6, 42, 48]
[16, 25, 46]
[21, 25, 46]
[6, 16, 21]
[6, 16, 19]
[16, 21, 46]
[16, 19, 46]
[6, 19, 21]
[6, 21, 58]
[6, 8, 16]
[16, 27, 46]
[16, 46, 53]
[16, 45, 46]
[16, 34, 46]
[6, 16, 53]
[6, 16, 45]
[21, 50, 58]
[15, 50, 58]
[50, 52, 58]
[9, 15, 27]
[15, 22, 27]
[22, 29, 59]
[10, 22, 29]
[10, 29, 42]
[10, 22, 59]
[16, 18, 37]
[18, 37, 56]
[13, 18, 37]
[18, 37, 59]
[18, 20, 37]
[18, 27, 37]
[18, 28, 37]
[8, 18, 51]
[10, 24, 57]
[8, 19, 57]
[8, 19, 29]
[2, 12, 50]
[12, 22, 36]
[10, 12, 36]
[12, 36, 47]
[12, 13, 36]
[12, 30, 36]
[12, 31, 50]
[12, 31, 34]
[12, 31, 41]
[12, 22, 31]
[2, 12, 31]
[8, 12, 31]
[12, 28, 31]
[12, 14, 31]
[12, 31, 49]
[12, 24, 31]
[12, 31, 40]
[8, 12, 36]
[12, 36, 38]
[12, 38, 48]
[4, 12, 22]
[4, 8, 12]
[4, 12, 38]
[4, 12, 28]
[4, 12, 14]
[4, 12, 51]
[4, 12, 24]
[4, 12, 40]
[4, 12, 31]
[4, 12, 54]
[4, 12, 55]
[26, 27, 56]
[9, 26, 56]
[26, 52, 56]
[0, 26, 56]
[9, 26, 27]
[0, 26, 27]
[26, 45, 52]
[26, 27, 43]
[9, 26, 43]
[11, 44, 50]
[11, 50, 58]
[11, 39, 50]
[11, 50, 56]
[11, 35, 50]
[41, 50, 52]
[27, 29, 50]
[15, 27, 50]
[27, 39, 50]
[0, 15, 50]
[39, 48, 50]
[15, 48, 50]
[29, 48, 50]
[48, 50, 52]
[41, 48, 50]
[1, 36, 50]
[35, 36, 50]
[22, 28, 44]
[22, 44, 52]
[14, 22, 59]
[7, 14, 22]
[14, 15, 22]
[14, 22, 52]
[14, 22, 57]
[14, 22, 41]
[14, 21, 22]
[14, 22, 23]
[14, 26, 59]
[7, 14, 26]
[14, 26, 52]
[6, 14, 26]
[0, 14, 26]
[14, 20, 23]
[0, 14, 20]
[0, 14, 15]
[0, 50, 56]
[27, 50, 56]
[50, 52, 56]
[29, 50, 56]
[21, 50, 56]
[0, 35, 50]
[35, 39, 50]
[27, 35, 50]
[25, 50, 58]
[25, 39, 50]
[15, 25, 50]
[0, 25, 50]
[21, 25, 50]
[11, 25, 50]
[27, 47, 50]
[47, 50, 58]
[47, 50, 52]
[47, 48, 50]
[35, 47, 50]
[33, 44, 50]
[2, 33, 50]
[15, 33, 50]
[33, 48, 50]
[1, 29, 50]
[1, 48, 50]
[1, 35, 50]
[1, 15, 50]
[1, 38, 50]
[3, 50, 58]
[1, 31, 50]
[33, 36, 50]
[15, 38, 50]
[29, 38, 50]
[35, 38, 50]
[38, 39, 50]
[38, 48, 50]
[38, 50, 52]
[11, 38, 50]
[3, 11, 50]
[5, 50, 52]
[5, 12, 50]
[36, 38, 50]
[3, 33, 50]
[3, 48, 50]
[3, 39, 50]
[3, 38, 50]
[3, 15, 50]
[2, 3, 50]
[3, 12, 50]
[12, 48, 50]
[12, 47, 50]
[12, 36, 50]
[12, 38, 50]
[5, 25, 50]
[50, 54, 56]
[1, 25, 32]
[1, 25, 28]
[28, 44, 48]
[6, 44, 48]
[12, 16, 18]
[12, 18, 55]
[6, 12, 16]
[16, 19, 53]
[12, 16, 51]
[12, 16, 34]
[8, 12, 16]
[12, 14, 30]
[7, 12, 14]
[0, 27, 57]
[0, 20, 27]
[0, 19, 27]
[0, 27, 53]
[0, 15, 27]
[0, 27, 35]
[0, 27, 47]
[0, 20, 57]
[0, 19, 57]
[44, 52, 57]
[22, 52, 57]
[0, 15, 41]
[9, 11, 34]
[0, 15, 51]
[8, 11, 44]
[4, 22, 32]
[4, 7, 32]
[4, 32, 37]
[4, 18, 51]
[25, 39, 58]
[8, 39, 44]
[6, 8, 44]
[13, 20, 58]
[15, 51, 58]
[36, 38, 52]
[36, 38, 44]
[29, 36, 38]
[36, 38, 39]
[35, 36, 38]
[22, 36, 38]
[10, 36, 38]
[20, 38, 44]
[38, 39, 44]
[6, 38, 44]
[28, 38, 44]
[38, 44, 57]
[2, 31, 54]
[2, 22, 54]
[7, 13, 35]
[0, 13, 35]
[13, 28, 35]
[13, 35, 36]
[1, 13, 35]
[13, 49, 58]
[0, 13, 20]
[7, 13, 58]
[9, 13, 34]
[13, 19, 36]
[13, 34, 36]
[22, 38, 44]
[10, 38, 44]
[38, 44, 52]
[38, 44, 48]
[22, 36, 44]
[26, 44, 52]
[6, 19, 44]
[21, 39, 58]
[20, 21, 58]
[5, 52, 58]
[5, 36, 52]
[5, 45, 52]
[5, 6, 58]
[5, 29, 58]
[5, 6, 42]
[5, 29, 42]
[0, 5, 50]
[5, 6, 33]
[5, 33, 42]
[5, 33, 36]
[5, 33, 45]
[5, 23, 33]
[5, 15, 33]
[5, 31, 33]
[5, 33, 56]
[5, 14, 33]
[7, 33, 37]
[2, 10, 42]
[7, 22, 52]
[22, 27, 28]
[8, 16, 45]
[3, 16, 51]
[3, 51, 58]
[0, 3, 51]
[3, 15, 58]
[47, 53, 58]
[13, 47, 58]
[27, 47, 53]
[13, 35, 47]
[27, 35, 47]
[35, 47, 59]
[8, 45, 55]
[20, 45, 55]
[11, 45, 55]
[45, 52, 55]
[30, 45, 55]
[19, 45, 55]
[8, 39, 55]
[8, 55, 59]
[8, 11, 55]
[8, 30, 55]
[30, 52, 55]
[19, 29, 41]
[13, 19, 41]
[13, 20, 41]
[13, 35, 41]
[13, 28, 41]
[28, 39, 41]
[35, 39, 41]
[25, 39, 41]
[25, 28, 41]
[9, 11, 56]
[22, 28, 41]
[9, 19, 27]
[9, 19, 45]
[8, 19, 45]
[19, 20, 45]
[11, 30, 45]
[30, 45, 52]
[13, 30, 45]
[30, 45, 53]
[20, 45, 53]
[13, 19, 45]
[0, 18, 51]
[16, 18, 51]
[8, 18, 30]
[18, 30, 59]
[19, 45, 53]
[19, 30, 45]
[30, 40, 45]
[28, 40, 45]
[21, 38, 40]
[28, 38, 40]
[1, 28, 40]
[28, 39, 40]
[30, 34, 40]
[30, 39, 40]
[11, 30, 40]
[25, 40, 57]
[25, 28, 40]
[25, 40, 50]
[17, 28, 54]
[29, 30, 59]
[19, 27, 29]
[19, 20, 27]
[16, 19, 27]
[16, 19, 45]
[16, 19, 52]
[8, 16, 19]
[17, 57, 59]
[17, 20, 57]
[8, 39, 57]
[1, 22, 57]
[1, 20, 57]
[22, 57, 59]
[13, 20, 57]
[1, 13, 57]
[22, 49, 57]
[3, 57, 59]
[3, 39, 57]
[26, 27, 28]
[27, 28, 39]
[6, 19, 45]
[19, 45, 49]
[6, 19, 49]
[15, 27, 43]
[1, 15, 43]
[11, 15, 43]
[15, 43, 51]
[15, 43, 53]
[15, 43, 58]
[1, 20, 43]
[19, 20, 44]
[19, 44, 53]
[19, 44, 57]
[10, 22, 44]
[26, 28, 44]
[28, 39, 44]
[22, 45, 52]
[18, 27, 54]
[18, 28, 54]
[10, 18, 54]
[39, 44, 57]
[20, 44, 57]
[10, 44, 57]
[22, 44, 57]
[10, 22, 57]
[28, 35, 39]
[11, 28, 35]
[1, 7, 22]
[1, 7, 13]
[1, 13, 28]
[8, 26, 44]
[4, 18, 53]
[4, 18, 32]
[4, 14, 32]
[4, 17, 32]
[4, 30, 32]
[4, 12, 18]
[4, 12, 17]
[4, 17, 18]
[4, 17, 20]
[4, 17, 28]
[1, 4, 17]
[4, 17, 51]
[4, 14, 17]
[0, 4, 18]
[1, 17, 57]
[17, 35, 59]
[1, 18, 43]
[18, 42, 43]
[18, 20, 43]
[12, 18, 43]
[12, 43, 51]
[10, 12, 43]
[12, 43, 49]
[9, 12, 43]
[10, 42, 43]
[10, 11, 43]
[10, 20, 43]
[1, 10, 43]
[1, 35, 43]
[11, 35, 43]
[11, 35, 59]
[1, 28, 35]
[1, 13, 20]
[6, 26, 44]
[6, 44, 51]
[22, 49, 59]
[11, 22, 49]
[9, 45, 49]
[9, 26, 49]
[6, 9, 49]
[9, 13, 24]
[9, 24, 34]
[9, 24, 27]
[9, 24, 56]
[9, 29, 56]
[9, 27, 56]
[17, 18, 59]
[1, 17, 18]
[17, 18, 28]
[3, 14, 59]
[3, 14, 39]
[3, 7, 14]
[3, 14, 20]
[3, 8, 14]
[3, 14, 57]
[3, 14, 38]
[3, 14, 15]
[3, 12, 14]
[0, 3, 14]
[3, 14, 37]
[3, 5, 14]
[14, 17, 59]
[14, 17, 39]
[7, 14, 53]
[14, 20, 53]
[14, 38, 53]
[14, 20, 38]
[14, 38, 39]
[8, 14, 30]
[7, 14, 30]
[14, 30, 59]
[14, 30, 39]
[14, 30, 52]
[14, 30, 53]
[8, 14, 59]
[8, 14, 39]
[8, 34, 36]
[12, 36, 51]
[27, 28, 37]
[27, 35, 37]
[20, 37, 44]
[26, 37, 44]
[26, 37, 59]
[11, 26, 37]
[11, 37, 44]
[6, 26, 37]
[6, 37, 44]
[7, 26, 37]
[26, 28, 37]
[28, 37, 44]
[35, 37, 59]
[5, 15, 51]
[5, 15, 58]
[5, 14, 15]
[7, 15, 58]
[15, 48, 51]
[9, 15, 34]
[15, 22, 38]
[15, 38, 48]
[17, 18, 20]
[9, 15, 54]
[15, 27, 54]
[15, 22, 54]
[15, 50, 54]
[17, 35, 54]
[4, 17, 54]
[12, 17, 54]
[17, 49, 54]
[17, 36, 54]
[22, 28, 54]
[12, 22, 54]
[28, 35, 54]
[35, 50, 54]
[35, 41, 54]
[28, 41, 54]
[41, 50, 54]
[22, 41, 54]
[41, 49, 54]
[10, 41, 54]
[29, 41, 54]
[15, 41, 54]
[19, 41, 54]
[19, 45, 54]
[19, 27, 54]
[9, 19, 54]
[19, 54, 57]
[19, 49, 54]
[19, 46, 54]
[19, 21, 54]
[19, 36, 54]
[19, 29, 54]
[15, 19, 54]
[19, 33, 54]
[26, 33, 54]
[33, 34, 54]
[33, 50, 54]
[4, 33, 54]
[9, 33, 54]
[22, 33, 54]
[33, 49, 54]
[33, 46, 54]
[2, 33, 54]
[33, 36, 54]
[17, 33, 54]
[10, 33, 54]
[28, 33, 54]
[32, 33, 54]
[15, 33, 54]
[2, 15, 54]
[2, 26, 54]
[2, 50, 54]
[2, 27, 54]
[2, 12, 54]
[2, 46, 54]
[45, 46, 54]
[34, 46, 54]
[46, 50, 54]
[35, 46, 54]
[4, 46, 54]
[27, 46, 54]
[12, 46, 54]
[46, 49, 54]
[26, 49, 54]
[12, 49, 54]
[9, 49, 54]
[49, 54, 57]
[22, 49, 54]
[22, 54, 57]
[27, 50, 54]
[27, 35, 54]
[12, 50, 54]
[9, 12, 54]
[21, 34, 54]
[21, 35, 54]
[21, 49, 54]
[21, 46, 54]
[36, 50, 54]
[12, 36, 54]
[2, 36, 54]
[34, 36, 54]
[35, 36, 54]
[22, 36, 54]
[17, 54, 57]
[17, 46, 54]
[10, 46, 54]
[10, 12, 54]
[10, 54, 57]
[2, 10, 54]
[10, 22, 54]
[10, 22, 38]
[1, 22, 38]
[22, 38, 57]
[2, 22, 59]
[2, 22, 45]
[2, 7, 22]
[2, 22, 27]
[14, 22, 38]
[7, 14, 39]
[7, 14, 52]
[44, 48, 52]
[39, 44, 48]
[39, 42, 48]
[7, 39, 48]
[6, 12, 48]
[6, 12, 14]
[6, 12, 38]
[6, 38, 48]
[38, 39, 48]
[38, 48, 52]
[5, 42, 45]
[5, 6, 45]
[5, 6, 14]
[5, 14, 52]
[4, 5, 14]
[5, 12, 14]
[5, 6, 12]
[4, 5, 12]
[4, 5, 9]
[5, 9, 45]
[5, 6, 51]
[4, 5, 51]
[5, 12, 30]
[5, 41, 52]
[0, 5, 41]
[5, 14, 41]
[5, 35, 41]
[0, 5, 15]
[21, 22, 27]
[7, 23, 39]
[7, 22, 23]
[7, 13, 23]
[13, 23, 45]
[6, 23, 45]
[11, 23, 45]
[22, 23, 45]
[11, 22, 23]
[11, 23, 39]
[38, 52, 57]
[38, 39, 57]
[19, 55, 57]
[34, 55, 57]
[22, 55, 57]
[39, 55, 57]
[55, 57, 59]
[52, 55, 57]
[17, 55, 57]
[17, 34, 55]
[17, 55, 59]
[17, 39, 55]
[7, 17, 55]
[4, 17, 55]
[17, 55, 58]
[17, 20, 55]
[17, 54, 55]
[17, 46, 55]
[1, 17, 55]
[17, 49, 55]
[12, 17, 55]
[17, 33, 55]
[22, 55, 59]
[11, 22, 55]
[11, 55, 59]
[11, 39, 55]
[23, 39, 55]
[11, 23, 55]
[22, 23, 55]
[11, 34, 55]
[22, 45, 55]
[8, 34, 55]
[8, 23, 55]
[23, 30, 55]
[23, 55, 58]
[7, 23, 55]
[23, 45, 55]
[6, 23, 55]
[19, 23, 55]
[20, 23, 55]
[23, 54, 55]
[21, 23, 55]
[23, 46, 55]
[1, 23, 55]
[23, 49, 55]
[15, 23, 55]
[23, 33, 55]
[16, 23, 55]
[17, 23, 55]
[7, 52, 55]
[22, 52, 55]
[19, 52, 55]
[46, 52, 55]
[4, 46, 55]
[1, 32, 48]
[8, 14, 26]
[8, 19, 27]
[8, 19, 55]
[8, 27, 55]
[6, 8, 55]
[8, 55, 57]
[8, 12, 55]
[15, 27, 55]
[11, 15, 55]
[15, 34, 55]
[7, 15, 55]
[15, 19, 55]
[15, 55, 58]
[15, 21, 55]
[19, 20, 55]
[20, 55, 58]
[20, 27, 55]
[7, 55, 58]
[7, 39, 55]
[39, 55, 58]
[11, 55, 58]
[52, 55, 58]
[27, 39, 55]
[36, 39, 55]
[34, 36, 55]
[19, 27, 55]
[6, 55, 58]
[10, 38, 57]
[48, 51, 59]
[44, 48, 51]
[6, 48, 51]
[21, 51, 58]
[25, 31, 58]
[25, 31, 42]
[25, 31, 50]
[19, 25, 31]
[21, 25, 31]
[25, 31, 57]
[25, 31, 49]
[1, 25, 31]
[25, 28, 31]
[8, 31, 44]
[8, 31, 34]
[8, 19, 31]
[8, 27, 31]
[8, 14, 31]
[8, 31, 45]
[8, 31, 55]
[31, 34, 42]
[31, 44, 50]
[19, 31, 44]
[31, 50, 58]
[19, 27, 31]
[31, 42, 45]
[22, 31, 44]
[21, 31, 58]
[21, 31, 34]
[16, 19, 31]
[1, 21, 31]
[0, 2, 26]
[0, 2, 13]
[0, 2, 27]
[0, 2, 51]
[0, 2, 30]
[2, 7, 26]
[2, 26, 59]
[2, 7, 13]
[2, 13, 34]
[2, 26, 27]
[2, 30, 34]
[2, 30, 59]
[2, 13, 30]
[2, 7, 30]
[2, 15, 27]
[0, 2, 15]
[2, 13, 28]
[2, 26, 28]
[2, 27, 28]
[2, 7, 56]
[2, 26, 56]
[2, 30, 56]
[2, 27, 56]
[0, 2, 56]
[2, 3, 12]
[2, 3, 59]
[29, 48, 59]
[41, 48, 52]
[41, 44, 52]
[8, 18, 54]
[17, 18, 54]
[4, 18, 54]
[12, 18, 54]
[18, 54, 55]
[18, 54, 56]
[4, 5, 18]
[13, 18, 20]
[1, 18, 20]
[1, 13, 18]
[13, 18, 30]
[0, 18, 27]
[0, 13, 18]
[0, 18, 20]
[0, 18, 30]
[0, 5, 18]
[0, 18, 53]
[0, 18, 56]
[10, 18, 42]
[1, 10, 18]
[10, 18, 59]
[3, 12, 48]
[3, 7, 12]
[3, 12, 16]
[10, 13, 18]
[18, 20, 27]
[19, 41, 44]
[19, 20, 41]
[20, 41, 44]
[39, 41, 44]
[41, 44, 48]
[15, 25, 41]
[28, 41, 44]
[28, 41, 48]
[28, 44, 53]
[16, 45, 52]
[16, 26, 52]
[6, 16, 51]
[6, 16, 35]
[16, 26, 45]
[16, 27, 35]
[16, 26, 27]
[12, 16, 38]
[3, 11, 59]
[3, 11, 39]
[3, 12, 51]
[42, 45, 46]
[11, 45, 46]
[0, 3, 50]
[0, 3, 20]
[0, 2, 3]
[3, 7, 39]
[2, 3, 7]
[3, 7, 58]
[17, 47, 59]
[17, 35, 47]
[4, 17, 47]
[17, 47, 51]
[47, 51, 59]
[17, 47, 58]
[3, 38, 39]
[3, 11, 38]
[3, 16, 38]
[3, 7, 15]
[3, 15, 38]
[2, 3, 15]
[3, 11, 15]
[15, 21, 51]
[5, 15, 23]
[15, 21, 34]
[5, 51, 58]
[5, 17, 58]
[21, 23, 38]
[3, 38, 57]
[3, 20, 57]
[35, 38, 39]
[11, 35, 38]
[16, 38, 52]
[22, 29, 38]
[16, 35, 38]
[10, 42, 47]
[10, 47, 59]
[10, 29, 38]
[3, 20, 58]
[3, 39, 58]
[3, 11, 58]
[3, 21, 58]
[3, 21, 51]
[17, 49, 58]
[3, 20, 21]
[16, 38, 53]
[34, 46, 49]
[16, 21, 38]
[19, 21, 49]
[20, 21, 27]
[16, 21, 35]
[16, 21, 34]
[16, 21, 51]
[21, 35, 39]
[15, 21, 58]
[21, 27, 35]
[3, 16, 21]
[6, 21, 35]
[6, 21, 51]
[16, 21, 27]
[20, 21, 38]
[2, 23, 45]
[2, 15, 23]
[11, 15, 23]
[7, 17, 23]
[2, 7, 23]
[17, 23, 39]
[7, 32, 33]
[6, 53, 56]
[7, 53, 56]
[20, 53, 56]
[27, 53, 56]
[0, 53, 56]
[18, 53, 56]
[18, 20, 53]
[18, 27, 53]
[18, 28, 53]
[16, 18, 53]
[16, 45, 53]
[16, 27, 53]
[20, 27, 53]
[20, 38, 53]
[28, 38, 53]
[27, 28, 53]
[15, 27, 53]
[7, 15, 53]
[15, 41, 53]
[15, 38, 53]
[20, 53, 58]
[7, 53, 58]
[6, 53, 58]
[6, 44, 53]
[20, 44, 53]
[41, 44, 53]
[38, 44, 53]
[44, 47, 53]
[15, 19, 53]
[0, 19, 53]
[0, 20, 53]
[0, 41, 53]
[0, 15, 53]
[0, 47, 53]
[45, 49, 53]
[41, 49, 53]
[6, 49, 53]
[4, 46, 53]
[7, 46, 53]
[45, 46, 53]
[27, 46, 53]
[46, 47, 53]
[19, 46, 53]
[7, 36, 53]
[36, 38, 53]
[36, 47, 53]
[36, 44, 53]
[16, 36, 53]
[30, 36, 53]
[7, 30, 53]
[30, 44, 53]
[0, 30, 53]
[30, 49, 53]
[18, 30, 53]
[30, 53, 56]
[14, 41, 53]
[14, 15, 53]
[0, 14, 53]
[14, 49, 53]
[43, 49, 53]
[20, 43, 53]
[27, 43, 53]
[43, 53, 58]
[19, 43, 53]
[18, 43, 53]
[43, 46, 53]
[36, 43, 53]
[0, 43, 53]
[0, 40, 53]
[20, 40, 53]
[40, 45, 53]
[27, 40, 53]
[38, 40, 53]
[28, 40, 53]
[40, 47, 53]
[40, 44, 53]
[19, 40, 53]
[40, 53, 56]
[40, 41, 53]
[15, 40, 53]
[30, 40, 53]
[24, 40, 53]
[7, 24, 53]
[24, 27, 53]
[6, 24, 53]
[24, 44, 53]
[19, 24, 53]
[24, 53, 56]
[24, 41, 53]
[24, 36, 53]
[24, 36, 52]
[10, 24, 36]
[24, 36, 38]
[13, 24, 36]
[24, 34, 36]
[7, 24, 36]
[12, 24, 36]
[24, 35, 36]
[1, 24, 36]
[19, 24, 36]
[24, 36, 44]
[24, 44, 52]
[10, 24, 44]
[24, 38, 44]
[24, 44, 48]
[20, 24, 44]
[19, 24, 44]
[24, 44, 57]
[24, 52, 57]
[24, 57, 59]
[24, 38, 57]
[0, 24, 57]
[13, 24, 57]
[24, 34, 57]
[24, 48, 57]
[20, 24, 57]
[3, 24, 57]
[1, 24, 57]
[19, 24, 57]
[24, 27, 57]
[0, 24, 27]
[21, 24, 27]
[20, 24, 27]
[24, 27, 35]
[19, 24, 27]
[9, 19, 24]
[0, 19, 24]
[13, 19, 24]
[19, 21, 24]
[19, 20, 24]
[3, 19, 24]
[3, 24, 59]
[3, 7, 24]
[3, 24, 38]
[3, 24, 48]
[0, 3, 24]
[3, 21, 24]
[3, 20, 24]
[10, 20, 24]
[20, 24, 38]
[13, 20, 24]
[1, 20, 24]
[0, 20, 24]
[20, 21, 24]
[21, 24, 34]
[21, 24, 38]
[21, 24, 35]
[1, 21, 24]
[1, 10, 24]
[1, 24, 34]
[1, 7, 24]
[1, 24, 38]
[1, 24, 35]
[1, 13, 24]
[10, 13, 24]
[13, 24, 34]
[7, 13, 24]
[13, 24, 35]
[24, 35, 59]
[7, 24, 35]
[24, 35, 38]
[10, 24, 38]
[24, 38, 52]
[7, 24, 52]
[10, 24, 59]
[24, 48, 59]
[7, 24, 48]
[24, 48, 52]
[9, 24, 48]
[24, 38, 48]
[1, 24, 48]
[0, 24, 34]
[0, 24, 35]
[0, 13, 24]
[12, 13, 24]
[7, 12, 24]
[12, 28, 54]
[8, 12, 54]
[11, 49, 58]
[5, 17, 35]
[7, 49, 58]
[7, 26, 33]
[4, 7, 33]
[1, 29, 38]
[1, 28, 38]
[1, 15, 38]
[1, 38, 57]
[1, 35, 38]
[1, 10, 38]
[1, 36, 38]
[16, 36, 38]
[28, 35, 38]
[28, 38, 39]
[3, 28, 38]
[22, 28, 38]
[16, 23, 38]
[23, 38, 44]
[15, 23, 38]
[31, 33, 55]
[31, 45, 55]
[15, 54, 55]
[7, 49, 55]
[45, 49, 55]
[11, 49, 55]
[49, 55, 59]
[49, 55, 58]
[39, 49, 55]
[5, 29, 56]
[5, 52, 56]
[5, 17, 56]
[27, 29, 56]
[7, 52, 56]
[11, 37, 56]
[27, 37, 56]
[17, 37, 56]
[37, 54, 56]
[1, 37, 56]
[20, 37, 56]
[37, 40, 56]
[6, 37, 56]
[33, 37, 56]
[24, 37, 56]
[37, 44, 57]
[4, 17, 37]
[17, 37, 59]
[16, 32, 33]
[32, 33, 49]
[3, 25, 39]
[3, 25, 58]
[3, 11, 25]
[3, 21, 25]
[3, 7, 25]
[3, 16, 25]
[3, 19, 25]
[3, 5, 25]
[0, 3, 25]
[3, 15, 25]
[3, 25, 57]
[3, 25, 28]
[25, 49, 58]
[25, 42, 49]
[11, 25, 49]
[25, 26, 49]
[25, 39, 49]
[11, 25, 58]
[11, 25, 26]
[1, 29, 51]
[8, 11, 39]
[10, 36, 44]
[8, 30, 44]
[17, 43, 58]
[0, 35, 47]
[37, 38, 44]
[5, 25, 31]
[25, 31, 32]
[18, 28, 33]
[10, 18, 33]
[18, 27, 28]
[16, 18, 27]
[13, 18, 28]
[8, 18, 28]
[8, 18, 59]
[8, 18, 42]
[8, 16, 18]
[8, 16, 26]
[16, 25, 26]
[17, 25, 39]
[11, 25, 39]
[16, 25, 32]
[17, 25, 32]
[25, 32, 34]
[0, 25, 57]
[17, 25, 57]
[25, 39, 57]
[25, 34, 57]
[25, 38, 57]
[13, 25, 57]
[19, 25, 57]
[1, 25, 57]
[7, 15, 25]
[0, 15, 25]
[15, 25, 38]
[15, 25, 34]
[15, 19, 25]
[1, 15, 25]
[13, 25, 28]
[13, 25, 34]
[0, 13, 25]
[7, 13, 25]
[0, 25, 34]
[0, 25, 26]
[16, 21, 25]
[21, 25, 34]
[21, 25, 38]
[19, 21, 25]
[1, 21, 25]
[21, 25, 56]
[15, 21, 25]
[21, 25, 40]
[25, 28, 32]
[25, 32, 56]
[6, 16, 25]
[6, 25, 26]
[16, 25, 34]
[0, 25, 41]
[8, 19, 44]
[8, 11, 34]
[8, 16, 27]
[0, 13, 41]
[16, 19, 21]
[19, 21, 27]
[19, 20, 21]
[41, 43, 54]
[37, 41, 54]
[12, 47, 54]
[17, 47, 54]
[8, 27, 54]
[8, 26, 54]
[0, 13, 47]
[10, 13, 47]
[0, 47, 51]
[0, 19, 47]
[19, 27, 47]
[12, 14, 17]
[14, 17, 20]
[7, 14, 17]
[35, 47, 54]
[47, 50, 54]
[10, 47, 54]
[6, 8, 26]
[6, 8, 19]
[8, 39, 42]
[22, 47, 52]
[10, 22, 47]
[22, 47, 59]
[22, 27, 29]
[1, 22, 29]
[44, 47, 52]
[10, 44, 47]
[44, 47, 51]
[19, 44, 47]
[39, 44, 47]
[22, 44, 47]
[7, 22, 49]
[21, 23, 58]
[20, 21, 23]
[11, 23, 44]
[20, 23, 44]
[6, 42, 49]
[7, 14, 49]
[27, 28, 54]
[2, 28, 54]
[26, 28, 54]
[29, 50, 54]
[27, 29, 54]
[22, 29, 54]
[22, 47, 54]
[14, 49, 59]
[14, 41, 52]
[14, 20, 41]
[14, 39, 41]
[0, 13, 57]
[6, 26, 49]
[23, 47, 54]
[23, 29, 54]
[23, 45, 54]
[2, 23, 54]
[21, 23, 54]
[16, 21, 23]
[21, 23, 39]
[6, 21, 23]
[21, 22, 23]
[1, 21, 51]
[8, 28, 54]
[22, 41, 52]
[10, 22, 41]
[22, 29, 41]
[8, 27, 39]
[8, 10, 54]
[8, 34, 54]
[8, 29, 54]
[8, 19, 54]
[28, 38, 48]
[28, 39, 48]
[12, 48, 51]
[29, 48, 51]
[29, 38, 48]
[47, 48, 52]
[47, 48, 59]
[47, 48, 51]
[39, 47, 48]
[44, 47, 48]
[42, 47, 48]
[29, 42, 48]
[1, 29, 48]
[1, 7, 48]
[1, 28, 48]
[1, 38, 48]
[1, 48, 51]
[6, 8, 42]
[6, 8, 56]
[6, 26, 56]
[6, 11, 56]
[6, 9, 56]
[20, 27, 56]
[17, 20, 56]
[0, 20, 56]
[0, 27, 56]
[1, 20, 56]
[1, 17, 56]
[1, 7, 56]
[26, 54, 56]
[27, 54, 56]
[17, 54, 56]
[9, 54, 56]
[2, 54, 56]
[29, 54, 56]
[8, 54, 56]
[8, 26, 56]
[8, 11, 56]
[8, 27, 56]
[11, 35, 37]
[17, 35, 37]
[7, 17, 37]
[7, 13, 37]
[13, 20, 37]
[13, 35, 37]
[13, 28, 37]
[28, 35, 37]
[13, 34, 37]
[6, 35, 37]
[35, 37, 38]
[11, 37, 38]
[20, 37, 38]
[28, 37, 38]
[16, 37, 38]
[1, 37, 38]
[22, 37, 38]
[11, 22, 37]
[22, 37, 59]
[7, 22, 37]
[22, 37, 44]
[1, 22, 37]
[22, 37, 54]
[26, 37, 54]
[28, 37, 54]
[17, 37, 54]
[35, 37, 54]
[16, 35, 37]
[1, 35, 37]
[1, 7, 37]
[1, 13, 37]
[16, 26, 37]
[16, 37, 45]
[16, 27, 37]
[16, 34, 37]
[32, 37, 54]
[18, 32, 37]
[4, 18, 37]
[17, 18, 37]
[18, 37, 54]
[1, 18, 37]
[1, 37, 57]
[39, 48, 49]
[48, 49, 59]
[7, 48, 49]
[15, 19, 21]
[9, 15, 19]
[8, 10, 18]
[19, 37, 44]
[0, 15, 19]
[17, 18, 56]
[42, 48, 49]
[6, 48, 49]
[21, 39, 49]
[21, 49, 58]
[21, 22, 49]
[6, 21, 49]
[21, 34, 49]
[18, 20, 56]
[23, 30, 39]
[2, 23, 30]
[23, 29, 30]
[23, 30, 44]
[6, 23, 38]
[18, 27, 56]
[6, 19, 23]
[28, 31, 54]
[20, 21, 56]
[21, 27, 56]
[8, 23, 54]
[8, 23, 45]
[23, 30, 45]
[11, 23, 30]
[23, 31, 55]
[18, 30, 55]
[19, 37, 45]
[5, 12, 17]
[5, 18, 51]
[5, 12, 18]
[21, 54, 56]
[6, 21, 56]
[8, 18, 56]
[5, 6, 35]
[0, 5, 35]
[0, 4, 5]
[4, 5, 17]
[22, 27, 55]
[12, 34, 55]
[16, 34, 55]
[16, 52, 55]
[12, 16, 55]
[16, 27, 55]
[16, 45, 55]
[12, 22, 55]
[7, 12, 55]
[7, 22, 55]
[12, 54, 55]
[27, 54, 55]
[19, 54, 55]
[45, 54, 55]
[6, 45, 55]
[6, 11, 55]
[1, 18, 56]
[1, 34, 40]
[1, 40, 50]
[1, 10, 40]
[1, 40, 51]
[1, 40, 56]
[1, 38, 40]
[1, 21, 40]
[1, 15, 40]
[1, 40, 55]
[1, 25, 40]
[0, 40, 50]
[0, 26, 40]
[1, 18, 28]
[1, 18, 55]
[22, 32, 52]
[26, 28, 40]
[1, 34, 46]
[16, 32, 46]
[32, 46, 52]
[1, 4, 46]
[1, 46, 55]
[1, 46, 51]
[1, 21, 46]
[1, 25, 46]
[16, 46, 51]
[17, 46, 51]
[2, 46, 51]
[16, 35, 46]
[17, 46, 47]
[2, 45, 46]
[2, 34, 46]
[11, 34, 46]
[27, 46, 47]
[9, 29, 32]
[9, 32, 56]
[29, 32, 56]
[6, 8, 14]
[14, 15, 38]
[14, 57, 59]
[14, 52, 57]
[14, 39, 57]
[14, 20, 57]
[0, 14, 57]
[40, 42, 47]
[10, 40, 42]
[28, 40, 44]
[11, 28, 40]
[40, 42, 45]
[39, 40, 42]
[26, 40, 56]
[10, 40, 57]
[0, 40, 57]
[14, 17, 57]
[14, 38, 57]
[8, 14, 57]
[14, 49, 57]
[44, 48, 57]
[1, 48, 57]
[24, 27, 56]
[14, 17, 49]
[5, 17, 51]
[5, 8, 51]
[5, 29, 51]
[0, 5, 51]
[7, 14, 15]
[5, 29, 41]
[0, 5, 14]
[0, 43, 47]
[0, 26, 43]
[0, 20, 43]
[0, 15, 43]
[0, 35, 43]
[0, 43, 51]
[0, 19, 43]
[0, 27, 43]
[0, 41, 43]
[9, 15, 43]
[9, 43, 54]
[9, 11, 43]
[10, 41, 44]
[14, 21, 38]
[17, 23, 33]
[14, 20, 21]
[14, 15, 21]
[3, 19, 21]
[14, 21, 39]
[1, 20, 21]
[1, 21, 35]
[1, 21, 34]
[1, 21, 56]
[12, 14, 49]
[14, 26, 49]
[3, 15, 54]
[3, 28, 54]
[14, 21, 49]
[14, 39, 49]
[14, 23, 39]
[14, 15, 23]
[14, 23, 38]
[0, 19, 25]
[6, 14, 49]
[14, 22, 49]
[15, 23, 54]
[7, 23, 58]
[7, 15, 23]
[11, 23, 58]
[11, 23, 38]
[3, 14, 21]
[48, 52, 57]
[6, 19, 37]
[16, 19, 37]
[19, 37, 54]
[5, 6, 23]
[5, 23, 29]
[5, 23, 45]
[5, 17, 23]
[1, 5, 23]
[5, 23, 31]
[5, 23, 58]
[5, 23, 32]
[13, 23, 47]
[2, 13, 23]
[1, 13, 23]
[13, 23, 58]
[13, 20, 23]
[17, 23, 47]
[1, 17, 23]
[17, 23, 49]
[23, 45, 49]
[13, 23, 49]
[6, 23, 49]
[23, 49, 54]
[17, 35, 36]
[17, 34, 36]
[18, 27, 55]
[12, 17, 36]
[10, 36, 42]
[0, 25, 56]
[39, 41, 49]
[6, 25, 56]
[6, 25, 42]
[6, 25, 58]
[15, 41, 48]
[0, 3, 15]
[3, 15, 48]
[1, 15, 55]
[15, 33, 34]
[15, 33, 55]
[3, 15, 33]
[15, 25, 54]
[5, 15, 25]
[15, 27, 40]
[3, 28, 39]
[35, 36, 39]
[3, 12, 28]
[3, 20, 37]
[3, 37, 38]
[37, 38, 57]
[30, 36, 44]
[7, 30, 36]
[30, 34, 36]
[30, 44, 52]
[30, 52, 56]
[29, 30, 56]
[7, 30, 56]
[30, 49, 59]
[7, 30, 49]
[30, 45, 49]
[30, 34, 49]
[30, 49, 55]
[13, 30, 49]
[11, 30, 49]
[13, 49, 57]
[17, 49, 57]
[49, 55, 57]
[12, 49, 55]
[34, 49, 55]
[37, 54, 57]
[15, 19, 41]
[20, 23, 32]
[7, 23, 32]
[15, 22, 41]
[40, 41, 44]
[37, 57, 59]
[20, 37, 57]
[20, 37, 41]
[35, 37, 41]
[0, 19, 41]
[22, 41, 44]
[10, 13, 41]
[8, 34, 46]
[7, 35, 46]
[34, 42, 46]
[4, 16, 46]
[4, 7, 46]
[33, 48, 49]
[4, 46, 51]
[4, 11, 46]
[17, 34, 46]
[7, 32, 56]
[32, 52, 56]
[19, 45, 46]
[7, 32, 49]
[9, 32, 49]
[17, 32, 49]
[22, 32, 49]
[7, 33, 49]
[33, 42, 49]
[26, 33, 49]
[9, 33, 49]
[7, 23, 49]
[23, 49, 58]
[14, 33, 49]
[14, 32, 49]
[6, 33, 49]
[22, 33, 49]
[17, 33, 49]
[22, 49, 55]
[6, 49, 55]
[33, 49, 55]
[8, 54, 57]
[8, 23, 39]
[8, 16, 23]
[8, 23, 29]
[8, 11, 23]
[48, 57, 59]
[38, 48, 57]
[39, 48, 57]
[0, 34, 57]
[8, 44, 57]
[7, 17, 46]
[4, 46, 47]
[4, 17, 46]
[46, 54, 56]
[46, 47, 54]
[8, 46, 54]
[4, 10, 46]
[46, 47, 51]
[21, 34, 46]
[21, 35, 46]
[21, 46, 51]
[21, 27, 46]
[19, 27, 46]
[19, 46, 47]
[19, 21, 46]
[11, 39, 40]
[39, 40, 50]
[39, 40, 44]
[27, 39, 40]
[38, 39, 40]
[0, 15, 40]
[15, 34, 40]
[15, 40, 51]
[15, 40, 50]
[0, 40, 56]
[46, 54, 55]
[7, 46, 55]
[16, 46, 55]
[16, 23, 46]
[1, 23, 46]
[27, 46, 55]
[11, 46, 55]
[34, 46, 55]
[45, 46, 55]
[21, 46, 55]
[8, 16, 55]
[8, 18, 55]
[5, 8, 12]
[8, 36, 54]
[4, 5, 8]
[5, 8, 29]
[8, 31, 54]
[31, 50, 54]
[11, 40, 50]
[11, 26, 40]
[5, 6, 8]
[5, 8, 42]
[5, 8, 45]
[0, 5, 56]
[5, 9, 56]
[29, 36, 54]
[10, 36, 54]
[36, 39, 44]
[17, 36, 39]
[36, 39, 42]
[1, 4, 5]
[0, 20, 41]
[0, 35, 41]
[0, 30, 51]
[29, 41, 48]
[13, 41, 49]
[7, 32, 48]
[0, 14, 41]
[14, 41, 49]
[14, 15, 41]
[14, 24, 59]
[14, 24, 53]
[19, 41, 49]
[39, 41, 48]
[12, 24, 51]
[21, 30, 51]
[11, 30, 34]
[0, 30, 34]
[13, 30, 34]
[2, 31, 34]
[0, 13, 30]
[21, 30, 34]
[15, 22, 55]
[23, 44, 47]
[22, 23, 44]
[8, 23, 44]
[23, 47, 58]
[22, 23, 47]
[16, 36, 51]
[27, 31, 54]
[22, 32, 54]
[10, 32, 54]
[32, 49, 54]
[29, 32, 54]
[28, 32, 54]
[8, 32, 54]
[9, 32, 54]
[32, 54, 56]
[17, 32, 54]
[18, 32, 54]
[32, 36, 54]
[3, 32, 54]
[23, 32, 54]
[4, 32, 54]
[25, 32, 54]
[32, 46, 54]
[14, 20, 32]
[14, 32, 52]
[7, 14, 32]
[14, 22, 32]
[14, 30, 32]
[14, 17, 32]
[5, 14, 32]
[9, 32, 48]
[1, 29, 32]
[32, 48, 49]
[23, 32, 49]
[23, 29, 32]
[22, 23, 32]
[1, 23, 32]
[23, 30, 32]
[17, 23, 32]
[14, 23, 32]
[22, 32, 36]
[16, 32, 36]
[18, 32, 36]
[5, 32, 36]
[5, 18, 32]
[18, 28, 32]
[16, 18, 32]
[18, 20, 32]
[18, 32, 56]
[17, 18, 32]
[9, 32, 34]
[20, 32, 43]
[32, 43, 49]
[10, 32, 43]
[1, 32, 43]
[9, 32, 43]
[17, 32, 43]
[18, 32, 43]
[32, 36, 43]
[32, 37, 43]
[3, 32, 43]
[32, 43, 54]
[23, 32, 43]
[4, 32, 43]
[32, 43, 46]
[5, 29, 32]
[5, 32, 52]
[1, 5, 32]
[32, 48, 52]
[0, 3, 19]
[3, 19, 20]
[3, 39, 48]
[40, 50, 56]
[11, 40, 56]
[12, 40, 51]
[3, 12, 40]
[6, 12, 55]
[12, 40, 55]
[12, 36, 55]
[8, 36, 55]
[28, 32, 48]
[29, 32, 48]
[22, 37, 41]
[22, 37, 57]
[10, 22, 36]
[7, 22, 36]
[2, 22, 36]
[22, 36, 47]
[1, 22, 36]
[22, 33, 36]
[7, 17, 36]
[36, 44, 51]
[7, 36, 55]
[17, 36, 55]
[10, 13, 36]
[2, 10, 36]
[10, 18, 36]
[16, 35, 36]
[16, 34, 36]
[16, 36, 52]
[14, 26, 37]
[14, 37, 59]
[7, 14, 37]
[14, 17, 37]
[14, 37, 38]
[14, 37, 57]
[14, 37, 41]
[14, 32, 37]
[0, 14, 30]
[14, 21, 30]
[25, 26, 56]
[11, 25, 56]
[11, 25, 34]
[32, 34, 46]
[3, 38, 48]
[10, 32, 46]
[5, 8, 23]
[5, 18, 56]
[5, 8, 56]
[5, 6, 56]
[5, 8, 18]
[5, 8, 57]
[0, 5, 57]
[5, 17, 32]
[4, 5, 32]
[4, 32, 46]
[18, 20, 55]
[5, 14, 17]
[5, 14, 57]
[5, 8, 14]
[10, 22, 32]
[35, 37, 46]
[7, 25, 56]
[13, 37, 57]
[22, 28, 32]
[22, 29, 32]
[23, 39, 44]
[37, 41, 44]
[13, 37, 41]
[28, 37, 41]
[17, 37, 57]
[1, 32, 56]
[21, 22, 55]
[21, 39, 55]
[21, 34, 55]
[21, 55, 58]
[21, 27, 55]
[20, 21, 55]
[6, 21, 55]
[4, 18, 55]
[27, 55, 57]
[20, 55, 57]
[18, 55, 59]
[1, 34, 55]
[1, 55, 57]
[1, 21, 55]
[1, 7, 55]
[6, 16, 55]
[16, 19, 55]
[6, 19, 55]
[19, 21, 55]
[19, 49, 55]
[19, 37, 41]
[19, 27, 37]
[1, 20, 55]
[1, 22, 55]
[1, 5, 56]
[1, 5, 29]
[14, 20, 37]
[21, 49, 55]
[1, 5, 35]
[17, 18, 55]
[8, 54, 55]
[34, 54, 55]
[22, 54, 55]
[49, 54, 55]
[21, 54, 55]
[16, 21, 55]
[16, 18, 55]
[18, 36, 55]
[22, 36, 55]
[54, 55, 57]
[37, 45, 46]
[34, 37, 46]
[36, 52, 55]
[8, 18, 36]
[2, 36, 42]
[2, 34, 36]
[2, 13, 36]
[43, 46, 47]
[27, 43, 46]
[4, 43, 46]
[42, 43, 46]
[11, 43, 46]
[35, 43, 46]
[10, 43, 46]
[17, 43, 46]
[1, 43, 46]
[37, 43, 46]
[43, 46, 54]
[43, 46, 51]
[4, 18, 43]
[0, 18, 43]
[16, 19, 36]
[19, 37, 46]
[19, 36, 44]
[19, 29, 36]
[19, 30, 55]
[13, 19, 30]
[19, 29, 30]
[1, 36, 55]
[10, 29, 36]
[29, 36, 51]
[36, 47, 51]
[5, 36, 51]
[10, 36, 47]
[36, 42, 47]
[36, 44, 47]
[37, 46, 54]
[11, 37, 46]
[11, 23, 46]
[23, 46, 47]
[3, 46, 54]
[11, 25, 46]
[5, 12, 36]
[5, 29, 36]
[5, 35, 36]
[5, 8, 36]
[35, 36, 47]
[18, 36, 54]
[11, 30, 56]
[0, 30, 56]
[36, 47, 54]
[31, 41, 54]
[31, 32, 54]
[31, 54, 57]
[31, 34, 54]
[31, 49, 54]
[31, 45, 54]
[4, 31, 54]
[22, 31, 54]
[18, 31, 54]
[12, 31, 54]
[21, 31, 54]
[19, 31, 54]
[14, 22, 37]
[19, 33, 55]
[4, 33, 55]
[7, 30, 39]
[25, 38, 39]
[25, 28, 39]
[17, 36, 47]
[3, 8, 54]
[17, 25, 54]
[25, 54, 56]
[25, 28, 54]
[25, 26, 54]
[25, 54, 57]
[25, 34, 54]
[4, 25, 54]
[25, 41, 54]
[25, 50, 54]
[25, 49, 54]
[25, 46, 54]
[21, 25, 54]
[25, 31, 54]
[3, 25, 54]
[17, 25, 28]
[17, 25, 58]
[1, 17, 36]
[19, 36, 47]
[19, 21, 30]
[0, 19, 30]
[19, 30, 44]
[19, 30, 36]
[19, 30, 49]
[8, 19, 30]
[8, 19, 36]
[6, 19, 24]
[19, 24, 37]
[19, 24, 41]
[19, 31, 45]
[1, 13, 36]
[19, 21, 31]
[19, 31, 41]
[8, 30, 56]
[18, 30, 56]
[5, 30, 56]
[8, 30, 39]
[8, 16, 36]
[19, 24, 31]
[8, 19, 23]
[16, 19, 23]
[19, 23, 29]
[19, 20, 23]
[15, 19, 23]
[19, 23, 47]
[19, 23, 54]
[19, 23, 44]
[13, 19, 23]
[19, 23, 45]
[19, 23, 46]
[19, 23, 49]
[19, 23, 30]
[19, 21, 23]
[19, 23, 31]
[19, 23, 43]
[7, 23, 30]
[13, 23, 30]
[14, 23, 30]
[1, 34, 36]
[1, 10, 36]
[16, 18, 36]
[1, 7, 36]
[16, 37, 46]
[27, 37, 46]
[4, 37, 46]
[12, 16, 36]
[17, 20, 23]
[20, 23, 45]
[14, 23, 49]
[30, 39, 49]
[18, 30, 32]
[30, 32, 52]
[7, 13, 30]
[14, 30, 49]
[14, 17, 23]
[30, 39, 44]
[21, 30, 49]
[21, 30, 56]
[5, 30, 32]
[5, 8, 30]
[0, 24, 51]
[24, 48, 51]
[24, 51, 59]
[0, 24, 43]
[24, 43, 53]
[23, 38, 39]
[23, 39, 58]
[3, 5, 58]
[23, 39, 47]
[3, 5, 51]
[0, 3, 5]
[22, 23, 38]
[2, 22, 23]
[2, 22, 33]
[4, 22, 33]
[24, 36, 51]
[5, 25, 57]
[5, 31, 57]
[27, 31, 57]
[0, 3, 57]
[36, 42, 43]
[35, 36, 43]
[19, 36, 43]
[10, 36, 43]
[18, 36, 43]
[3, 5, 12]
[3, 48, 59]
[3, 48, 51]
[3, 28, 48]
[3, 11, 28]
[11, 26, 43]
[27, 35, 43]
[35, 43, 54]
[36, 54, 55]
[26, 43, 54]
[10, 43, 54]
[27, 43, 54]
[31, 50, 52]
[31, 35, 50]
[18, 27, 31]
[18, 31, 42]
[9, 27, 43]
[18, 27, 43]
[10, 18, 43]
[25, 40, 56]
[25, 34, 40]
[25, 40, 42]
[25, 26, 40]
[11, 25, 40]
[0, 25, 40]
[15, 25, 40]
[25, 39, 40]
[25, 38, 40]
[25, 40, 41]
[25, 31, 40]
[10, 40, 44]
[12, 41, 43]
[4, 12, 43]
[16, 36, 55]
[12, 30, 55]
[11, 30, 55]
[30, 39, 55]
[10, 41, 43]
[15, 41, 43]
[35, 41, 43]
[19, 43, 46]
[9, 19, 43]
[19, 24, 43]
[19, 24, 25]
[20, 27, 43]
[18, 43, 51]
[1, 43, 51]
[5, 32, 33]
[22, 32, 33]
[27, 37, 43]
[11, 37, 43]
[26, 37, 43]
[37, 43, 54]
[31, 43, 54]
[23, 31, 54]
[36, 43, 54]
[12, 43, 54]
[15, 43, 54]
[18, 43, 54]
[43, 49, 54]
[23, 43, 54]
[22, 23, 54]
[23, 46, 54]
[3, 37, 54]
[2, 3, 54]
[6, 16, 23]
[5, 6, 25]
[1, 25, 38]
[1, 20, 23]
[20, 23, 38]
[16, 25, 38]
[5, 25, 42]
[0, 5, 25]
[25, 34, 42]
[5, 25, 32]
[3, 25, 38]
[23, 29, 38]
[16, 23, 45]
[30, 34, 55]
[17, 23, 46]
[17, 23, 58]
[2, 3, 28]
[3, 48, 57]
[3, 37, 57]
[3, 37, 59]
[3, 11, 37]
[3, 16, 37]
[3, 28, 37]
[13, 25, 41]
[13, 24, 41]
[24, 52, 56]
[6, 24, 38]
[6, 24, 51]
[6, 24, 35]
[20, 41, 43]
[17, 20, 43]
[35, 43, 47]
[42, 43, 47]
[12, 43, 47]
[10, 43, 47]
[27, 43, 47]
[43, 47, 51]
[4, 17, 43]
[17, 35, 43]
[17, 18, 43]
[17, 43, 51]
[17, 43, 47]
[12, 17, 43]
[35, 37, 43]
[18, 37, 43]
[36, 43, 51]
[0, 34, 40]
[0, 27, 40]
[20, 40, 56]
[27, 40, 56]
[21, 40, 56]
[11, 38, 40]
[10, 38, 40]
[38, 40, 50]
[38, 40, 57]
[11, 40, 45]
[10, 11, 40]
[2, 31, 45]
[2, 31, 42]
[3, 8, 28]
[3, 8, 16]
[3, 8, 11]
[19, 46, 55]
[3, 8, 19]
[3, 12, 43]
[3, 19, 57]
[3, 8, 57]
[3, 5, 8]
[3, 7, 48]
[3, 43, 51]
[3, 15, 43]
[3, 43, 58]
[3, 19, 37]
[36, 43, 47]
[19, 43, 54]
[3, 19, 54]
[3, 16, 19]
[3, 15, 19]
[0, 3, 43]
[19, 20, 43]
[19, 36, 55]
[43, 47, 54]
[20, 37, 43]
[23, 29, 58]
[10, 43, 58]
[43, 51, 58]
[37, 41, 43]
[1, 15, 23]
[1, 21, 23]
[1, 23, 29]
[1, 22, 23]
[1, 7, 23]
[1, 23, 38]
[1, 23, 43]
[23, 30, 49]
[23, 33, 49]
[14, 23, 33]
[12, 36, 43]
[19, 37, 43]
[43, 47, 58]
[11, 43, 58]
[20, 43, 58]
[43, 49, 58]
[42, 43, 49]
[41, 43, 49]
[26, 43, 49]
[13, 30, 36]
[3, 7, 37]
[3, 24, 37]
[24, 37, 44]
[21, 30, 55]
[20, 24, 37]
[15, 21, 23]
[21, 23, 46]
[21, 23, 31]
[8, 23, 31]
[4, 31, 32]
[31, 32, 52]
[31, 45, 52]
[8, 31, 32]
[8, 18, 31]
[5, 8, 31]
[31, 32, 34]
[0, 24, 56]
[20, 24, 56]
[3, 12, 54]
[12, 24, 38]
[7, 24, 56]
[12, 24, 48]
[2, 7, 33]
[21, 24, 56]
[3, 43, 54]
[17, 43, 54]
[24, 35, 43]
[10, 24, 43]
[20, 24, 43]
[24, 27, 43]
[24, 36, 43]
[9, 24, 43]
[12, 24, 43]
[24, 41, 43]
[24, 43, 51]
[1, 24, 43]
[24, 37, 43]
[17, 36, 43]
[1, 17, 43]
[1, 36, 43]
[10, 24, 41]
[24, 41, 48]
[24, 41, 52]
[14, 24, 52]
[24, 34, 55]
[24, 55, 59]
[3, 54, 57]
[0, 24, 41]
[24, 35, 41]
[20, 24, 41]
[3, 12, 24]
[21, 24, 51]
[14, 24, 41]
[0, 14, 24]
[3, 14, 24]
[3, 24, 51]
[25, 34, 46]
[1, 25, 34]
[1, 13, 25]
[3, 25, 46]
[3, 24, 25]
[3, 25, 40]
[3, 11, 43]
[3, 20, 43]
[23, 43, 47]
[23, 43, 46]
[17, 23, 54]
[6, 8, 23]
[6, 23, 58]
[2, 23, 46]
[3, 21, 40]
[21, 23, 49]
[3, 39, 40]
[24, 41, 44]
[5, 25, 41]
[25, 41, 49]
[19, 25, 41]
[17, 25, 56]
[25, 26, 28]
[25, 39, 42]
[25, 31, 41]
[24, 25, 31]
[25, 32, 46]
[25, 28, 38]
[11, 25, 28]
[7, 25, 39]
[7, 25, 26]
[7, 25, 58]
[7, 25, 46]
[25, 42, 46]
[5, 25, 58]
[7, 30, 55]
[30, 55, 59]
[0, 5, 30]
[30, 36, 55]
[5, 30, 45]
[5, 29, 30]
[4, 5, 30]
[5, 14, 30]
[21, 23, 30]
[8, 23, 30]
[20, 23, 58]
[15, 23, 58]
[24, 37, 41]
[24, 44, 51]
[24, 35, 37]
[24, 37, 59]
[21, 24, 55]
[19, 24, 55]
[19, 24, 33]
[14, 24, 38]
[7, 14, 24]
[14, 24, 57]
[14, 20, 24]
[12, 14, 24]
[14, 24, 37]
[6, 14, 24]
[14, 21, 24]
[3, 24, 43]
[24, 27, 37]
[6, 24, 37]
[6, 9, 24]
[24, 37, 57]
[7, 24, 37]
[24, 27, 31]
[24, 31, 44]
[9, 24, 31]
[13, 24, 37]
[24, 34, 37]
[24, 37, 38]
[24, 31, 35]
[1, 24, 37]
[1, 24, 51]
[1, 24, 56]
[12, 24, 55]
[24, 52, 55]
[20, 24, 55]
[24, 36, 55]
[7, 24, 55]
[24, 27, 55]
[24, 55, 57]
[1, 24, 55]
[22, 23, 29]
[5, 23, 30]
[15, 22, 23]
[23, 45, 46]
[6, 24, 56]
[6, 12, 24]
[6, 24, 48]
[23, 32, 46]
[7, 23, 46]
[22, 23, 49]
[6, 21, 24]
[6, 24, 55]
[6, 24, 44]
[23, 39, 49]
[6, 24, 25]
[21, 24, 25]
[0, 24, 25]
[0, 24, 40]
[10, 24, 40]
[13, 24, 25]
[24, 25, 41]
[5, 14, 23]
[6, 14, 23]
[14, 21, 23]
[8, 14, 23]
[11, 23, 49]
[2, 33, 42]
[2, 26, 33]
[4, 5, 33]
[9, 33, 45]
[9, 26, 33]
[17, 33, 37]
[16, 33, 37]
[7, 14, 23]
[16, 23, 33]
[7, 14, 33]
[7, 33, 36]
[7, 33, 48]
[1, 7, 25]
[7, 25, 49]
[7, 17, 25]
[7, 22, 33]
[1, 40, 57]
[1, 37, 40]
[0, 40, 47]
[0, 30, 40]
[37, 40, 44]
[37, 38, 40]
[26, 37, 40]
[30, 40, 44]
[15, 38, 40]
[40, 44, 50]
[21, 40, 50]
[21, 39, 40]
[0, 3, 40]
[3, 15, 40]
[3, 40, 50]
[3, 38, 40]
[3, 11, 40]
[3, 40, 51]
[3, 28, 40]
[3, 40, 57]
[0, 40, 51]
[30, 40, 56]
[27, 40, 50]
[21, 27, 40]
[26, 27, 40]
[27, 28, 40]
[21, 30, 40]
[11, 43, 49]
[9, 43, 49]
[17, 43, 49]
[3, 37, 43]
[17, 37, 43]
[1, 37, 43]
[17, 23, 43]
[23, 43, 58]
[20, 23, 43]
[23, 33, 43]
[33, 37, 43]
[9, 33, 43]
[33, 42, 43]
[15, 23, 43]
[11, 23, 43]
[23, 43, 49]
[19, 43, 49]
[9, 31, 43]
[12, 31, 43]
[31, 32, 43]
[1, 31, 43]
[27, 31, 43]
[31, 43, 58]
[31, 35, 43]
[18, 31, 43]
[4, 31, 43]
[23, 31, 43]
[31, 42, 43]
[31, 41, 43]
[31, 43, 49]
[19, 31, 43]
[24, 31, 43]
[22, 27, 31]
[2, 27, 31]
[21, 31, 49]
[17, 25, 46]
[11, 37, 40]
[40, 44, 47]
[38, 40, 44]
[40, 44, 51]
[11, 40, 44]
[26, 40, 44]
[13, 25, 49]
[6, 25, 49]
[25, 34, 49]
[19, 20, 40]
[19, 40, 41]
[19, 40, 47]
[3, 19, 40]
[19, 30, 40]
[39, 40, 57]
[27, 40, 57]
[37, 40, 57]
[40, 55, 57]
[11, 15, 40]
[13, 19, 25]
[19, 25, 54]
[16, 19, 25]
[19, 25, 49]
[19, 25, 46]
[19, 40, 57]
[34, 40, 57]
[40, 44, 57]
[28, 40, 41]
[40, 41, 50]
[21, 40, 51]
[19, 27, 40]
[39, 40, 41]
[0, 40, 41]
[10, 40, 41]
[24, 40, 41]
[33, 34, 42]
[7, 33, 56]
[9, 33, 56]
[2, 33, 34]
[19, 33, 45]
[16, 19, 33]
[19, 33, 36]
[19, 33, 46]
[19, 33, 43]
[6, 19, 33]
[19, 23, 33]
[15, 19, 33]
[19, 33, 44]
[1, 25, 56]
[4, 25, 46]
[17, 25, 34]
[5, 17, 25]
[11, 25, 38]
[21, 25, 49]
[15, 21, 40]
[37, 40, 45]
[26, 40, 45]
[39, 40, 47]
[40, 47, 50]
[11, 34, 40]
[34, 40, 42]
[21, 34, 40]
[31, 34, 40]
[31, 34, 49]
[30, 40, 51]
[40, 47, 51]
[27, 40, 47]
[12, 40, 50]
[31, 40, 44]
[12, 38, 40]
[15, 40, 41]
[27, 37, 40]
[3, 37, 40]
[28, 37, 40]
[37, 40, 41]
[10, 40, 50]
[10, 40, 47]
[25, 32, 49]
[13, 25, 58]
[17, 25, 49]
[5, 25, 56]
[1, 17, 25]
[25, 49, 57]
[1, 5, 25]
[19, 25, 40]
[19, 21, 40]
[15, 19, 40]
[0, 19, 40]
[19, 40, 45]
[19, 40, 44]
[34, 37, 40]
[19, 37, 40]
[11, 40, 55]
[21, 40, 55]
[30, 40, 55]
[39, 40, 55]
[34, 40, 55]
[15, 40, 55]
[27, 40, 55]
[40, 45, 55]
[19, 40, 55]
[24, 34, 40]
[24, 40, 56]
[3, 24, 40]
[24, 40, 51]
[20, 24, 40]
[19, 24, 40]
[1, 24, 40]
[7, 24, 25]
[1, 24, 25]
[24, 25, 56]
[24, 25, 57]
[24, 25, 34]
[24, 25, 38]
[28, 33, 48]
[26, 28, 33]
[2, 28, 33]
[16, 33, 55]
[33, 54, 55]
[18, 33, 55]
[7, 33, 55]
[33, 46, 55]
[6, 33, 55]
[33, 34, 55]
[33, 54, 56]
[2, 33, 56]
[33, 36, 55]
[31, 54, 55]
[21, 31, 55]
[33, 45, 55]
[22, 33, 55]
[24, 40, 55]
[24, 33, 55]
[23, 33, 44]
[7, 23, 33]
[2, 10, 33]
[14, 15, 33]
[33, 42, 48]
[10, 33, 44]
[33, 44, 48]
[28, 33, 44]
[17, 33, 34]
[9, 33, 34]
[16, 33, 34]
[33, 34, 46]
[33, 34, 37]
[33, 34, 36]
[18, 33, 56]
[18, 33, 42]
[4, 18, 33]
[18, 32, 33]
[6, 23, 33]
[15, 23, 33]
[2, 23, 33]
[18, 33, 43]
[16, 18, 33]
[6, 9, 33]
[6, 33, 48]
[6, 14, 33]
[6, 26, 33]
[6, 33, 56]
[23, 32, 33]
[32, 33, 48]
[14, 32, 33]
[32, 33, 37]
[10, 32, 33]
[28, 32, 33]
[32, 33, 56]
[32, 33, 43]
[3, 32, 33]
[9, 32, 33]
[17, 32, 33]
[32, 33, 36]
[4, 32, 33]
[24, 40, 57]
[18, 33, 54]
[24, 25, 40]
[12, 24, 40]
[24, 38, 40]
[21, 24, 40]
[24, 37, 40]
[24, 40, 44]
[24, 27, 40]
[24, 33, 34]
[7, 24, 33]
[6, 24, 33]
[24, 33, 48]
[14, 24, 33]
[24, 33, 56]
[9, 24, 33]
[14, 22, 33]
[22, 28, 33]
[33, 42, 46]
[16, 33, 46]
[22, 33, 45]
[22, 23, 33]
[22, 33, 44]
[10, 22, 33]
[33, 43, 46]
[24, 33, 44]
[26, 33, 44]
[33, 36, 44]
[18, 33, 36]
[17, 18, 33]
[17, 33, 56]
[14, 17, 33]
[16, 26, 33]
[26, 33, 56]
[14, 26, 33]
[33, 45, 46]
[2, 33, 45]
[16, 33, 45]
[33, 42, 45]
[4, 14, 33]
[4, 33, 46]
[10, 24, 33]
[24, 33, 36]
[26, 33, 45]
[10, 33, 42]
[23, 33, 46]
[3, 33, 46]
[2, 3, 33]
[23, 33, 45]
[23, 33, 54]
[4, 17, 33]
[4, 28, 33]
[3, 33, 48]
[3, 19, 33]
[3, 7, 33]
[4, 10, 33]
[4, 33, 44]
[2, 33, 36]
[33, 36, 42]
[17, 33, 36]
[10, 33, 36]
[4, 24, 33]
[4, 16, 33]
[16, 33, 36]
[28, 33, 37]
[22, 33, 37]
[4, 33, 37]
[18, 33, 37]
[26, 33, 37]
[33, 37, 45]
[24, 33, 37]
[3, 24, 33]
[33, 37, 44]
[33, 37, 54]
[14, 33, 37]
[3, 28, 33]
[3, 16, 33]
[3, 33, 37]
[3, 14, 33]
[3, 33, 54]
[26, 33, 43]
[3, 33, 43]
[24, 31, 55]
[21, 24, 31]
[14, 24, 31]
[24, 31, 33]
[24, 31, 34]
[24, 31, 41]
[24, 31, 52]
[1, 24, 31]
[24, 31, 57]
[24, 31, 40]
[24, 33, 43]
[31, 41, 49]
[22, 31, 41]
[31, 41, 44]
[14, 31, 41]
[5, 31, 41]
[31, 40, 41]
[31, 41, 52]
[5, 31, 50]
[5, 31, 35]
[5, 31, 58]
[5, 12, 31]
[5, 9, 31]
[5, 31, 42]
[31, 42, 49]
[23, 31, 49]
[9, 31, 49]
[31, 45, 49]
[31, 49, 58]
[31, 49, 57]
[31, 32, 49]
[5, 18, 31]
[14, 31, 49]
[22, 31, 49]
[31, 49, 55]
[12, 18, 31]
[31, 52, 57]
[31, 44, 57]
[31, 34, 57]
[2, 23, 31]
[1, 18, 31]
[31, 44, 52]
[31, 52, 58]
[23, 31, 44]
[23, 31, 58]
[23, 31, 45]
[18, 31, 33]
[18, 28, 31]
[18, 31, 55]
[14, 31, 57]
[14, 23, 31]
[14, 31, 52]
[5, 31, 45]
[14, 21, 31]
[5, 14, 31]
[2, 22, 31]
[22, 31, 45]
[22, 23, 31]
[5, 31, 52]
[31, 40, 57]
[31, 40, 42]
[1, 5, 31]
[1, 23, 31]
[1, 31, 57]
[1, 31, 40]
[27, 31, 40]
[19, 31, 40]
[22, 28, 31]
[22, 31, 52]
[31, 40, 45]
[22, 31, 32]
[28, 31, 32]
[23, 31, 32]
[31, 32, 33]
[5, 31, 32]
[9, 31, 32]
[1, 31, 32]
[1, 31, 55]
[22, 31, 55]
[21, 22, 31]
[22, 31, 57]
[22, 31, 33]
[14, 22, 31]
[18, 31, 32]
[28, 31, 45]
[28, 31, 44]
[14, 31, 32]
[2, 28, 31]
[28, 31, 40]
[27, 28, 31]
[21, 31, 50]
[21, 31, 35]
[21, 31, 40]
[21, 27, 31]
[19, 31, 55]
[4, 31, 55]
[31, 34, 55]
[27, 31, 55]
[31, 55, 58]
[31, 52, 55]
[1, 22, 31]
[12, 31, 55]
[31, 55, 57]
[31, 40, 55]
[28, 31, 33]
[19, 31, 33]
[17, 33, 43]
[33, 43, 54]
[33, 43, 49]
[33, 36, 43]
[15, 33, 43]
[10, 33, 43]
[31, 33, 44]
[31, 33, 50]
[31, 33, 54]
[14, 31, 33]
[31, 33, 43]
[23, 31, 33]
[31, 33, 45]
[31, 33, 49]
[31, 33, 34]
[4, 33, 43]
[4, 31, 33]
