[9, 11]
[8, 11]
[3, 11]
[3, 26]
[2, 26]
[1, 26]
[8, 26]
[5, 26]
[7, 26]
[9, 26]
[46, 52]
[7, 52]
[4, 52]
[3, 52]
[5, 52]
[11, 52]
[12, 52]
[13, 52]
[14, 52]
[15, 52]
[26, 52]
[30, 52]
[33, 52]
[37, 52]
[48, 52]
[47, 52]
[45, 52]
[39, 52]
[0, 52]
[6, 9]
[20, 32]
[22, 32]
[21, 22]
[1, 21]
[6, 22]
[1, 22]
[10, 16]
[6, 16]
[1, 16]
[6, 10]
[1, 10]
[10, 31]
[6, 31]
[1, 9]
[9, 27]
[21, 27]
[10, 40]
[1, 40]
[20, 40]
[16, 40]
[23, 40]
[24, 40]
[4, 40]
[12, 40]
[17, 32]
[6, 32]
[1, 32]
[23, 32]
[24, 32]
[4, 32]
[13, 32]
[1, 6]
[6, 23]
[16, 23]
[7, 16]
[7, 22]
[7, 17]
[7, 24]
[21, 23]
[7, 53]
[17, 53]
[11, 17]
[11, 16]
[1, 11]
[11, 20]
[11, 24]
[11, 13]
[11, 32]
[11, 49]
[11, 29]
[11, 44]
[11, 47]
[0, 11]
[11, 19]
[11, 35]
[11, 34]
[11, 51]
[11, 18]
[11, 15]
[11, 54]
[10, 20]
[1, 20]
[8, 48]
[17, 48]
[9, 48]
[22, 48]
[20, 22]
[20, 23]
[16, 24]
[6, 24]
[17, 21]
[6, 17]
[9, 16]
[9, 19]
[19, 20]
[10, 18]
[23, 24]
[9, 18]
[1, 18]
[6, 29]
[24, 41]
[6, 41]
[1, 41]
[23, 41]
[22, 41]
[41, 46]
[36, 41]
[39, 41]
[41, 44]
[25, 41]
[28, 41]
[31, 41]
[12, 41]
[41, 48]
[34, 41]
[32, 41]
[41, 53]
[41, 49]
[13, 41]
[38, 41]
[33, 41]
[3, 41]
[37, 41]
[23, 29]
[12, 22]
[7, 12]
[17, 22]
[24, 46]
[6, 46]
[16, 46]
[1, 46]
[23, 46]
[29, 46]
[11, 26]
[10, 35]
[1, 35]
[8, 24]
[8, 40]
[6, 8]
[8, 32]
[8, 31]
[8, 44]
[8, 35]
[8, 45]
[8, 17]
[8, 25]
[8, 28]
[8, 15]
[2, 8]
[8, 13]
[8, 33]
[3, 8]
[8, 37]
[8, 51]
[8, 50]
[13, 33]
[27, 40]
[20, 27]
[16, 27]
[1, 27]
[7, 18]
[18, 40]
[16, 35]
[20, 35]
[23, 35]
[9, 35]
[18, 24]
[35, 40]
[24, 35]
[18, 29]
[26, 35]
[10, 36]
[18, 26]
[17, 18]
[1, 36]
[18, 25]
[18, 28]
[7, 36]
[2, 18]
[18, 48]
[23, 36]
[18, 32]
[18, 53]
[18, 49]
[13, 18]
[18, 38]
[18, 33]
[18, 37]
[18, 41]
[18, 51]
[18, 50]
[12, 20]
[1, 12]
[10, 27]
[22, 36]
[13, 15]
[6, 15]
[1, 15]
[13, 14]
[14, 16]
[1, 14]
[7, 14]
[14, 23]
[14, 40]
[14, 22]
[14, 29]
[14, 26]
[14, 35]
[14, 45]
[14, 25]
[14, 31]
[12, 14]
[14, 43]
[2, 14]
[14, 48]
[14, 32]
[14, 33]
[14, 37]
[14, 47]
[14, 41]
[14, 51]
[14, 50]
[8, 14]
[14, 30]
[14, 54]
[36, 46]
[26, 36]
[24, 31]
[22, 31]
[23, 31]
[1, 31]
[26, 31]
[31, 45]
[35, 36]
[5, 20]
[1, 5]
[21, 24]
[20, 21]
[21, 31]
[21, 29]
[9, 45]
[7, 45]
[10, 45]
[6, 45]
[44, 53]
[22, 53]
[20, 53]
[23, 53]
[29, 53]
[46, 53]
[15, 53]
[31, 53]
[12, 53]
[17, 44]
[44, 45]
[29, 44]
[16, 44]
[36, 44]
[20, 45]
[29, 45]
[45, 46]
[35, 45]
[0, 49]
[0, 32]
[0, 22]
[0, 16]
[0, 6]
[0, 35]
[0, 45]
[0, 28]
[0, 15]
[0, 31]
[0, 12]
[0, 43]
[0, 2]
[0, 48]
[0, 53]
[0, 13]
[0, 33]
[0, 3]
[0, 37]
[0, 51]
[0, 50]
[0, 18]
[0, 14]
[0, 19]
[0, 4]
[0, 5]
[0, 42]
[0, 27]
[36, 45]
[26, 27]
[21, 36]
[21, 45]
[21, 39]
[21, 25]
[21, 28]
[15, 21]
[21, 34]
[21, 38]
[21, 33]
[21, 37]
[21, 47]
[21, 41]
[21, 54]
[14, 21]
[19, 21]
[4, 21]
[5, 21]
[0, 21]
[16, 17]
[1, 17]
[17, 23]
[17, 29]
[17, 35]
[17, 36]
[9, 39]
[23, 39]
[7, 39]
[7, 34]
[1, 34]
[1, 39]
[6, 34]
[16, 39]
[17, 39]
[39, 40]
[22, 39]
[29, 39]
[39, 46]
[35, 39]
[36, 39]
[39, 45]
[25, 29]
[29, 34]
[24, 34]
[24, 25]
[34, 46]
[6, 25]
[26, 34]
[10, 25]
[30, 34]
[17, 30]
[7, 30]
[1, 25]
[30, 43]
[16, 30]
[6, 30]
[20, 30]
[30, 40]
[30, 46]
[26, 30]
[30, 35]
[30, 45]
[30, 39]
[15, 30]
[30, 32]
[8, 30]
[27, 30]
[30, 53]
[30, 48]
[30, 31]
[30, 49]
[30, 38]
[30, 50]
[32, 33]
[4, 8]
[23, 33]
[7, 33]
[1, 33]
[22, 33]
[33, 35]
[20, 33]
[33, 39]
[33, 43]
[9, 25]
[19, 44]
[19, 22]
[19, 36]
[19, 46]
[19, 23]
[19, 35]
[16, 19]
[19, 45]
[13, 19]
[12, 19]
[19, 51]
[8, 19]
[19, 53]
[19, 49]
[19, 38]
[19, 50]
[14, 19]
[24, 48]
[20, 48]
[25, 48]
[44, 48]
[43, 48]
[28, 48]
[2, 48]
[40, 48]
[34, 48]
[4, 48]
[48, 51]
[37, 48]
[15, 48]
[43, 44]
[12, 29]
[16, 25]
[25, 45]
[12, 24]
[12, 23]
[20, 25]
[13, 53]
[47, 53]
[51, 53]
[7, 54]
[28, 34]
[34, 35]
[25, 34]
[34, 39]
[34, 43]
[13, 34]
[33, 34]
[12, 34]
[25, 44]
[12, 54]
[13, 54]
[36, 54]
[52, 54]
[6, 54]
[18, 54]
[24, 54]
[45, 54]
[41, 54]
[20, 54]
[25, 54]
[39, 54]
[33, 54]
[40, 54]
[47, 54]
[4, 54]
[51, 54]
[36, 43]
[7, 43]
[27, 53]
[23, 43]
[43, 45]
[25, 43]
[3, 23]
[3, 22]
[1, 3]
[3, 10]
[3, 36]
[3, 32]
[32, 54]
[32, 47]
[5, 34]
[5, 44]
[5, 46]
[28, 44]
[5, 36]
[16, 28]
[28, 35]
[1, 28]
[12, 36]
[5, 14]
[4, 14]
[4, 15]
[5, 15]
[15, 17]
[15, 23]
[15, 46]
[15, 35]
[15, 29]
[15, 20]
[15, 44]
[15, 39]
[15, 28]
[2, 15]
[12, 15]
[15, 34]
[15, 37]
[15, 47]
[15, 27]
[10, 28]
[24, 28]
[5, 17]
[5, 39]
[5, 43]
[5, 28]
[2, 5]
[5, 12]
[5, 40]
[28, 39]
[28, 43]
[2, 44]
[2, 25]
[2, 29]
[2, 17]
[2, 10]
[2, 39]
[2, 43]
[2, 28]
[12, 46]
[12, 17]
[12, 25]
[12, 39]
[37, 44]
[37, 45]
[10, 37]
[22, 37]
[36, 37]
[6, 37]
[37, 46]
[23, 37]
[24, 37]
[35, 37]
[4, 22]
[4, 10]
[1, 4]
[4, 36]
[4, 7]
[5, 37]
[3, 5]
[5, 27]
[5, 38]
[5, 33]
[5, 51]
[5, 47]
[9, 37]
[20, 37]
[37, 39]
[28, 37]
[2, 37]
[12, 37]
[37, 40]
[3, 7]
[3, 20]
[3, 39]
[3, 43]
[2, 3]
[13, 44]
[13, 22]
[1, 13]
[13, 17]
[9, 13]
[13, 20]
[13, 25]
[13, 39]
[2, 13]
[13, 37]
[3, 13]
[2, 33]
[12, 33]
[33, 37]
[3, 33]
[27, 34]
[27, 44]
[27, 41]
[27, 43]
[2, 27]
[12, 27]
[3, 27]
[13, 27]
[9, 50]
[10, 50]
[27, 33]
[27, 54]
[3, 31]
[3, 4]
[4, 18]
[26, 37]
[4, 12]
[4, 17]
[4, 24]
[4, 16]
[4, 45]
[4, 41]
[4, 25]
[2, 4]
[4, 34]
[4, 37]
[4, 33]
[4, 27]
[12, 31]
[31, 34]
[31, 48]
[13, 31]
[31, 54]
[36, 49]
[6, 49]
[27, 49]
[28, 49]
[25, 49]
[24, 49]
[9, 49]
[16, 49]
[39, 49]
[43, 49]
[4, 49]
[2, 49]
[3, 49]
[31, 49]
[49, 53]
[49, 54]
[31, 38]
[12, 38]
[16, 38]
[10, 38]
[38, 52]
[2, 38]
[17, 38]
[38, 46]
[22, 38]
[7, 38]
[35, 38]
[6, 38]
[37, 38]
[38, 43]
[20, 38]
[38, 44]
[28, 38]
[34, 38]
[38, 48]
[3, 38]
[13, 38]
[38, 53]
[33, 38]
[38, 54]
[15, 38]
[4, 38]
[10, 47]
[38, 49]
[26, 54]
[15, 26]
[7, 47]
[22, 47]
[45, 47]
[17, 47]
[46, 47]
[20, 47]
[36, 47]
[44, 47]
[39, 47]
[28, 47]
[2, 47]
[13, 47]
[3, 47]
[31, 47]
[38, 47]
[19, 26]
[26, 38]
[34, 51]
[23, 51]
[6, 51]
[22, 51]
[24, 51]
[32, 51]
[16, 51]
[35, 51]
[29, 51]
[12, 51]
[9, 51]
[41, 51]
[20, 51]
[17, 51]
[44, 51]
[2, 51]
[13, 51]
[3, 51]
[4, 51]
[37, 51]
[31, 51]
[26, 51]
[41, 42]
[22, 42]
[42, 52]
[6, 42]
[23, 42]
[24, 42]
[9, 42]
[20, 42]
[8, 42]
[42, 44]
[42, 48]
[36, 42]
[42, 46]
[39, 42]
[28, 42]
[2, 42]
[12, 42]
[40, 42]
[34, 42]
[13, 42]
[3, 42]
[33, 42]
[42, 49]
[14, 42]
[42, 54]
[15, 42]
[19, 42]
[26, 42]
[22, 50]
[50, 52]
[24, 50]
[29, 50]
[16, 50]
[41, 50]
[25, 50]
[46, 50]
[44, 50]
[39, 50]
[2, 50]
[40, 50]
[13, 50]
[3, 50]
[50, 53]
[49, 50]
[27, 50]
[37, 50]
[15, 50]
[5, 50]
[38, 50]
[31, 50]
[50, 51]
[26, 50]
[42, 50]
