[6, 13, 15]
[4, 13, 15]
[11, 13, 15]
[4, 11, 15]
[4, 5, 11]
[3, 4, 11]
[5, 11, 16]
[11, 15, 16]
[11, 16, 21]
[6, 8, 10]
[2, 6, 8]
[1, 6, 8]
[1, 4, 5]
[1, 5, 6]
[1, 5, 19]
[1, 3, 7]
[1, 3, 12]
[3, 12, 17]
[3, 17, 18]
[3, 9, 16]
[3, 11, 16]
[3, 11, 12]
[3, 10, 12]
[16, 21, 24]
[5, 16, 24]
[15, 16, 24]
[3, 10, 16]
[3, 14, 16]
[3, 16, 18]
[3, 11, 23]
[3, 10, 23]
[3, 18, 23]
[3, 11, 18]
[3, 10, 18]
[3, 12, 18]
[3, 9, 10]
[3, 4, 9]
[3, 9, 14]
[3, 11, 14]
[1, 3, 23]
[1, 3, 4]
[3, 7, 10]
[3, 4, 7]
[3, 7, 23]
[3, 7, 18]
[5, 9, 16]
[9, 10, 16]
[15, 16, 21]
[0, 8, 23]
[0, 11, 23]
[5, 16, 20]
[15, 16, 20]
[15, 16, 18]
[11, 16, 18]
[10, 16, 20]
[4, 5, 19]
[4, 15, 19]
[15, 19, 21]
[2, 4, 13]
[4, 11, 13]
[6, 8, 9]
[6, 9, 10]
[11, 27, 29]
[13, 27, 29]
[1, 4, 19]
[8, 9, 10]
[6, 10, 13]
[4, 13, 26]
[10, 13, 26]
[2, 13, 26]
[6, 13, 26]
[6, 10, 26]
[2, 6, 26]
[2, 4, 26]
[10, 20, 26]
[5, 6, 9]
[13, 20, 26]
[13, 18, 26]
[6, 18, 26]
[4, 7, 19]
[7, 10, 19]
[4, 5, 9]
[2, 6, 13]
[6, 7, 13]
[7, 10, 13]
[4, 7, 13]
[6, 7, 10]
[7, 10, 18]
[6, 7, 18]
[7, 13, 18]
[9, 14, 16]
[11, 14, 16]
[2, 4, 5]
[2, 5, 6]
[15, 16, 19]
[10, 16, 19]
[5, 16, 19]
[16, 19, 21]
[5, 16, 18]
[5, 18, 28]
[13, 18, 28]
[14, 16, 25]
[5, 16, 25]
[15, 16, 25]
[10, 16, 25]
[16, 21, 25]
[16, 19, 25]
[16, 18, 25]
[4, 5, 25]
[4, 13, 25]
[10, 13, 25]
[13, 15, 25]
[4, 15, 25]
[8, 10, 25]
[15, 21, 25]
[13, 14, 25]
[5, 19, 25]
[4, 19, 25]
[10, 19, 25]
[15, 19, 25]
[1, 8, 25]
[1, 4, 25]
[18, 21, 25]
[15, 18, 25]
[10, 18, 25]
[5, 18, 25]
[18, 19, 25]
[13, 18, 25]
[7, 18, 25]
[15, 18, 21]
[11, 18, 21]
[16, 18, 21]
[18, 21, 26]
[18, 19, 21]
[13, 15, 18]
[10, 13, 18]
[11, 13, 18]
[11, 13, 14]
[11, 13, 29]
[2, 13, 29]
[7, 18, 19]
[7, 18, 22]
[7, 18, 23]
[2, 13, 18]
[6, 13, 18]
[13, 15, 20]
[11, 21, 29]
[11, 15, 21]
[3, 10, 26]
[8, 10, 23]
[2, 8, 23]
[6, 8, 23]
[2, 6, 23]
[5, 6, 17]
[6, 15, 17]
[3, 17, 29]
[12, 17, 29]
[6, 13, 17]
[13, 15, 17]
[15, 21, 24]
[11, 21, 24]
[5, 17, 24]
[15, 17, 24]
[13, 17, 29]
[6, 10, 23]
[10, 20, 23]
[2, 23, 24]
[11, 23, 24]
[20, 23, 24]
[6, 23, 28]
[8, 23, 28]
[11, 23, 28]
[1, 6, 23]
[1, 8, 23]
[10, 22, 23]
[2, 22, 23]
[6, 17, 27]
[15, 17, 27]
[3, 17, 27]
[6, 22, 23]
[22, 23, 24]
[4, 5, 24]
[5, 11, 24]
[8, 10, 12]
[10, 12, 20]
[1, 8, 12]
[3, 12, 29]
[11, 12, 29]
[1, 12, 29]
[11, 15, 24]
[10, 13, 20]
[4, 15, 24]
[11, 13, 28]
[4, 13, 28]
[4, 11, 24]
[2, 4, 24]
[13, 15, 28]
[11, 16, 24]
[16, 20, 24]
[15, 20, 24]
[5, 20, 24]
[2, 5, 24]
[6, 8, 28]
[6, 15, 28]
[11, 15, 28]
[17, 24, 29]
[4, 15, 28]
[4, 11, 28]
[11, 21, 27]
[15, 21, 27]
[21, 27, 29]
[24, 27, 29]
[3, 27, 29]
[19, 27, 29]
[22, 27, 29]
[6, 10, 27]
[6, 15, 27]
[11, 15, 27]
[11, 27, 28]
[15, 27, 28]
[5, 6, 28]
[6, 7, 23]
[7, 10, 23]
[5, 11, 28]
[6, 13, 28]
[13, 17, 27]
[17, 24, 27]
[17, 27, 29]
[4, 5, 22]
[4, 5, 28]
[20, 24, 26]
[2, 4, 22]
[2, 6, 22]
[6, 10, 22]
[5, 6, 22]
[2, 5, 22]
[2, 22, 24]
[4, 22, 24]
[5, 22, 24]
[7, 22, 23]
[6, 7, 22]
[4, 7, 22]
[7, 10, 22]
[6, 18, 22]
[2, 18, 22]
[10, 18, 22]
[5, 18, 22]
[18, 22, 23]
[1, 4, 7]
[1, 6, 7]
[1, 7, 23]
[2, 24, 26]
[13, 18, 20]
[4, 13, 22]
[10, 13, 22]
[2, 13, 22]
[13, 14, 22]
[6, 13, 22]
[7, 13, 22]
[13, 18, 22]
[4, 24, 26]
[21, 24, 26]
[3, 4, 26]
[13, 17, 18]
[6, 10, 18]
[2, 6, 18]
[10, 16, 18]
[10, 18, 20]
[16, 18, 20]
[6, 15, 18]
[15, 18, 20]
[11, 15, 18]
[5, 6, 18]
[5, 18, 20]
[5, 11, 18]
[2, 5, 18]
[6, 17, 18]
[15, 17, 18]
[5, 17, 18]
[12, 17, 18]
[6, 18, 23]
[10, 18, 23]
[11, 18, 23]
[2, 18, 23]
[18, 20, 23]
[12, 18, 20]
[10, 12, 18]
[11, 12, 18]
[10, 18, 26]
[10, 22, 27]
[2, 18, 26]
[3, 18, 26]
[18, 20, 26]
[6, 18, 28]
[11, 18, 28]
[15, 18, 28]
[18, 23, 28]
[3, 10, 27]
[3, 11, 27]
[6, 22, 27]
[3, 7, 27]
[7, 10, 27]
[6, 7, 27]
[0, 6, 10]
[0, 1, 6]
[0, 6, 9]
[10, 19, 27]
[15, 19, 27]
[19, 21, 27]
[0, 21, 24]
[0, 15, 24]
[0, 16, 24]
[0, 16, 21]
[0, 11, 21]
[0, 10, 23]
[0, 1, 23]
[0, 6, 8]
[0, 9, 10]
[0, 11, 14]
[0, 9, 14]
[0, 3, 14]
[0, 3, 10]
[0, 8, 10]
[0, 8, 9]
[0, 1, 8]
[0, 10, 16]
[0, 11, 16]
[0, 9, 16]
[0, 14, 16]
[0, 6, 15]
[0, 11, 15]
[0, 15, 16]
[0, 5, 6]
[0, 15, 21]
[0, 6, 23]
[6, 13, 27]
[11, 13, 27]
[0, 1, 5]
[0, 1, 3]
[0, 3, 11]
[7, 22, 27]
[6, 26, 27]
[10, 26, 27]
[21, 26, 27]
[3, 26, 27]
[6, 27, 28]
[0, 11, 27]
[0, 10, 27]
[0, 6, 27]
[0, 15, 27]
[0, 21, 27]
[0, 3, 27]
[0, 7, 27]
[0, 27, 28]
[10, 13, 27]
[13, 15, 27]
[13, 22, 27]
[7, 13, 27]
[0, 5, 11]
[13, 26, 27]
[13, 27, 28]
[15, 24, 27]
[11, 24, 27]
[21, 24, 27]
[22, 24, 27]
[24, 26, 27]
[0, 24, 27]
[7, 19, 27]
[19, 27, 28]
[15, 25, 27]
[10, 25, 27]
[21, 25, 27]
[7, 25, 27]
[13, 25, 27]
[24, 25, 27]
[19, 25, 27]
[25, 27, 29]
[0, 5, 9]
[0, 5, 16]
[0, 3, 9]
[0, 3, 23]
[0, 3, 16]
[0, 7, 23]
[0, 6, 7]
[0, 7, 10]
[0, 1, 7]
[0, 3, 7]
[0, 6, 28]
[0, 11, 28]
[0, 8, 28]
[0, 15, 28]
[0, 11, 24]
[0, 5, 24]
[0, 23, 24]
[0, 5, 28]
[0, 23, 28]
[0, 7, 18]
[0, 3, 18]
[0, 11, 18]
[0, 16, 18]
[0, 10, 18]
[0, 18, 28]
[0, 6, 18]
[0, 15, 18]
[0, 5, 18]
[0, 18, 23]
[0, 18, 21]
[1, 7, 19]
[3, 11, 29]
[1, 3, 29]
[7, 13, 25]
[15, 19, 28]
[4, 19, 28]
[5, 19, 28]
[2, 22, 29]
[13, 22, 29]
[3, 23, 29]
[11, 23, 29]
[2, 23, 29]
[1, 23, 29]
[22, 23, 29]
[1, 19, 29]
[19, 21, 29]
[15, 18, 19]
[5, 18, 19]
[16, 18, 19]
[10, 18, 19]
[18, 19, 28]
[1, 5, 25]
[19, 21, 25]
[7, 10, 25]
[1, 7, 25]
[4, 7, 25]
[1, 19, 25]
[7, 19, 25]
[21, 24, 25]
[16, 24, 25]
[4, 24, 25]
[5, 24, 25]
[15, 24, 25]
[23, 24, 29]
[11, 24, 29]
[2, 24, 29]
[21, 24, 29]
[22, 24, 29]
[24, 25, 29]
[19, 25, 29]
[21, 25, 29]
[13, 25, 29]
[1, 25, 29]
