[25, 26]
[5, 26]
[5, 25]
[4, 25]
[2, 25]
[24, 26]
[4, 26]
[8, 25]
[3, 26]
[23, 83]
[6, 83]
[5, 83]
[4, 83]
[10, 83]
[15, 83]
[16, 83]
[19, 83]
[20, 83]
[21, 83]
[25, 83]
[28, 83]
[29, 83]
[30, 83]
[34, 83]
[36, 83]
[38, 83]
[42, 83]
[44, 83]
[45, 83]
[46, 83]
[47, 83]
[48, 83]
[52, 83]
[53, 83]
[54, 83]
[55, 83]
[57, 83]
[60, 83]
[67, 83]
[68, 83]
[71, 83]
[72, 83]
[73, 83]
[75, 83]
[76, 83]
[79, 83]
[82, 83]
[5, 14]
[1, 14]
[14, 25]
[13, 25]
[1, 26]
[17, 25]
[7, 26]
[18, 25]
[11, 26]
[20, 25]
[12, 26]
[21, 25]
[13, 26]
[22, 25]
[14, 26]
[23, 25]
[18, 26]
[4, 6]
[3, 6]
[6, 81]
[3, 81]
[3, 13]
[2, 13]
[6, 14]
[8, 14]
[10, 14]
[5, 6]
[2, 5]
[5, 24]
[26, 159]
[26, 38]
[23, 38]
[1, 38]
[24, 170]
[24, 85]
[26, 85]
[24, 29]
[1, 24]
[26, 29]
[24, 71]
[23, 26]
[24, 131]
[26, 54]
[24, 168]
[26, 71]
[24, 102]
[26, 131]
[24, 133]
[26, 94]
[24, 124]
[26, 156]
[24, 136]
[26, 160]
[24, 113]
[26, 124]
[24, 166]
[26, 136]
[24, 167]
[5, 58]
[24, 58]
[24, 98]
[24, 120]
[26, 40]
[24, 40]
[24, 177]
[26, 113]
[24, 67]
[26, 167]
[24, 73]
[26, 177]
[24, 74]
[26, 58]
[24, 65]
[26, 79]
[24, 123]
[26, 73]
[24, 116]
[26, 114]
[24, 140]
[26, 140]
[24, 121]
[26, 142]
[24, 152]
[26, 95]
[24, 128]
[26, 152]
[24, 148]
[26, 84]
[22, 24]
[26, 157]
[24, 165]
[22, 26]
[40, 54]
[50, 54]
[29, 50]
[23, 50]
[50, 71]
[50, 85]
[50, 147]
[50, 141]
[50, 133]
[50, 124]
[50, 136]
[50, 113]
[50, 98]
[50, 96]
[50, 120]
[9, 50]
[50, 58]
[29, 96]
[1, 96]
[81, 96]
[81, 91]
[82, 91]
[23, 82]
[25, 54]
[26, 165]
[9, 40]
[40, 71]
[66, 102]
[29, 66]
[23, 66]
[1, 66]
[54, 66]
[66, 85]
[66, 89]
[66, 131]
[66, 170]
[66, 168]
[66, 133]
[66, 91]
[66, 113]
[66, 167]
[66, 98]
[58, 66]
[43, 66]
[66, 74]
[66, 117]
[66, 114]
[66, 140]
[66, 142]
[66, 121]
[66, 152]
[66, 130]
[22, 66]
[24, 66]
[66, 158]
[11, 66]
[31, 66]
[30, 66]
[57, 66]
[37, 66]
[36, 66]
[15, 66]
[20, 66]
[66, 69]
[63, 66]
[23, 54]
[12, 54]
[25, 169]
[23, 169]
[29, 169]
[89, 169]
[94, 169]
[156, 169]
[168, 169]
[102, 169]
[141, 169]
[133, 169]
[160, 169]
[113, 169]
[167, 169]
[9, 169]
[40, 169]
[58, 169]
[73, 169]
[50, 169]
[43, 169]
[74, 169]
[65, 169]
[117, 169]
[116, 169]
[114, 169]
[140, 169]
[142, 169]
[148, 169]
[22, 169]
[165, 169]
[24, 169]
[38, 169]
[72, 169]
[11, 169]
[6, 169]
[31, 169]
[78, 169]
[36, 169]
[34, 169]
[70, 169]
[15, 169]
[62, 169]
[69, 169]
[63, 169]
[47, 169]
[46, 169]
[41, 169]
[126, 169]
[119, 169]
[169, 173]
[104, 169]
[86, 169]
[169, 171]
[155, 169]
[169, 179]
[161, 169]
[153, 169]
[151, 169]
[146, 169]
[139, 169]
[137, 169]
[132, 169]
[16, 169]
[59, 169]
[19, 169]
[32, 169]
[33, 169]
[127, 169]
[118, 169]
[109, 169]
[108, 169]
[100, 169]
[90, 169]
[23, 84]
[1, 84]
[29, 84]
[71, 84]
[84, 131]
[84, 156]
[84, 141]
[84, 113]
[84, 167]
[84, 120]
[9, 84]
[40, 84]
[58, 84]
[73, 84]
[74, 84]
[65, 84]
[84, 123]
[84, 117]
[84, 114]
[84, 110]
[84, 140]
[84, 142]
[84, 152]
[23, 95]
[1, 95]
[29, 95]
[54, 95]
[71, 95]
[85, 95]
[89, 95]
[95, 131]
[95, 170]
[95, 147]
[95, 141]
[95, 160]
[91, 95]
[95, 167]
[95, 96]
[95, 120]
[8, 95]
[9, 95]
[61, 95]
[79, 95]
[73, 95]
[95, 123]
[95, 117]
[95, 116]
[95, 114]
[95, 140]
[95, 142]
[23, 166]
[29, 166]
[54, 166]
[89, 166]
[94, 166]
[147, 166]
[166, 168]
[102, 166]
[133, 166]
[91, 166]
[136, 166]
[113, 166]
[23, 71]
[1, 54]
[25, 89]
[27, 82]
[36, 82]
[26, 162]
[26, 36]
[26, 158]
[26, 51]
[26, 150]
[26, 44]
[26, 78]
[26, 70]
[26, 63]
[26, 62]
[26, 47]
[26, 46]
[26, 41]
[26, 80]
[26, 69]
[26, 119]
[26, 103]
[26, 99]
[26, 97]
[26, 88]
[26, 172]
[26, 173]
[26, 87]
[26, 153]
[26, 146]
[26, 139]
[26, 137]
[26, 132]
[26, 48]
[19, 26]
[26, 77]
[26, 32]
[26, 33]
[26, 118]
[26, 111]
[26, 109]
[26, 90]
[26, 164]
[26, 145]
[26, 134]
[26, 129]
[26, 178]
[26, 174]
[0, 26]
[26, 42]
[21, 26]
[26, 28]
[26, 39]
[26, 176]
[26, 135]
[28, 68]
[28, 143]
[30, 155]
[110, 155]
[61, 155]
[9, 155]
[98, 155]
[155, 166]
[155, 168]
[120, 155]
[102, 155]
[8, 155]
[74, 155]
[50, 155]
[148, 155]
[116, 155]
[121, 155]
[130, 155]
[128, 155]
[115, 155]
[117, 155]
[75, 155]
[72, 155]
[2, 155]
[31, 155]
[10, 155]
[25, 155]
[11, 155]
[34, 155]
[37, 155]
[20, 155]
[66, 155]
[104, 155]
[65, 89]
[25, 166]
[9, 166]
[29, 102]
[12, 102]
[1, 102]
[10, 84]
[83, 133]
[83, 168]
[83, 102]
[34, 78]
[34, 161]
[34, 79]
[34, 115]
[34, 170]
[12, 34]
[34, 124]
[11, 34]
[34, 175]
[34, 149]
[34, 126]
[34, 59]
[34, 127]
[34, 112]
[23, 34]
[27, 34]
[34, 166]
[34, 89]
[14, 34]
[34, 167]
[34, 40]
[34, 140]
[34, 51]
[34, 63]
[34, 41]
[34, 119]
[34, 87]
[33, 34]
[34, 109]
[34, 90]
[34, 134]
[34, 178]
[34, 174]
[0, 34]
[34, 160]
[34, 177]
[34, 120]
[34, 74]
[34, 123]
[34, 110]
[34, 148]
[31, 34]
[34, 75]
[4, 34]
[34, 37]
[34, 64]
[34, 154]
[34, 122]
[34, 100]
[34, 101]
[3, 34]
[34, 57]
[147, 170]
[67, 147]
[8, 147]
[9, 147]
[89, 147]
[54, 147]
[96, 147]
[9, 170]
[9, 89]
[77, 82]
[25, 77]
[25, 96]
[25, 147]
[25, 43]
[24, 27]
[27, 170]
[9, 61]
[25, 82]
[22, 82]
[12, 82]
[1, 82]
[82, 89]
[4, 82]
[82, 102]
[82, 124]
[82, 85]
[82, 95]
[82, 84]
[82, 116]
[71, 82]
[82, 160]
[82, 141]
[82, 179]
[82, 149]
[56, 82]
[82, 112]
[40, 82]
[82, 152]
[82, 140]
[70, 82]
[63, 82]
[62, 82]
[82, 172]
[33, 82]
[82, 109]
[82, 134]
[82, 178]
[0, 82]
[82, 96]
[82, 166]
[43, 82]
[2, 82]
[34, 82]
[52, 82]
[74, 82]
[82, 123]
[82, 128]
[44, 82]
[19, 82]
[82, 117]
[82, 105]
[82, 151]
[82, 92]
[82, 144]
[82, 114]
[82, 132]
[82, 145]
[82, 129]
[82, 104]
[82, 155]
[82, 138]
[82, 108]
[82, 101]
[82, 100]
[82, 93]
[82, 157]
[82, 158]
[82, 150]
[82, 136]
[20, 82]
[69, 82]
[82, 99]
[82, 97]
[55, 82]
[42, 82]
[7, 82]
[82, 142]
[82, 153]
[82, 139]
[13, 82]
[81, 82]
[5, 82]
[39, 82]
[21, 82]
[76, 82]
[14, 80]
[25, 31]
[31, 81]
[24, 81]
[50, 81]
[25, 171]
[23, 89]
[80, 89]
[67, 80]
[67, 115]
[50, 115]
[1, 115]
[25, 48]
[27, 115]
[12, 27]
[12, 28]
[24, 28]
[28, 61]
[6, 28]
[22, 61]
[25, 120]
[27, 61]
[27, 67]
[12, 120]
[63, 171]
[84, 171]
[29, 171]
[14, 171]
[59, 171]
[61, 171]
[170, 171]
[10, 171]
[75, 171]
[11, 171]
[89, 171]
[143, 171]
[126, 171]
[161, 171]
[167, 171]
[58, 171]
[94, 171]
[78, 171]
[80, 171]
[159, 171]
[54, 171]
[15, 171]
[60, 171]
[68, 171]
[38, 171]
[110, 171]
[148, 171]
[28, 171]
[64, 171]
[18, 171]
[154, 171]
[122, 171]
[156, 171]
[73, 171]
[98, 171]
[121, 171]
[48, 171]
[113, 171]
[88, 171]
[171, 173]
[124, 171]
[95, 171]
[32, 171]
[86, 171]
[149, 171]
[56, 171]
[112, 171]
[152, 171]
[96, 171]
[74, 171]
[128, 171]
[91, 171]
[62, 171]
[34, 171]
[44, 171]
[22, 171]
[104, 171]
[155, 171]
[101, 171]
[93, 171]
[157, 171]
[150, 171]
[136, 171]
[69, 171]
[99, 171]
[97, 171]
[151, 171]
[92, 171]
[29, 75]
[28, 81]
[51, 81]
[66, 81]
[12, 81]
[81, 170]
[81, 143]
[80, 81]
[81, 84]
[19, 81]
[81, 120]
[81, 111]
[35, 81]
[62, 81]
[81, 134]
[81, 102]
[81, 88]
[81, 89]
[5, 81]
[22, 81]
[81, 159]
[81, 172]
[43, 81]
[31, 75]
[51, 75]
[75, 170]
[75, 80]
[28, 75]
[19, 75]
[75, 114]
[75, 111]
[35, 75]
[62, 75]
[75, 133]
[75, 124]
[22, 75]
[75, 159]
[75, 172]
[57, 75]
[75, 115]
[75, 92]
[75, 85]
[11, 75]
[56, 75]
[53, 75]
[27, 75]
[75, 145]
[75, 125]
[75, 174]
[54, 75]
[75, 119]
[75, 90]
[75, 134]
[41, 75]
[75, 87]
[5, 75]
[4, 75]
[18, 75]
[75, 164]
[70, 75]
[17, 75]
[49, 75]
[75, 77]
[16, 75]
[38, 75]
[75, 147]
[75, 162]
[45, 75]
[30, 75]
[21, 75]
[52, 75]
[75, 138]
[75, 108]
[75, 144]
[42, 75]
[75, 100]
[75, 88]
[75, 94]
[75, 151]
[75, 97]
[75, 165]
[75, 150]
[75, 121]
[12, 170]
[12, 143]
[12, 35]
[1, 35]
[170, 175]
[66, 175]
[24, 163]
[35, 163]
[66, 163]
[163, 170]
[143, 163]
[29, 163]
[81, 163]
[7, 163]
[161, 163]
[9, 163]
[127, 163]
[80, 163]
[51, 163]
[28, 163]
[78, 163]
[14, 163]
[112, 163]
[48, 163]
[23, 163]
[6, 24]
[6, 35]
[6, 50]
[6, 31]
[6, 67]
[6, 61]
[6, 117]
[6, 79]
[6, 43]
[6, 59]
[6, 10]
[6, 9]
[6, 127]
[6, 33]
[6, 95]
[6, 84]
[6, 112]
[6, 116]
[6, 130]
[6, 48]
[6, 40]
[6, 152]
[6, 115]
[6, 68]
[6, 8]
[6, 58]
[6, 140]
[6, 123]
[6, 148]
[6, 122]
[6, 74]
[6, 22]
[6, 159]
[6, 56]
[6, 27]
[6, 157]
[81, 175]
[50, 175]
[50, 143]
[1, 78]
[1, 23]
[23, 29]
[7, 24]
[23, 27]
[25, 46]
[23, 120]
[29, 31]
[1, 31]
[29, 170]
[12, 29]
[31, 143]
[7, 31]
[7, 50]
[50, 161]
[29, 120]
[120, 143]
[61, 146]
[7, 169]
[62, 80]
[12, 62]
[28, 66]
[28, 29]
[67, 143]
[67, 170]
[34, 163]
[31, 120]
[84, 172]
[84, 161]
[83, 116]
[83, 176]
[127, 176]
[170, 176]
[66, 176]
[1, 176]
[82, 176]
[29, 176]
[120, 176]
[161, 176]
[96, 176]
[102, 176]
[23, 176]
[133, 176]
[62, 176]
[43, 176]
[40, 176]
[22, 176]
[78, 176]
[46, 176]
[25, 176]
[160, 176]
[37, 176]
[7, 176]
[72, 176]
[58, 176]
[148, 176]
[74, 176]
[126, 176]
[157, 176]
[117, 176]
[163, 176]
[116, 176]
[3, 176]
[15, 176]
[20, 176]
[104, 176]
[110, 176]
[65, 176]
[73, 176]
[101, 176]
[19, 176]
[59, 176]
[13, 176]
[41, 176]
[174, 176]
[87, 176]
[5, 176]
[162, 176]
[45, 176]
[30, 176]
[56, 176]
[138, 176]
[100, 176]
[109, 176]
[60, 176]
[93, 176]
[114, 176]
[113, 176]
[111, 176]
[88, 176]
[94, 176]
[42, 176]
[20, 32]
[27, 32]
[25, 32]
[23, 32]
[29, 32]
[12, 32]
[1, 32]
[32, 170]
[32, 143]
[31, 32]
[32, 67]
[32, 81]
[32, 168]
[32, 161]
[32, 96]
[32, 51]
[32, 71]
[32, 57]
[32, 34]
[32, 62]
[32, 43]
[32, 112]
[32, 40]
[14, 32]
[32, 78]
[32, 134]
[32, 85]
[11, 32]
[32, 47]
[32, 131]
[32, 127]
[32, 48]
[32, 115]
[32, 68]
[32, 74]
[32, 36]
[32, 116]
[32, 130]
[32, 44]
[32, 149]
[32, 104]
[32, 110]
[19, 32]
[32, 59]
[32, 33]
[4, 32]
[32, 77]
[32, 155]
[16, 32]
[32, 162]
[30, 32]
[32, 122]
[32, 138]
[32, 108]
[6, 32]
[32, 119]
[32, 90]
[32, 60]
[32, 158]
[32, 88]
[17, 32]
[32, 105]
[32, 70]
[32, 97]
[32, 173]
[32, 145]
[32, 35]
[32, 86]
[32, 156]
[32, 98]
[32, 141]
[32, 125]
[32, 151]
[32, 137]
[32, 107]
[32, 53]
[32, 109]
[32, 114]
[78, 84]
[63, 84]
[46, 84]
[80, 168]
[29, 124]
[27, 84]
[60, 84]
[84, 119]
[119, 127]
[78, 127]
[61, 78]
[28, 120]
[28, 31]
[28, 168]
[28, 175]
[28, 51]
[28, 133]
[28, 57]
[28, 85]
[28, 160]
[28, 154]
[28, 91]
[28, 103]
[28, 167]
[28, 78]
[14, 28]
[28, 63]
[28, 114]
[28, 129]
[28, 84]
[28, 72]
[28, 148]
[28, 159]
[27, 28]
[28, 64]
[28, 65]
[28, 73]
[7, 28]
[3, 28]
[28, 131]
[28, 36]
[28, 149]
[28, 110]
[50, 78]
[12, 124]
[31, 124]
[31, 71]
[23, 31]
[31, 79]
[31, 40]
[31, 43]
[31, 102]
[31, 62]
[31, 47]
[31, 161]
[40, 168]
[27, 168]
[27, 66]
[27, 89]
[27, 166]
[27, 163]
[27, 95]
[27, 102]
[27, 62]
[27, 43]
[27, 37]
[27, 127]
[27, 136]
[11, 168]
[12, 168]
[1, 168]
[71, 168]
[168, 177]
[112, 168]
[71, 80]
[71, 143]
[24, 173]
[12, 173]
[1, 173]
[173, 179]
[159, 173]
[9, 173]
[27, 175]
[168, 175]
[124, 175]
[89, 175]
[112, 175]
[79, 175]
[95, 175]
[130, 175]
[9, 175]
[167, 175]
[10, 175]
[102, 175]
[43, 175]
[37, 175]
[105, 175]
[127, 175]
[8, 175]
[123, 175]
[40, 175]
[154, 175]
[22, 175]
[72, 175]
[148, 175]
[161, 175]
[133, 175]
[61, 175]
[9, 124]
[9, 11]
[9, 81]
[47, 81]
[83, 169]
[67, 89]
[23, 80]
[66, 172]
[54, 175]
[142, 178]
[27, 78]
[25, 30]
[30, 166]
[1, 143]
[66, 143]
[89, 143]
[29, 89]
[89, 170]
[27, 40]
[22, 27]
[27, 161]
[27, 51]
[27, 133]
[27, 57]
[27, 46]
[27, 85]
[27, 179]
[15, 27]
[27, 59]
[27, 152]
[27, 157]
[20, 27]
[27, 128]
[27, 74]
[27, 77]
[27, 87]
[16, 27]
[27, 147]
[27, 164]
[5, 27]
[27, 122]
[27, 60]
[17, 27]
[27, 70]
[27, 53]
[21, 27]
[14, 27]
[27, 63]
[1, 63]
[29, 63]
[63, 81]
[63, 120]
[63, 112]
[63, 79]
[63, 172]
[63, 167]
[8, 63]
[63, 123]
[63, 148]
[63, 159]
[63, 166]
[63, 168]
[23, 63]
[63, 68]
[63, 101]
[63, 158]
[35, 63]
[63, 105]
[63, 118]
[63, 129]
[63, 102]
[62, 63]
[33, 63]
[19, 63]
[63, 100]
[18, 63]
[63, 175]
[40, 63]
[22, 63]
[57, 63]
[61, 63]
[46, 63]
[63, 85]
[15, 63]
[63, 152]
[63, 157]
[63, 74]
[63, 77]
[63, 87]
[16, 63]
[63, 122]
[60, 63]
[21, 63]
[63, 73]
[7, 63]
[36, 63]
[63, 110]
[41, 63]
[63, 155]
[63, 162]
[2, 63]
[63, 99]
[55, 63]
[63, 97]
[49, 63]
[42, 63]
[39, 63]
[63, 136]
[63, 116]
[63, 91]
[63, 114]
[63, 113]
[63, 173]
[63, 92]
[63, 156]
[63, 98]
[63, 141]
[63, 137]
[63, 144]
[63, 135]
[59, 63]
[17, 63]
[14, 63]
[14, 112]
[14, 169]
[14, 47]
[14, 143]
[14, 154]
[14, 37]
[14, 78]
[14, 126]
[14, 127]
[14, 44]
[14, 104]
[14, 69]
[14, 108]
[14, 161]
[14, 88]
[14, 119]
[14, 125]
[14, 20]
[14, 70]
[14, 66]
[14, 62]
[14, 172]
[14, 179]
[14, 175]
[14, 57]
[14, 46]
[14, 105]
[14, 45]
[14, 134]
[14, 174]
[14, 76]
[14, 48]
[14, 111]
[14, 15]
[14, 87]
[14, 21]
[14, 36]
[14, 149]
[14, 41]
[14, 155]
[14, 162]
[14, 99]
[14, 138]
[14, 97]
[14, 49]
[14, 42]
[14, 52]
[14, 173]
[14, 86]
[14, 146]
[14, 137]
[14, 17]
[14, 164]
[14, 53]
[14, 64]
[14, 178]
[14, 153]
[14, 103]
[14, 132]
[14, 151]
[14, 107]
[14, 139]
[14, 68]
[14, 101]
[14, 35]
[14, 159]
[14, 118]
[14, 129]
[14, 33]
[14, 19]
[14, 100]
[14, 77]
[14, 16]
[14, 122]
[14, 60]
[14, 93]
[14, 55]
[14, 39]
[14, 145]
[14, 92]
[14, 144]
[14, 59]
[1, 59]
[29, 59]
[59, 120]
[11, 59]
[59, 167]
[24, 59]
[31, 59]
[43, 59]
[4, 59]
[54, 59]
[59, 130]
[5, 59]
[59, 115]
[59, 123]
[40, 59]
[59, 61]
[18, 59]
[59, 128]
[3, 59]
[38, 59]
[2, 59]
[22, 59]
[59, 117]
[59, 152]
[59, 65]
[59, 73]
[59, 110]
[30, 59]
[59, 165]
[59, 142]
[59, 114]
[59, 112]
[37, 59]
[59, 78]
[59, 126]
[59, 104]
[59, 69]
[59, 135]
[59, 88]
[59, 66]
[59, 179]
[57, 59]
[59, 108]
[46, 59]
[45, 59]
[48, 59]
[59, 162]
[59, 173]
[59, 146]
[59, 137]
[17, 59]
[59, 164]
[59, 153]
[59, 103]
[59, 132]
[59, 151]
[59, 107]
[59, 139]
[59, 159]
[19, 59]
[59, 100]
[16, 59]
[59, 93]
[55, 59]
[56, 59]
[59, 109]
[59, 76]
[49, 59]
[52, 59]
[59, 178]
[35, 59]
[59, 129]
[39, 59]
[39, 120]
[39, 96]
[39, 71]
[39, 80]
[39, 75]
[39, 166]
[39, 81]
[25, 39]
[39, 124]
[34, 39]
[39, 160]
[39, 171]
[24, 39]
[39, 176]
[39, 67]
[39, 168]
[23, 39]
[39, 43]
[4, 39]
[39, 54]
[39, 94]
[39, 130]
[39, 147]
[39, 140]
[39, 115]
[39, 123]
[39, 84]
[39, 157]
[39, 143]
[39, 47]
[28, 39]
[39, 44]
[5, 39]
[39, 161]
[39, 158]
[39, 127]
[39, 125]
[20, 39]
[39, 62]
[39, 131]
[39, 91]
[39, 113]
[39, 116]
[22, 39]
[39, 87]
[39, 68]
[39, 152]
[39, 122]
[7, 39]
[39, 78]
[39, 126]
[39, 69]
[18, 39]
[39, 169]
[39, 150]
[39, 111]
[39, 101]
[39, 118]
[39, 77]
[2, 39]
[39, 149]
[39, 155]
[39, 99]
[39, 97]
[39, 117]
[39, 64]
[32, 39]
[0, 39]
[6, 39]
[21, 39]
[3, 39]
[39, 179]
[39, 65]
[39, 110]
[39, 114]
[39, 46]
[39, 92]
[39, 48]
[19, 39]
[16, 39]
[39, 42]
[39, 135]
[39, 162]
[39, 173]
[39, 153]
[39, 103]
[39, 107]
[39, 93]
[27, 39]
[39, 56]
[39, 90]
[39, 52]
[39, 129]
[1, 129]
[120, 129]
[71, 129]
[80, 129]
[75, 129]
[51, 129]
[34, 129]
[129, 171]
[24, 129]
[129, 176]
[129, 168]
[102, 129]
[4, 129]
[85, 129]
[115, 129]
[123, 129]
[40, 129]
[61, 129]
[74, 129]
[129, 143]
[47, 129]
[129, 154]
[129, 163]
[129, 161]
[127, 129]
[125, 129]
[62, 129]
[129, 172]
[129, 175]
[129, 131]
[38, 129]
[129, 156]
[98, 129]
[83, 129]
[105, 129]
[15, 129]
[68, 129]
[129, 152]
[122, 129]
[7, 129]
[112, 129]
[37, 129]
[78, 129]
[126, 129]
[104, 129]
[69, 129]
[18, 129]
[129, 169]
[70, 129]
[129, 134]
[111, 129]
[101, 129]
[2, 129]
[129, 149]
[99, 129]
[129, 138]
[32, 129]
[0, 129]
[129, 174]
[6, 129]
[21, 129]
[3, 129]
[57, 129]
[108, 129]
[65, 129]
[129, 142]
[114, 129]
[129, 145]
[45, 129]
[17, 129]
[129, 164]
[19, 129]
[100, 129]
[42, 129]
[129, 162]
[107, 129]
[55, 129]
[109, 129]
[49, 129]
[1, 49]
[12, 49]
[29, 49]
[49, 120]
[49, 96]
[49, 71]
[49, 89]
[49, 81]
[25, 49]
[49, 124]
[11, 49]
[49, 167]
[49, 160]
[31, 49]
[49, 79]
[49, 168]
[23, 49]
[49, 95]
[43, 49]
[4, 49]
[49, 54]
[49, 94]
[49, 130]
[49, 147]
[49, 140]
[49, 85]
[49, 157]
[49, 143]
[28, 49]
[49, 163]
[5, 49]
[49, 128]
[49, 125]
[49, 172]
[49, 131]
[49, 91]
[49, 156]
[8, 49]
[15, 49]
[49, 152]
[33, 49]
[49, 122]
[37, 49]
[49, 78]
[49, 126]
[49, 104]
[18, 49]
[49, 169]
[49, 134]
[49, 101]
[49, 118]
[49, 77]
[49, 60]
[2, 49]
[36, 49]
[49, 149]
[49, 155]
[49, 99]
[49, 97]
[49, 86]
[49, 117]
[49, 64]
[49, 88]
[3, 49]
[49, 179]
[49, 57]
[49, 110]
[30, 49]
[49, 114]
[49, 145]
[49, 92]
[45, 49]
[48, 49]
[17, 49]
[19, 49]
[16, 49]
[42, 49]
[49, 53]
[49, 144]
[49, 162]
[49, 173]
[49, 146]
[49, 107]
[49, 139]
[49, 93]
[27, 49]
[49, 76]
[1, 76]
[12, 76]
[26, 76]
[29, 76]
[71, 76]
[76, 166]
[72, 76]
[51, 76]
[76, 124]
[11, 76]
[76, 177]
[76, 171]
[67, 76]
[31, 76]
[23, 76]
[76, 133]
[76, 102]
[43, 76]
[54, 76]
[76, 94]
[76, 130]
[76, 147]
[58, 76]
[76, 140]
[76, 85]
[76, 115]
[76, 123]
[61, 76]
[76, 157]
[74, 76]
[76, 143]
[47, 76]
[76, 163]
[44, 76]
[10, 76]
[5, 76]
[76, 158]
[76, 127]
[20, 76]
[76, 136]
[76, 91]
[76, 113]
[76, 116]
[76, 105]
[8, 76]
[22, 76]
[68, 76]
[76, 152]
[76, 112]
[37, 76]
[76, 78]
[76, 126]
[18, 76]
[76, 169]
[76, 150]
[70, 76]
[76, 134]
[76, 111]
[76, 77]
[2, 76]
[76, 149]
[76, 99]
[76, 138]
[6, 76]
[76, 88]
[66, 76]
[65, 76]
[76, 110]
[76, 145]
[45, 76]
[48, 76]
[17, 76]
[76, 164]
[19, 76]
[16, 76]
[76, 135]
[76, 162]
[76, 103]
[76, 107]
[76, 139]
[76, 93]
[55, 76]
[76, 90]
[76, 109]
[1, 109]
[12, 109]
[109, 170]
[29, 109]
[71, 109]
[80, 109]
[89, 109]
[81, 109]
[72, 109]
[109, 167]
[109, 160]
[24, 109]
[50, 109]
[31, 109]
[109, 168]
[23, 109]
[95, 109]
[109, 133]
[102, 109]
[4, 109]
[54, 109]
[9, 109]
[109, 147]
[109, 123]
[109, 148]
[61, 109]
[84, 109]
[74, 109]
[109, 143]
[47, 109]
[28, 109]
[44, 109]
[5, 109]
[20, 109]
[109, 175]
[38, 109]
[109, 171]
[94, 109]
[15, 109]
[33, 109]
[109, 122]
[7, 109]
[69, 109]
[109, 163]
[41, 109]
[64, 109]
[109, 141]
[109, 116]
[109, 174]
[105, 109]
[22, 109]
[109, 152]
[21, 109]
[78, 109]
[109, 126]
[18, 109]
[3, 109]
[57, 109]
[30, 109]
[109, 150]
[109, 121]
[70, 109]
[109, 159]
[109, 134]
[77, 109]
[99, 109]
[109, 138]
[86, 109]
[6, 109]
[88, 109]
[66, 109]
[27, 109]
[65, 109]
[109, 110]
[92, 109]
[45, 109]
[48, 109]
[109, 164]
[19, 109]
[109, 137]
[90, 109]
[14, 109]
[14, 56]
[14, 90]
[12, 90]
[90, 170]
[29, 90]
[90, 120]
[90, 96]
[71, 90]
[80, 90]
[89, 90]
[90, 166]
[81, 90]
[11, 90]
[24, 90]
[50, 90]
[31, 90]
[90, 168]
[23, 90]
[90, 133]
[90, 102]
[4, 90]
[90, 147]
[85, 90]
[61, 90]
[90, 157]
[28, 90]
[10, 90]
[5, 90]
[90, 128]
[90, 119]
[20, 90]
[62, 90]
[90, 175]
[90, 94]
[90, 130]
[87, 90]
[63, 90]
[90, 104]
[69, 90]
[90, 125]
[90, 105]
[37, 90]
[90, 179]
[46, 90]
[90, 111]
[22, 90]
[78, 90]
[38, 90]
[90, 174]
[90, 97]
[90, 141]
[7, 90]
[73, 90]
[90, 149]
[90, 117]
[90, 165]
[90, 142]
[42, 90]
[90, 162]
[90, 173]
[90, 135]
[18, 90]
[70, 90]
[6, 90]
[88, 90]
[66, 90]
[33, 90]
[90, 101]
[60, 90]
[17, 90]
[30, 90]
[90, 150]
[90, 121]
[65, 90]
[90, 110]
[3, 90]
[64, 90]
[90, 146]
[90, 153]
[90, 151]
[90, 107]
[90, 159]
[77, 90]
[48, 90]
[90, 144]
[19, 90]
[90, 137]
[52, 90]
[56, 90]
[35, 90]
[90, 178]
[12, 178]
[71, 178]
[89, 178]
[166, 178]
[81, 178]
[72, 178]
[51, 178]
[11, 178]
[177, 178]
[167, 178]
[160, 178]
[31, 178]
[95, 178]
[133, 178]
[9, 178]
[58, 178]
[140, 178]
[85, 178]
[115, 178]
[148, 178]
[61, 178]
[74, 178]
[28, 178]
[38, 61]
[38, 143]
[38, 50]
[1, 120]
[89, 120]
[34, 38]
[38, 89]
[38, 80]
[38, 124]
[38, 166]
[38, 175]
[31, 38]
[38, 40]
[38, 51]
[38, 136]
[38, 102]
[38, 96]
[81, 148]
[29, 40]
[1, 40]
[40, 89]
[29, 116]
[12, 116]
[1, 116]
[116, 170]
[80, 116]
[116, 124]
[116, 175]
[116, 120]
[67, 116]
[116, 136]
[96, 116]
[116, 133]
[116, 167]
[72, 116]
[16, 116]
[91, 116]
[116, 127]
[116, 147]
[88, 116]
[111, 116]
[61, 116]
[116, 123]
[116, 177]
[94, 116]
[116, 160]
[47, 116]
[54, 116]
[36, 116]
[116, 157]
[115, 116]
[45, 116]
[71, 116]
[58, 116]
[42, 116]
[0, 116]
[116, 142]
[22, 116]
[10, 116]
[116, 117]
[120, 124]
[28, 144]
[24, 70]
[1, 70]
[50, 70]
[70, 170]
[70, 143]
[29, 70]
[70, 89]
[70, 124]
[70, 166]
[31, 70]
[23, 70]
[70, 120]
[67, 70]
[70, 136]
[70, 102]
[70, 96]
[70, 133]
[70, 148]
[16, 70]
[70, 163]
[18, 70]
[70, 158]
[70, 147]
[70, 111]
[43, 70]
[70, 85]
[19, 156]
[19, 34]
[1, 19]
[19, 29]
[19, 89]
[19, 80]
[19, 175]
[19, 23]
[19, 120]
[19, 51]
[19, 136]
[19, 102]
[19, 112]
[19, 96]
[19, 133]
[19, 111]
[19, 114]
[19, 61]
[19, 79]
[19, 160]
[19, 36]
[4, 19]
[19, 154]
[19, 71]
[19, 66]
[19, 58]
[19, 22]
[10, 19]
[19, 117]
[19, 134]
[19, 116]
[19, 73]
[19, 165]
[19, 108]
[19, 60]
[19, 132]
[19, 152]
[19, 151]
[19, 147]
[19, 168]
[19, 157]
[19, 45]
[19, 178]
[19, 97]
[19, 121]
[19, 42]
[19, 21]
[6, 19]
[19, 64]
[19, 92]
[19, 155]
[19, 55]
[19, 84]
[19, 65]
[19, 46]
[19, 119]
[19, 44]
[19, 35]
[5, 19]
[19, 105]
[19, 118]
[19, 125]
[19, 150]
[2, 19]
[19, 100]
[19, 161]
[19, 139]
[19, 146]
[7, 19]
[19, 38]
[19, 135]
[19, 41]
[19, 20]
[19, 52]
[19, 68]
[19, 56]
[19, 53]
[31, 123]
[25, 123]
[12, 123]
[50, 123]
[89, 123]
[51, 123]
[67, 123]
[123, 136]
[112, 123]
[123, 158]
[111, 123]
[114, 123]
[29, 51]
[51, 143]
[51, 170]
[62, 170]
[62, 95]
[40, 79]
[40, 51]
[50, 51]
[51, 89]
[27, 91]
[61, 62]
[62, 112]
[23, 62]
[1, 62]
[62, 124]
[62, 120]
[62, 133]
[62, 158]
[62, 88]
[62, 111]
[62, 79]
[62, 177]
[62, 160]
[47, 62]
[54, 62]
[37, 62]
[36, 62]
[62, 104]
[62, 154]
[62, 71]
[58, 62]
[40, 120]
[38, 133]
[16, 38]
[38, 91]
[38, 158]
[38, 88]
[38, 114]
[38, 94]
[38, 160]
[38, 47]
[38, 54]
[36, 38]
[38, 104]
[38, 154]
[38, 71]
[38, 62]
[10, 38]
[3, 38]
[38, 134]
[38, 116]
[38, 103]
[38, 165]
[38, 60]
[38, 132]
[11, 38]
[38, 147]
[19, 106]
[9, 106]
[106, 170]
[75, 106]
[24, 106]
[39, 106]
[25, 106]
[12, 106]
[29, 106]
[83, 106]
[14, 106]
[106, 120]
[67, 106]
[106, 112]
[106, 163]
[18, 106]
[106, 111]
[43, 106]
[85, 106]
[79, 106]
[106, 177]
[106, 169]
[66, 106]
[58, 106]
[73, 106]
[106, 130]
[57, 106]
[106, 108]
[72, 106]
[106, 157]
[45, 106]
[106, 124]
[106, 175]
[106, 121]
[42, 106]
[6, 106]
[51, 106]
[16, 106]
[91, 106]
[106, 158]
[106, 114]
[36, 106]
[104, 106]
[106, 159]
[106, 171]
[62, 106]
[10, 106]
[106, 134]
[106, 165]
[60, 106]
[11, 106]
[106, 168]
[106, 110]
[106, 156]
[106, 107]
[106, 113]
[106, 144]
[106, 126]
[106, 138]
[69, 106]
[77, 106]
[106, 131]
[55, 106]
[65, 106]
[106, 128]
[81, 106]
[28, 106]
[106, 178]
[106, 145]
[106, 153]
[106, 119]
[106, 172]
[63, 106]
[86, 106]
[15, 106]
[84, 106]
[46, 106]
[44, 106]
[106, 118]
[106, 125]
[64, 106]
[100, 106]
[106, 161]
[106, 146]
[41, 106]
[68, 106]
[56, 106]
[53, 106]
[106, 164]
[106, 179]
[38, 168]
[38, 115]
[9, 172]
[79, 172]
[112, 172]
[12, 172]
[1, 172]
[95, 172]
[170, 172]
[120, 172]
[111, 172]
[43, 172]
[172, 177]
[37, 172]
[22, 172]
[117, 172]
[73, 172]
[130, 172]
[57, 172]
[148, 172]
[167, 172]
[45, 172]
[74, 172]
[97, 172]
[50, 172]
[80, 172]
[40, 172]
[102, 172]
[96, 172]
[88, 172]
[114, 172]
[61, 172]
[78, 172]
[94, 172]
[47, 172]
[36, 172]
[154, 172]
[71, 172]
[92, 172]
[134, 172]
[132, 172]
[168, 172]
[115, 172]
[107, 172]
[113, 172]
[48, 172]
[144, 172]
[30, 172]
[126, 172]
[0, 172]
[138, 172]
[55, 172]
[151, 172]
[172, 178]
[137, 172]
[145, 172]
[149, 172]
[153, 172]
[35, 172]
[5, 172]
[101, 172]
[122, 172]
[155, 172]
[44, 172]
[105, 172]
[118, 172]
[125, 172]
[140, 172]
[86, 172]
[15, 172]
[161, 172]
[146, 172]
[7, 172]
[38, 172]
[135, 172]
[52, 172]
[68, 172]
[56, 172]
[164, 172]
[17, 172]
[62, 130]
[57, 62]
[62, 152]
[62, 93]
[62, 78]
[62, 162]
[18, 163]
[18, 95]
[27, 114]
[23, 37]
[37, 170]
[81, 167]
[72, 81]
[45, 81]
[11, 81]
[81, 115]
[81, 168]
[0, 81]
[81, 127]
[81, 157]
[74, 81]
[42, 81]
[81, 142]
[21, 81]
[81, 147]
[81, 87]
[69, 81]
[77, 81]
[81, 131]
[33, 81]
[65, 81]
[81, 99]
[81, 128]
[81, 119]
[81, 92]
[1, 67]
[29, 112]
[16, 29]
[12, 16]
[27, 116]
[9, 23]
[9, 79]
[9, 177]
[62, 110]
[62, 167]
[60, 62]
[62, 156]
[62, 168]
[62, 142]
[62, 132]
[55, 62]
[62, 151]
[62, 178]
[62, 99]
[62, 149]
[62, 145]
[35, 62]
[5, 62]
[62, 101]
[46, 62]
[62, 179]
[62, 125]
[62, 140]
[62, 161]
[7, 62]
[61, 79]
[23, 61]
[18, 61]
[61, 177]
[27, 117]
[12, 79]
[29, 79]
[4, 9]
[84, 159]
[84, 87]
[12, 112]
[27, 103]
[27, 93]
[69, 84]
[112, 120]
[27, 65]
[27, 132]
[84, 162]
[12, 18]
[27, 153]
[27, 55]
[35, 84]
[22, 23]
[22, 95]
[18, 79]
[4, 79]
[4, 12]
[60, 177]
[18, 170]
[16, 177]
[1, 16]
[24, 44]
[44, 170]
[36, 134]
[12, 48]
[48, 170]
[169, 174]
[12, 174]
[48, 67]
[18, 48]
[48, 123]
[48, 79]
[4, 48]
[48, 66]
[48, 50]
[34, 48]
[48, 80]
[48, 124]
[48, 51]
[48, 136]
[48, 102]
[48, 96]
[48, 133]
[48, 160]
[48, 130]
[48, 154]
[48, 71]
[36, 48]
[3, 48]
[48, 85]
[48, 97]
[48, 121]
[48, 148]
[45, 48]
[48, 167]
[48, 168]
[48, 152]
[48, 78]
[48, 84]
[48, 178]
[37, 48]
[48, 147]
[48, 98]
[11, 48]
[46, 48]
[48, 140]
[48, 161]
[48, 127]
[48, 155]
[48, 116]
[48, 74]
[48, 179]
[48, 86]
[48, 87]
[48, 70]
[48, 125]
[48, 119]
[48, 126]
[44, 48]
[48, 60]
[0, 48]
[48, 150]
[48, 164]
[48, 153]
[17, 48]
[48, 138]
[5, 48]
[48, 128]
[48, 139]
[48, 103]
[41, 48]
[42, 48]
[48, 149]
[22, 159]
[12, 159]
[95, 159]
[159, 170]
[29, 159]
[120, 159]
[67, 159]
[123, 159]
[9, 159]
[143, 159]
[31, 159]
[61, 159]
[72, 159]
[43, 159]
[57, 159]
[159, 162]
[35, 159]
[8, 159]
[104, 159]
[115, 159]
[7, 159]
[33, 159]
[111, 159]
[16, 159]
[108, 159]
[110, 159]
[77, 159]
[114, 159]
[79, 159]
[66, 159]
[50, 159]
[124, 159]
[136, 159]
[102, 159]
[130, 159]
[88, 175]
[1, 88]
[88, 112]
[88, 143]
[88, 89]
[31, 88]
[54, 88]
[72, 88]
[43, 88]
[57, 88]
[35, 88]
[88, 94]
[1, 177]
[25, 177]
[120, 177]
[67, 177]
[112, 177]
[123, 177]
[89, 177]
[40, 177]
[54, 177]
[10, 177]
[43, 177]
[22, 177]
[35, 177]
[112, 143]
[40, 67]
[40, 112]
[43, 80]
[80, 112]
[9, 43]
[43, 123]
[43, 170]
[43, 67]
[54, 67]
[83, 88]
[80, 88]
[69, 88]
[88, 136]
[38, 81]
[7, 38]
[38, 101]
[15, 38]
[38, 122]
[38, 84]
[38, 137]
[38, 140]
[38, 146]
[38, 44]
[79, 127]
[12, 127]
[54, 112]
[95, 127]
[120, 127]
[127, 166]
[89, 127]
[40, 127]
[43, 127]
[22, 127]
[127, 177]
[127, 158]
[96, 127]
[127, 157]
[108, 127]
[57, 127]
[37, 127]
[127, 173]
[126, 127]
[5, 127]
[127, 128]
[42, 127]
[93, 127]
[30, 127]
[4, 127]
[66, 127]
[92, 127]
[117, 127]
[127, 152]
[74, 127]
[87, 127]
[36, 127]
[98, 127]
[97, 127]
[88, 127]
[104, 127]
[71, 127]
[2, 127]
[127, 139]
[107, 127]
[20, 127]
[45, 127]
[111, 127]
[127, 168]
[115, 127]
[110, 127]
[0, 127]
[60, 127]
[127, 137]
[44, 127]
[86, 127]
[46, 127]
[127, 161]
[125, 127]
[127, 164]
[77, 127]
[127, 165]
[113, 127]
[127, 156]
[25, 156]
[29, 156]
[156, 175]
[112, 156]
[40, 156]
[43, 156]
[31, 156]
[124, 156]
[136, 156]
[79, 156]
[83, 156]
[156, 163]
[148, 156]
[91, 156]
[48, 156]
[156, 159]
[73, 156]
[34, 156]
[37, 156]
[57, 156]
[35, 156]
[126, 156]
[156, 173]
[128, 156]
[138, 156]
[65, 156]
[116, 156]
[36, 156]
[98, 156]
[88, 156]
[10, 156]
[47, 156]
[156, 160]
[103, 156]
[104, 156]
[71, 156]
[134, 156]
[42, 156]
[92, 156]
[45, 156]
[102, 156]
[11, 156]
[28, 156]
[147, 156]
[16, 156]
[2, 156]
[153, 156]
[115, 156]
[15, 156]
[86, 156]
[105, 156]
[68, 156]
[156, 161]
[125, 156]
[101, 156]
[77, 156]
[150, 156]
[27, 156]
[107, 156]
[131, 156]
[141, 156]
[38, 156]
[53, 156]
[144, 156]
[156, 178]
[76, 178]
[169, 178]
[63, 178]
[22, 178]
[174, 178]
[130, 178]
[121, 178]
[108, 178]
[66, 178]
[93, 178]
[3, 178]
[117, 178]
[152, 178]
[21, 178]
[97, 178]
[73, 178]
[57, 178]
[65, 178]
[116, 178]
[98, 178]
[10, 178]
[103, 178]
[171, 178]
[134, 178]
[7, 178]
[56, 178]
[99, 178]
[92, 178]
[5, 178]
[35, 178]
[173, 178]
[128, 178]
[139, 178]
[60, 178]
[33, 178]
[113, 178]
[70, 178]
[64, 178]
[20, 178]
[44, 178]
[178, 179]
[17, 178]
[164, 178]
[146, 178]
[118, 178]
[135, 178]
[105, 178]
[68, 178]
[161, 178]
[125, 178]
[101, 178]
[77, 178]
[122, 178]
[131, 178]
[41, 178]
[38, 178]
[165, 178]
[132, 178]
[13, 178]
[53, 178]
[24, 53]
[53, 170]
[29, 53]
[53, 175]
[53, 67]
[53, 89]
[9, 53]
[43, 53]
[31, 53]
[53, 80]
[53, 124]
[53, 96]
[8, 53]
[53, 158]
[4, 53]
[6, 53]
[53, 114]
[53, 91]
[37, 53]
[53, 88]
[47, 53]
[53, 71]
[53, 81]
[53, 159]
[53, 168]
[0, 53]
[46, 53]
[53, 127]
[53, 102]
[53, 155]
[15, 53]
[53, 84]
[53, 167]
[53, 85]
[53, 177]
[51, 53]
[53, 74]
[53, 133]
[30, 53]
[53, 111]
[53, 141]
[53, 62]
[53, 169]
[22, 53]
[11, 53]
[53, 115]
[53, 66]
[3, 53]
[21, 53]
[53, 97]
[53, 116]
[10, 53]
[53, 134]
[7, 53]
[53, 130]
[53, 121]
[5, 53]
[53, 128]
[33, 53]
[53, 70]
[53, 64]
[44, 53]
[53, 164]
[53, 161]
[53, 101]
[53, 77]
[41, 53]
[38, 53]
[53, 103]
[53, 93]
[48, 53]
[52, 53]
[53, 173]
[53, 113]
[53, 146]
[53, 135]
[53, 105]
[1, 105]
[95, 105]
[105, 120]
[23, 105]
[105, 143]
[105, 166]
[105, 112]
[89, 105]
[9, 105]
[31, 105]
[96, 105]
[18, 105]
[8, 105]
[105, 157]
[4, 105]
[36, 105]
[105, 126]
[105, 138]
[105, 110]
[45, 105]
[58, 105]
[61, 105]
[105, 148]
[55, 105]
[105, 160]
[105, 136]
[105, 137]
[47, 105]
[105, 144]
[2, 105]
[105, 174]
[105, 108]
[105, 152]
[57, 105]
[105, 117]
[98, 105]
[105, 142]
[105, 107]
[105, 122]
[13, 105]
[105, 114]
[105, 139]
[105, 118]
[91, 105]
[105, 131]
[105, 159]
[105, 168]
[102, 105]
[105, 155]
[84, 105]
[105, 167]
[51, 105]
[74, 105]
[105, 133]
[83, 105]
[105, 165]
[88, 105]
[62, 105]
[105, 115]
[21, 105]
[97, 105]
[105, 116]
[105, 130]
[5, 105]
[33, 105]
[70, 105]
[64, 105]
[44, 105]
[41, 105]
[38, 105]
[93, 105]
[105, 173]
[105, 135]
[1, 135]
[82, 135]
[25, 135]
[12, 135]
[135, 170]
[120, 135]
[135, 175]
[89, 135]
[9, 135]
[31, 135]
[124, 135]
[123, 135]
[54, 135]
[8, 135]
[135, 154]
[135, 157]
[135, 158]
[119, 135]
[6, 135]
[69, 135]
[135, 162]
[135, 138]
[110, 135]
[135, 147]
[135, 150]
[58, 135]
[34, 135]
[135, 148]
[55, 135]
[100, 135]
[135, 160]
[28, 135]
[135, 136]
[135, 153]
[86, 135]
[37, 135]
[47, 135]
[135, 144]
[135, 174]
[108, 135]
[73, 135]
[42, 135]
[71, 135]
[117, 135]
[98, 135]
[135, 142]
[65, 135]
[35, 135]
[60, 135]
[20, 135]
[135, 179]
[68, 135]
[122, 135]
[135, 171]
[13, 135]
[114, 135]
[92, 135]
[135, 139]
[125, 135]
[99, 135]
[81, 135]
[135, 159]
[46, 135]
[102, 135]
[15, 135]
[84, 135]
[83, 135]
[135, 141]
[135, 169]
[97, 135]
[116, 135]
[134, 135]
[7, 135]
[5, 135]
[70, 135]
[64, 135]
[135, 164]
[135, 161]
[101, 135]
[77, 135]
[41, 135]
[93, 135]
[52, 135]
[135, 146]
[75, 146]
[25, 146]
[12, 146]
[146, 170]
[146, 176]
[146, 166]
[67, 146]
[112, 146]
[89, 146]
[40, 146]
[43, 146]
[50, 146]
[80, 146]
[96, 146]
[79, 146]
[18, 146]
[146, 158]
[69, 146]
[104, 146]
[138, 146]
[110, 146]
[146, 147]
[58, 146]
[34, 146]
[55, 146]
[28, 146]
[146, 163]
[137, 146]
[86, 146]
[47, 146]
[144, 146]
[2, 146]
[146, 174]
[146, 152]
[73, 146]
[57, 146]
[42, 146]
[117, 146]
[142, 146]
[146, 151]
[145, 146]
[65, 146]
[60, 146]
[20, 146]
[17, 146]
[92, 146]
[132, 146]
[99, 146]
[81, 146]
[146, 168]
[46, 146]
[102, 146]
[146, 155]
[84, 146]
[85, 146]
[133, 146]
[30, 146]
[83, 146]
[146, 165]
[111, 146]
[141, 146]
[62, 146]
[22, 146]
[115, 146]
[116, 146]
[130, 146]
[121, 146]
[5, 146]
[33, 146]
[70, 146]
[64, 146]
[44, 146]
[146, 164]
[146, 161]
[41, 146]
[93, 146]
[146, 173]
[21, 146]
[113, 146]
[1, 113]
[12, 113]
[113, 170]
[29, 113]
[23, 113]
[112, 113]
[40, 113]
[9, 113]
[43, 113]
[80, 113]
[54, 113]
[78, 113]
[27, 107]
[27, 42]
[27, 99]
[27, 173]
[27, 142]
[2, 27]
[27, 138]
[27, 30]
[27, 165]
[27, 64]
[27, 149]
[27, 131]
[27, 41]
[27, 113]
[27, 38]
[27, 141]
[96, 112]
[96, 143]
[34, 88]
[51, 158]
[36, 51]
[35, 51]
[51, 73]
[23, 51]
[51, 96]
[51, 124]
[51, 136]
[3, 51]
[51, 112]
[51, 174]
[51, 155]
[51, 91]
[51, 122]
[51, 164]
[10, 51]
[51, 57]
[45, 51]
[51, 148]
[51, 114]
[51, 161]
[51, 108]
[51, 160]
[51, 115]
[51, 110]
[51, 128]
[51, 177]
[5, 51]
[51, 130]
[43, 51]
[33, 51]
[51, 150]
[51, 69]
[11, 51]
[21, 51]
[37, 51]
[51, 125]
[15, 51]
[51, 157]
[51, 126]
[51, 87]
[51, 147]
[51, 92]
[51, 98]
[51, 99]
[51, 162]
[17, 51]
[89, 134]
[23, 134]
[95, 134]
[40, 134]
[67, 134]
[134, 143]
[6, 134]
[66, 134]
[96, 134]
[54, 134]
[134, 136]
[61, 134]
[85, 134]
[134, 171]
[134, 168]
[120, 134]
[134, 140]
[70, 134]
[94, 134]
[8, 134]
[134, 163]
[60, 134]
[100, 134]
[112, 134]
[50, 134]
[117, 134]
[134, 152]
[16, 134]
[73, 134]
[134, 167]
[101, 134]
[93, 134]
[133, 134]
[58, 134]
[46, 134]
[134, 154]
[86, 134]
[91, 134]
[119, 134]
[68, 134]
[118, 134]
[56, 134]
[97, 134]
[134, 142]
[122, 134]
[44, 134]
[0, 134]
[123, 134]
[10, 134]
[57, 134]
[114, 134]
[134, 161]
[108, 134]
[115, 134]
[110, 134]
[134, 177]
[69, 134]
[21, 134]
[125, 134]
[18, 159]
[85, 159]
[70, 159]
[9, 70]
[40, 61]
[61, 96]
[79, 89]
[79, 124]
[38, 70]
[79, 168]
[78, 79]
[79, 140]
[36, 79]
[36, 175]
[38, 68]
[28, 38]
[83, 136]
[38, 161]
[54, 61]
[9, 168]
[54, 168]
[83, 171]
[9, 54]
[54, 89]
[38, 110]
[33, 38]
[38, 149]
[38, 64]
[38, 113]
[83, 121]
[9, 121]
[40, 121]
[29, 121]
[25, 121]
[67, 121]
[89, 121]
[54, 121]
[121, 124]
[121, 136]
[61, 121]
[121, 168]
[78, 121]
[121, 140]
[102, 121]
[120, 121]
[31, 121]
[6, 121]
[79, 121]
[7, 121]
[88, 121]
[117, 121]
[16, 121]
[96, 166]
[89, 96]
[173, 176]
[29, 173]
[23, 173]
[61, 173]
[84, 173]
[80, 173]
[78, 173]
[140, 173]
[83, 173]
[102, 173]
[120, 173]
[51, 173]
[36, 173]
[79, 173]
[117, 173]
[16, 173]
[167, 173]
[93, 173]
[47, 173]
[58, 173]
[119, 173]
[123, 173]
[173, 177]
[130, 173]
[37, 173]
[65, 173]
[162, 173]
[55, 173]
[96, 124]
[25, 136]
[12, 136]
[28, 121]
[29, 78]
[67, 78]
[78, 96]
[78, 80]
[67, 136]
[40, 136]
[159, 179]
[88, 179]
[79, 179]
[40, 179]
[24, 179]
[29, 179]
[95, 179]
[143, 179]
[166, 179]
[9, 179]
[81, 179]
[66, 179]
[89, 179]
[140, 179]
[31, 179]
[7, 179]
[84, 179]
[120, 179]
[72, 179]
[50, 179]
[167, 179]
[58, 179]
[119, 179]
[57, 179]
[177, 179]
[130, 179]
[37, 179]
[65, 179]
[55, 179]
[104, 179]
[160, 179]
[68, 179]
[74, 179]
[152, 179]
[71, 179]
[73, 179]
[42, 179]
[174, 179]
[85, 179]
[45, 179]
[108, 179]
[5, 179]
[157, 179]
[13, 179]
[107, 179]
[128, 179]
[139, 179]
[3, 179]
[161, 179]
[154, 179]
[137, 179]
[158, 179]
[15, 179]
[91, 179]
[114, 179]
[103, 179]
[165, 179]
[110, 179]
[33, 179]
[149, 179]
[113, 179]
[38, 179]
[60, 61]
[24, 60]
[23, 60]
[40, 60]
[60, 143]
[60, 166]
[9, 60]
[34, 60]
[60, 89]
[60, 96]
[60, 124]
[60, 168]
[60, 80]
[60, 102]
[60, 175]
[7, 60]
[60, 120]
[6, 60]
[18, 60]
[60, 112]
[60, 101]
[57, 60]
[37, 60]
[8, 60]
[60, 99]
[55, 60]
[10, 60]
[60, 104]
[60, 160]
[60, 117]
[60, 121]
[60, 142]
[60, 173]
[60, 70]
[60, 159]
[60, 152]
[60, 138]
[60, 174]
[4, 60]
[60, 126]
[56, 60]
[30, 60]
[60, 108]
[13, 60]
[60, 164]
[21, 60]
[60, 87]
[15, 60]
[60, 133]
[33, 60]
[60, 64]
[60, 150]
[17, 60]
[60, 131]
[0, 60]
[60, 77]
[60, 163]
[60, 92]
[60, 139]
[60, 94]
[60, 91]
[60, 132]
[123, 167]
[101, 123]
[58, 123]
[119, 123]
[61, 168]
[140, 170]
[40, 140]
[9, 140]
[67, 140]
[140, 166]
[80, 140]
[81, 140]
[89, 140]
[96, 140]
[54, 140]
[102, 170]
[67, 102]
[102, 143]
[34, 102]
[96, 102]
[54, 102]
[102, 168]
[31, 61]
[36, 124]
[12, 36]
[24, 36]
[9, 47]
[1, 47]
[25, 47]
[29, 47]
[23, 47]
[47, 143]
[47, 96]
[47, 61]
[47, 80]
[36, 47]
[22, 47]
[47, 79]
[18, 47]
[47, 93]
[47, 58]
[47, 119]
[47, 177]
[43, 47]
[47, 99]
[11, 47]
[47, 142]
[47, 70]
[47, 72]
[1, 7]
[7, 12]
[7, 23]
[101, 119]
[24, 119]
[1, 119]
[62, 119]
[29, 119]
[119, 170]
[40, 119]
[119, 166]
[66, 119]
[89, 119]
[96, 119]
[119, 140]
[119, 120]
[112, 119]
[50, 119]
[119, 167]
[80, 119]
[36, 119]
[22, 119]
[79, 119]
[61, 119]
[93, 119]
[88, 168]
[88, 140]
[88, 167]
[22, 67]
[22, 170]
[7, 29]
[12, 65]
[25, 65]
[7, 81]
[7, 89]
[7, 96]
[7, 54]
[7, 175]
[112, 124]
[7, 84]
[78, 120]
[96, 177]
[124, 177]
[43, 61]
[43, 102]
[43, 124]
[22, 143]
[1, 22]
[61, 117]
[50, 117]
[23, 117]
[117, 170]
[12, 117]
[1, 117]
[67, 117]
[83, 117]
[78, 117]
[31, 117]
[117, 124]
[79, 117]
[88, 117]
[117, 168]
[16, 117]
[93, 117]
[80, 117]
[72, 117]
[57, 117]
[45, 117]
[99, 117]
[100, 117]
[4, 117]
[33, 117]
[117, 177]
[107, 117]
[36, 117]
[69, 117]
[13, 117]
[113, 117]
[117, 151]
[46, 117]
[77, 117]
[11, 117]
[117, 140]
[8, 117]
[117, 161]
[117, 152]
[85, 117]
[117, 153]
[117, 138]
[18, 117]
[47, 117]
[117, 136]
[71, 117]
[117, 157]
[117, 130]
[117, 133]
[68, 117]
[117, 141]
[117, 144]
[65, 117]
[117, 128]
[86, 117]
[64, 117]
[94, 117]
[117, 131]
[117, 126]
[50, 112]
[22, 112]
[36, 112]
[112, 167]
[58, 112]
[101, 112]
[10, 112]
[110, 112]
[112, 165]
[112, 149]
[97, 112]
[42, 112]
[112, 154]
[13, 112]
[46, 112]
[57, 112]
[37, 112]
[85, 112]
[33, 112]
[112, 138]
[35, 112]
[4, 112]
[103, 112]
[8, 112]
[112, 133]
[11, 112]
[18, 112]
[15, 112]
[112, 137]
[112, 162]
[112, 161]
[112, 152]
[112, 155]
[74, 112]
[112, 164]
[91, 112]
[112, 148]
[111, 112]
[112, 114]
[112, 122]
[86, 112]
[112, 145]
[20, 112]
[112, 128]
[107, 112]
[17, 112]
[112, 139]
[112, 157]
[94, 112]
[5, 112]
[65, 112]
[55, 112]
[112, 126]
[87, 112]
[0, 112]
[98, 112]
[112, 131]
[108, 112]
[9, 115]
[31, 115]
[89, 115]
[95, 115]
[115, 143]
[40, 115]
[115, 120]
[115, 123]
[78, 115]
[115, 124]
[101, 115]
[88, 115]
[102, 115]
[115, 136]
[58, 115]
[115, 168]
[47, 115]
[79, 115]
[72, 115]
[115, 158]
[10, 115]
[115, 130]
[115, 167]
[52, 115]
[8, 115]
[22, 115]
[33, 115]
[35, 115]
[115, 142]
[115, 140]
[57, 115]
[37, 115]
[3, 115]
[115, 138]
[70, 115]
[115, 173]
[56, 115]
[103, 115]
[1, 103]
[103, 176]
[25, 103]
[12, 103]
[66, 103]
[103, 175]
[95, 103]
[40, 103]
[103, 166]
[89, 103]
[31, 103]
[103, 123]
[78, 103]
[103, 124]
[103, 159]
[16, 103]
[83, 103]
[61, 103]
[43, 103]
[45, 103]
[80, 103]
[42, 103]
[36, 103]
[71, 103]
[18, 103]
[100, 103]
[102, 103]
[58, 103]
[47, 103]
[103, 174]
[72, 103]
[73, 103]
[103, 158]
[103, 167]
[101, 103]
[8, 103]
[103, 116]
[60, 103]
[103, 160]
[103, 104]
[103, 142]
[103, 140]
[57, 103]
[103, 154]
[37, 103]
[70, 103]
[103, 119]
[103, 110]
[64, 103]
[74, 103]
[103, 138]
[103, 163]
[56, 103]
[94, 103]
[103, 126]
[92, 103]
[2, 103]
[20, 103]
[103, 128]
[5, 103]
[65, 103]
[87, 103]
[103, 108]
[103, 139]
[103, 153]
[1, 153]
[75, 153]
[24, 153]
[25, 153]
[29, 153]
[153, 170]
[67, 153]
[143, 153]
[66, 153]
[153, 175]
[23, 153]
[153, 166]
[84, 153]
[123, 153]
[9, 153]
[54, 153]
[124, 153]
[16, 153]
[83, 153]
[50, 153]
[43, 153]
[80, 153]
[85, 153]
[36, 153]
[88, 153]
[136, 153]
[153, 168]
[93, 153]
[33, 153]
[153, 165]
[3, 153]
[153, 161]
[152, 153]
[115, 153]
[18, 153]
[52, 153]
[58, 153]
[121, 153]
[153, 173]
[11, 153]
[132, 153]
[133, 153]
[148, 153]
[69, 153]
[77, 153]
[38, 153]
[153, 174]
[73, 153]
[153, 158]
[42, 153]
[60, 153]
[44, 153]
[153, 160]
[142, 153]
[153, 154]
[37, 153]
[70, 153]
[119, 153]
[110, 153]
[74, 153]
[138, 153]
[153, 157]
[94, 153]
[97, 153]
[15, 153]
[92, 153]
[107, 153]
[139, 153]
[100, 153]
[113, 153]
[98, 153]
[75, 98]
[25, 98]
[98, 175]
[40, 98]
[89, 98]
[96, 98]
[98, 159]
[34, 98]
[83, 98]
[43, 98]
[45, 98]
[98, 134]
[80, 98]
[36, 98]
[98, 147]
[4, 98]
[88, 98]
[98, 168]
[79, 98]
[10, 98]
[98, 130]
[93, 98]
[33, 98]
[35, 98]
[98, 161]
[71, 98]
[21, 98]
[98, 114]
[68, 98]
[46, 98]
[98, 152]
[98, 115]
[58, 98]
[72, 98]
[98, 173]
[98, 167]
[8, 98]
[98, 116]
[28, 98]
[98, 140]
[57, 98]
[98, 132]
[98, 133]
[64, 98]
[98, 148]
[98, 163]
[56, 98]
[98, 177]
[98, 122]
[98, 99]
[20, 98]
[98, 174]
[98, 158]
[44, 98]
[98, 160]
[98, 142]
[98, 154]
[98, 119]
[98, 110]
[98, 138]
[97, 98]
[15, 98]
[98, 139]
[98, 100]
[98, 113]
[34, 113]
[7, 113]
[83, 113]
[113, 134]
[36, 113]
[113, 147]
[4, 113]
[113, 168]
[10, 113]
[22, 113]
[33, 113]
[35, 113]
[113, 165]
[113, 161]
[102, 113]
[113, 149]
[68, 113]
[91, 113]
[113, 152]
[113, 115]
[113, 121]
[113, 173]
[113, 167]
[113, 116]
[28, 113]
[104, 113]
[113, 140]
[11, 113]
[113, 132]
[113, 133]
[113, 148]
[69, 113]
[77, 113]
[13, 113]
[99, 113]
[20, 113]
[65, 113]
[113, 137]
[73, 113]
[113, 158]
[60, 113]
[44, 113]
[113, 160]
[113, 142]
[37, 113]
[70, 113]
[113, 119]
[113, 157]
[15, 113]
[92, 113]
[113, 139]
[75, 139]
[24, 139]
[25, 139]
[63, 139]
[29, 139]
[67, 139]
[139, 143]
[81, 139]
[66, 139]
[139, 175]
[23, 139]
[139, 171]
[89, 139]
[31, 139]
[120, 139]
[123, 139]
[54, 139]
[96, 139]
[124, 139]
[139, 159]
[16, 139]
[7, 139]
[83, 139]
[50, 139]
[61, 139]
[134, 139]
[80, 139]
[139, 147]
[4, 139]
[88, 139]
[136, 139]
[79, 139]
[10, 139]
[130, 139]
[93, 139]
[33, 139]
[35, 139]
[139, 149]
[68, 139]
[47, 139]
[91, 139]
[115, 139]
[52, 139]
[72, 139]
[139, 173]
[139, 167]
[8, 139]
[28, 139]
[104, 139]
[111, 139]
[57, 139]
[11, 139]
[132, 139]
[133, 139]
[139, 148]
[69, 139]
[139, 163]
[56, 139]
[139, 162]
[99, 139]
[128, 139]
[3, 139]
[42, 139]
[110, 139]
[74, 139]
[107, 139]
[20, 139]
[65, 139]
[137, 139]
[73, 139]
[139, 158]
[44, 139]
[37, 139]
[70, 139]
[119, 139]
[139, 157]
[15, 139]
[1, 15]
[15, 24]
[15, 143]
[15, 81]
[15, 95]
[15, 40]
[15, 166]
[15, 89]
[15, 120]
[15, 84]
[15, 123]
[9, 15]
[15, 54]
[15, 159]
[15, 16]
[7, 15]
[15, 50]
[15, 61]
[15, 80]
[4, 15]
[15, 168]
[15, 79]
[10, 15]
[15, 22]
[15, 33]
[15, 35]
[15, 161]
[15, 102]
[15, 21]
[15, 115]
[15, 18]
[15, 72]
[15, 101]
[8, 15]
[15, 116]
[15, 104]
[15, 140]
[11, 15]
[15, 56]
[15, 162]
[15, 46]
[15, 165]
[15, 174]
[15, 42]
[15, 110]
[15, 91]
[15, 121]
[15, 173]
[15, 111]
[15, 163]
[15, 73]
[15, 37]
[15, 70]
[15, 119]
[15, 107]
[15, 126]
[15, 164]
[5, 15]
[15, 137]
[15, 55]
[15, 77]
[15, 100]
[25, 100]
[12, 100]
[67, 100]
[48, 100]
[66, 100]
[6, 100]
[100, 175]
[62, 100]
[78, 100]
[100, 124]
[43, 100]
[45, 100]
[85, 100]
[36, 100]
[93, 100]
[30, 100]
[100, 167]
[57, 100]
[100, 171]
[64, 100]
[100, 148]
[100, 136]
[3, 100]
[100, 130]
[100, 154]
[100, 114]
[97, 100]
[20, 100]
[65, 100]
[100, 132]
[44, 100]
[11, 170]
[36, 40]
[28, 173]
[36, 54]
[36, 95]
[23, 36]
[36, 78]
[36, 88]
[36, 120]
[7, 120]
[31, 33]
[36, 143]
[33, 54]
[33, 89]
[33, 66]
[12, 33]
[24, 33]
[33, 124]
[33, 102]
[33, 40]
[33, 61]
[33, 50]
[33, 168]
[33, 79]
[33, 78]
[91, 168]
[25, 91]
[91, 170]
[1, 91]
[12, 91]
[29, 91]
[83, 91]
[91, 175]
[67, 91]
[80, 91]
[40, 91]
[54, 91]
[88, 91]
[78, 91]
[16, 91]
[47, 91]
[73, 91]
[43, 91]
[11, 91]
[91, 165]
[35, 91]
[42, 91]
[37, 91]
[91, 162]
[91, 111]
[52, 91]
[69, 91]
[17, 91]
[91, 151]
[91, 141]
[91, 160]
[91, 136]
[33, 91]
[58, 91]
[91, 108]
[22, 91]
[91, 100]
[2, 91]
[91, 99]
[91, 152]
[85, 91]
[91, 122]
[91, 133]
[91, 149]
[91, 148]
[91, 125]
[91, 145]
[16, 36]
[6, 16]
[16, 23]
[16, 31]
[22, 89]
[16, 89]
[16, 166]
[9, 36]
[16, 78]
[16, 102]
[16, 170]
[16, 34]
[16, 40]
[16, 54]
[16, 50]
[9, 165]
[16, 143]
[12, 97]
[1, 97]
[97, 175]
[24, 97]
[29, 97]
[70, 84]
[1, 162]
[162, 170]
[25, 162]
[67, 162]
[31, 162]
[162, 166]
[124, 162]
[123, 162]
[102, 162]
[115, 162]
[23, 162]
[116, 162]
[88, 162]
[50, 162]
[162, 168]
[78, 162]
[28, 162]
[143, 162]
[121, 162]
[16, 162]
[97, 162]
[73, 162]
[155, 162]
[4, 162]
[11, 162]
[162, 165]
[35, 162]
[42, 162]
[1, 101]
[6, 101]
[25, 101]
[84, 101]
[67, 101]
[101, 166]
[89, 101]
[101, 102]
[40, 101]
[61, 101]
[54, 101]
[101, 116]
[88, 101]
[78, 101]
[101, 120]
[16, 101]
[97, 101]
[101, 140]
[73, 101]
[101, 155]
[4, 101]
[11, 101]
[34, 97]
[31, 165]
[31, 97]
[25, 97]
[97, 166]
[89, 97]
[97, 124]
[30, 78]
[6, 30]
[6, 165]
[12, 165]
[12, 149]
[127, 149]
[1, 149]
[24, 149]
[51, 149]
[84, 149]
[31, 149]
[149, 166]
[124, 149]
[123, 149]
[115, 149]
[134, 149]
[95, 149]
[23, 149]
[54, 149]
[88, 149]
[36, 149]
[79, 149]
[7, 149]
[78, 149]
[120, 149]
[143, 149]
[9, 149]
[140, 149]
[73, 149]
[149, 155]
[4, 149]
[11, 149]
[101, 149]
[149, 165]
[149, 162]
[18, 149]
[111, 149]
[52, 149]
[69, 149]
[149, 157]
[17, 149]
[149, 163]
[149, 160]
[136, 149]
[87, 149]
[108, 149]
[22, 149]
[85, 149]
[149, 150]
[122, 149]
[30, 149]
[10, 149]
[133, 149]
[23, 73]
[25, 73]
[30, 40]
[88, 97]
[97, 116]
[97, 123]
[11, 29]
[1, 11]
[9, 33]
[33, 143]
[50, 97]
[97, 173]
[11, 80]
[11, 67]
[11, 124]
[36, 97]
[97, 120]
[28, 97]
[16, 97]
[80, 174]
[66, 174]
[1, 174]
[6, 174]
[174, 175]
[166, 174]
[123, 174]
[102, 174]
[40, 174]
[61, 174]
[23, 174]
[54, 174]
[116, 174]
[50, 174]
[168, 174]
[36, 174]
[79, 174]
[143, 174]
[16, 174]
[140, 174]
[11, 174]
[165, 174]
[5, 174]
[162, 174]
[18, 174]
[111, 174]
[93, 174]
[44, 174]
[52, 174]
[69, 174]
[20, 174]
[13, 174]
[141, 174]
[136, 174]
[70, 174]
[33, 174]
[87, 174]
[2, 174]
[99, 174]
[152, 174]
[150, 174]
[30, 174]
[10, 174]
[133, 174]
[167, 174]
[148, 174]
[125, 174]
[145, 174]
[128, 174]
[86, 174]
[47, 121]
[47, 97]
[116, 140]
[120, 140]
[16, 140]
[97, 140]
[12, 73]
[1, 73]
[29, 73]
[6, 73]
[73, 175]
[73, 166]
[73, 123]
[73, 173]
[73, 80]
[61, 73]
[54, 73]
[73, 116]
[73, 78]
[73, 143]
[11, 20]
[11, 22]
[22, 54]
[16, 43]
[36, 43]
[43, 50]
[4, 78]
[43, 79]
[7, 43]
[147, 175]
[31, 147]
[43, 140]
[1, 4]
[4, 29]
[78, 147]
[80, 147]
[4, 80]
[4, 31]
[4, 166]
[93, 124]
[4, 89]
[47, 147]
[79, 147]
[35, 78]
[123, 147]
[134, 147]
[120, 147]
[140, 147]
[43, 147]
[101, 147]
[4, 36]
[11, 36]
[11, 40]
[16, 73]
[43, 73]
[11, 102]
[11, 115]
[11, 61]
[11, 95]
[11, 88]
[11, 50]
[11, 16]
[11, 123]
[11, 54]
[11, 121]
[29, 35]
[35, 49]
[35, 76]
[35, 67]
[35, 169]
[35, 175]
[35, 79]
[35, 124]
[35, 95]
[35, 50]
[35, 143]
[35, 80]
[16, 35]
[35, 36]
[35, 101]
[35, 121]
[35, 73]
[11, 35]
[18, 66]
[18, 169]
[18, 166]
[18, 168]
[18, 89]
[18, 124]
[18, 102]
[18, 143]
[16, 18]
[18, 101]
[18, 162]
[35, 47]
[73, 140]
[11, 140]
[35, 140]
[4, 175]
[4, 102]
[4, 61]
[126, 138]
[99, 138]
[96, 138]
[9, 138]
[84, 138]
[1, 138]
[81, 138]
[25, 138]
[138, 159]
[67, 138]
[138, 166]
[23, 138]
[116, 138]
[7, 138]
[89, 138]
[28, 138]
[79, 138]
[88, 138]
[50, 138]
[138, 143]
[138, 149]
[138, 174]
[16, 138]
[54, 138]
[73, 138]
[138, 140]
[35, 138]
[18, 138]
[47, 138]
[4, 138]
[111, 138]
[138, 152]
[122, 138]
[97, 138]
[138, 158]
[21, 138]
[138, 151]
[64, 138]
[46, 138]
[3, 138]
[138, 150]
[138, 147]
[44, 138]
[137, 138]
[71, 138]
[55, 138]
[69, 138]
[58, 138]
[85, 138]
[132, 138]
[125, 138]
[118, 138]
[93, 138]
[138, 164]
[138, 157]
[86, 138]
[33, 138]
[138, 161]
[138, 154]
[45, 138]
[65, 138]
[130, 138]
[138, 141]
[138, 142]
[4, 50]
[4, 11]
[4, 16]
[4, 123]
[4, 54]
[4, 173]
[4, 121]
[4, 35]
[4, 18]
[11, 37]
[37, 88]
[37, 102]
[37, 168]
[25, 37]
[37, 40]
[37, 50]
[37, 143]
[9, 37]
[37, 120]
[37, 123]
[37, 54]
[37, 43]
[23, 77]
[77, 170]
[37, 101]
[127, 144]
[22, 80]
[119, 149]
[119, 174]
[119, 121]
[37, 73]
[18, 37]
[37, 140]
[61, 111]
[80, 111]
[83, 111]
[57, 124]
[57, 95]
[57, 168]
[57, 67]
[29, 57]
[40, 57]
[31, 57]
[9, 57]
[43, 57]
[7, 57]
[57, 89]
[57, 123]
[57, 91]
[47, 57]
[11, 57]
[4, 57]
[57, 73]
[57, 140]
[57, 120]
[37, 57]
[57, 111]
[57, 167]
[57, 97]
[57, 96]
[57, 147]
[44, 57]
[57, 77]
[57, 148]
[52, 57]
[57, 114]
[57, 92]
[57, 69]
[20, 57]
[57, 58]
[57, 68]
[57, 87]
[45, 57]
[57, 130]
[57, 141]
[36, 57]
[57, 152]
[57, 158]
[57, 74]
[57, 64]
[3, 57]
[57, 99]
[13, 57]
[57, 118]
[57, 164]
[57, 86]
[41, 57]
[57, 104]
[57, 110]
[57, 131]
[80, 136]
[102, 136]
[43, 136]
[24, 126]
[29, 126]
[11, 136]
[7, 136]
[16, 136]
[136, 162]
[126, 177]
[80, 177]
[136, 143]
[101, 136]
[7, 177]
[101, 177]
[140, 177]
[136, 177]
[155, 177]
[5, 177]
[133, 177]
[128, 177]
[18, 177]
[150, 177]
[160, 177]
[108, 177]
[157, 177]
[111, 177]
[167, 177]
[147, 177]
[44, 177]
[148, 177]
[114, 177]
[20, 177]
[58, 177]
[68, 177]
[87, 177]
[154, 177]
[42, 177]
[65, 177]
[130, 177]
[141, 177]
[119, 177]
[122, 177]
[74, 177]
[64, 177]
[3, 177]
[33, 43]
[21, 43]
[17, 80]
[17, 24]
[12, 17]
[21, 24]
[1, 21]
[11, 21]
[21, 31]
[21, 169]
[21, 34]
[21, 116]
[21, 175]
[21, 102]
[21, 40]
[21, 173]
[21, 123]
[21, 47]
[21, 159]
[21, 166]
[21, 168]
[21, 61]
[21, 50]
[21, 162]
[21, 143]
[24, 93]
[31, 46]
[46, 102]
[29, 46]
[46, 170]
[1, 46]
[46, 67]
[46, 116]
[46, 78]
[46, 173]
[46, 123]
[46, 81]
[38, 46]
[46, 159]
[46, 95]
[46, 61]
[46, 79]
[46, 50]
[16, 46]
[46, 162]
[4, 46]
[21, 46]
[46, 73]
[37, 46]
[46, 89]
[46, 52]
[36, 46]
[46, 149]
[46, 70]
[46, 152]
[46, 99]
[30, 46]
[13, 46]
[46, 132]
[46, 118]
[2, 46]
[46, 100]
[46, 110]
[46, 72]
[93, 170]
[6, 93]
[25, 93]
[48, 93]
[9, 93]
[28, 93]
[79, 93]
[16, 93]
[93, 143]
[4, 93]
[24, 151]
[27, 151]
[12, 151]
[151, 176]
[1, 151]
[63, 151]
[8, 31]
[8, 102]
[48, 151]
[34, 151]
[83, 151]
[38, 151]
[51, 151]
[103, 151]
[151, 153]
[67, 151]
[66, 151]
[98, 151]
[116, 151]
[151, 175]
[102, 151]
[115, 151]
[47, 151]
[113, 151]
[61, 151]
[151, 173]
[28, 151]
[79, 151]
[151, 162]
[4, 151]
[93, 151]
[16, 165]
[67, 165]
[30, 67]
[29, 30]
[40, 165]
[165, 170]
[165, 176]
[25, 165]
[83, 165]
[165, 175]
[102, 165]
[123, 165]
[159, 165]
[95, 165]
[11, 165]
[165, 173]
[21, 97]
[21, 36]
[4, 97]
[43, 97]
[11, 97]
[21, 54]
[89, 93]
[93, 97]
[43, 93]
[54, 93]
[89, 151]
[97, 151]
[7, 46]
[62, 126]
[24, 99]
[99, 170]
[29, 99]
[34, 99]
[25, 99]
[67, 99]
[23, 99]
[99, 116]
[99, 134]
[84, 99]
[99, 166]
[99, 168]
[50, 99]
[28, 99]
[99, 124]
[99, 143]
[99, 102]
[40, 99]
[95, 99]
[16, 99]
[89, 99]
[91, 96]
[21, 96]
[77, 96]
[92, 96]
[45, 96]
[96, 158]
[72, 96]
[46, 96]
[8, 96]
[96, 107]
[22, 96]
[96, 136]
[96, 133]
[96, 128]
[126, 153]
[36, 126]
[126, 134]
[115, 126]
[81, 126]
[126, 139]
[84, 126]
[126, 166]
[113, 126]
[126, 168]
[50, 126]
[102, 126]
[126, 159]
[126, 173]
[23, 126]
[88, 126]
[126, 143]
[40, 126]
[4, 126]
[97, 126]
[121, 126]
[93, 126]
[17, 126]
[33, 126]
[37, 126]
[52, 126]
[35, 126]
[110, 126]
[7, 126]
[36, 151]
[43, 151]
[54, 151]
[80, 151]
[54, 165]
[97, 165]
[121, 165]
[93, 165]
[1, 17]
[17, 170]
[17, 103]
[17, 66]
[15, 17]
[17, 98]
[17, 81]
[17, 38]
[17, 84]
[17, 166]
[17, 179]
[17, 113]
[17, 50]
[40, 85]
[17, 36]
[16, 17]
[17, 79]
[17, 102]
[17, 31]
[17, 123]
[17, 159]
[17, 173]
[17, 116]
[17, 143]
[17, 95]
[17, 162]
[4, 17]
[9, 17]
[17, 43]
[17, 54]
[17, 97]
[17, 121]
[17, 93]
[17, 151]
[33, 121]
[40, 69]
[25, 69]
[24, 69]
[85, 88]
[85, 124]
[69, 123]
[8, 16]
[34, 69]
[21, 142]
[123, 142]
[142, 170]
[142, 176]
[6, 142]
[25, 142]
[83, 142]
[48, 142]
[142, 166]
[61, 142]
[79, 142]
[102, 142]
[23, 142]
[88, 142]
[91, 142]
[89, 142]
[9, 142]
[36, 142]
[54, 142]
[142, 149]
[142, 177]
[121, 142]
[142, 165]
[17, 142]
[33, 142]
[142, 152]
[120, 142]
[35, 142]
[13, 142]
[132, 142]
[118, 142]
[2, 142]
[100, 142]
[57, 142]
[101, 142]
[126, 142]
[5, 142]
[142, 157]
[77, 142]
[70, 142]
[72, 142]
[107, 142]
[136, 142]
[96, 142]
[142, 167]
[142, 147]
[44, 142]
[20, 142]
[87, 142]
[142, 154]
[65, 142]
[119, 142]
[64, 142]
[55, 142]
[94, 142]
[142, 163]
[142, 145]
[142, 144]
[125, 142]
[69, 75]
[1, 69]
[69, 175]
[69, 166]
[69, 168]
[61, 69]
[50, 69]
[69, 102]
[69, 173]
[69, 116]
[69, 95]
[69, 162]
[9, 69]
[36, 69]
[54, 69]
[69, 80]
[121, 177]
[69, 165]
[17, 69]
[33, 165]
[33, 93]
[73, 165]
[33, 73]
[37, 69]
[37, 151]
[37, 165]
[17, 37]
[28, 52]
[27, 52]
[52, 178]
[7, 10]
[10, 170]
[10, 24]
[10, 104]
[104, 170]
[10, 61]
[12, 104]
[10, 124]
[25, 104]
[10, 79]
[67, 104]
[30, 84]
[52, 84]
[32, 52]
[52, 156]
[52, 61]
[52, 176]
[24, 52]
[49, 52]
[34, 52]
[52, 171]
[52, 169]
[52, 175]
[52, 81]
[50, 52]
[52, 79]
[31, 52]
[52, 123]
[23, 52]
[52, 88]
[52, 143]
[52, 78]
[47, 52]
[52, 95]
[4, 52]
[11, 52]
[43, 52]
[52, 54]
[52, 69]
[52, 121]
[17, 52]
[33, 52]
[79, 152]
[50, 152]
[12, 152]
[152, 170]
[152, 159]
[67, 152]
[152, 166]
[4, 85]
[29, 85]
[85, 170]
[22, 85]
[22, 36]
[22, 124]
[21, 22]
[22, 35]
[21, 35]
[21, 37]
[21, 80]
[21, 174]
[22, 33]
[22, 165]
[22, 73]
[22, 99]
[22, 120]
[22, 110]
[22, 161]
[102, 152]
[31, 152]
[9, 154]
[79, 154]
[88, 152]
[50, 154]
[78, 152]
[47, 152]
[143, 152]
[29, 154]
[16, 152]
[11, 152]
[1, 154]
[89, 152]
[43, 152]
[25, 154]
[80, 152]
[54, 152]
[36, 152]
[97, 152]
[38, 77]
[6, 77]
[12, 77]
[34, 77]
[77, 175]
[77, 166]
[50, 77]
[77, 124]
[77, 102]
[31, 77]
[77, 173]
[77, 116]
[77, 143]
[40, 77]
[77, 95]
[16, 77]
[11, 77]
[77, 89]
[43, 77]
[77, 97]
[69, 77]
[77, 151]
[17, 77]
[77, 126]
[73, 77]
[52, 77]
[77, 152]
[30, 77]
[35, 77]
[13, 77]
[77, 118]
[7, 77]
[10, 77]
[5, 77]
[77, 150]
[77, 160]
[80, 99]
[36, 99]
[69, 99]
[99, 120]
[7, 69]
[100, 159]
[84, 100]
[38, 100]
[81, 100]
[100, 139]
[100, 166]
[100, 179]
[100, 113]
[100, 168]
[61, 100]
[79, 100]
[100, 143]
[95, 100]
[89, 100]
[11, 100]
[100, 121]
[100, 120]
[37, 100]
[99, 101]
[100, 101]
[23, 155]
[62, 155]
[153, 155]
[78, 155]
[84, 155]
[80, 155]
[16, 155]
[40, 155]
[40, 154]
[66, 154]
[123, 154]
[88, 154]
[78, 154]
[124, 154]
[154, 173]
[47, 154]
[4, 154]
[149, 154]
[154, 159]
[154, 174]
[96, 154]
[77, 154]
[11, 154]
[101, 154]
[121, 154]
[18, 69]
[18, 99]
[18, 97]
[18, 21]
[99, 151]
[101, 151]
[87, 101]
[9, 87]
[87, 170]
[12, 87]
[29, 87]
[67, 87]
[87, 117]
[87, 98]
[87, 115]
[87, 162]
[87, 175]
[87, 102]
[31, 87]
[87, 116]
[80, 87]
[16, 87]
[7, 87]
[50, 87]
[87, 139]
[87, 166]
[87, 113]
[61, 87]
[43, 87]
[87, 88]
[78, 87]
[47, 87]
[87, 159]
[69, 87]
[87, 99]
[11, 87]
[4, 87]
[87, 121]
[87, 152]
[87, 132]
[22, 87]
[44, 87]
[58, 87]
[77, 87]
[21, 87]
[87, 158]
[37, 87]
[87, 155]
[33, 87]
[2, 87]
[87, 110]
[5, 87]
[87, 150]
[87, 157]
[70, 87]
[87, 147]
[20, 87]
[111, 170]
[12, 111]
[6, 111]
[29, 111]
[34, 111]
[67, 111]
[66, 111]
[111, 162]
[111, 175]
[31, 111]
[23, 111]
[50, 111]
[89, 111]
[88, 111]
[78, 111]
[111, 173]
[40, 111]
[36, 111]
[79, 111]
[18, 111]
[4, 111]
[111, 126]
[111, 152]
[35, 111]
[111, 160]
[111, 133]
[111, 148]
[69, 111]
[111, 155]
[85, 111]
[111, 157]
[111, 136]
[73, 111]
[111, 132]
[44, 111]
[111, 167]
[111, 114]
[111, 154]
[94, 111]
[104, 111]
[77, 111]
[101, 111]
[21, 111]
[17, 111]
[30, 111]
[110, 111]
[5, 111]
[108, 111]
[58, 79]
[22, 77]
[22, 140]
[73, 99]
[35, 99]
[7, 165]
[33, 101]
[21, 121]
[126, 140]
[35, 69]
[35, 151]
[17, 100]
[73, 100]
[100, 151]
[33, 100]
[35, 100]
[99, 119]
[37, 154]
[93, 154]
[18, 52]
[10, 54]
[10, 95]
[87, 154]
[52, 154]
[17, 154]
[33, 154]
[17, 18]
[20, 61]
[20, 88]
[18, 151]
[18, 100]
[9, 20]
[136, 154]
[77, 136]
[120, 136]
[126, 136]
[37, 136]
[93, 136]
[80, 122]
[12, 122]
[115, 122]
[78, 122]
[84, 122]
[23, 122]
[40, 122]
[116, 122]
[24, 122]
[25, 122]
[89, 122]
[122, 143]
[88, 122]
[122, 170]
[122, 175]
[43, 122]
[79, 122]
[16, 122]
[47, 122]
[122, 123]
[7, 122]
[77, 122]
[95, 122]
[54, 122]
[36, 122]
[122, 159]
[97, 122]
[111, 122]
[22, 122]
[93, 122]
[87, 122]
[69, 122]
[121, 122]
[17, 122]
[119, 122]
[41, 122]
[72, 122]
[64, 122]
[101, 122]
[5, 122]
[108, 122]
[122, 150]
[122, 131]
[85, 122]
[122, 141]
[114, 122]
[13, 122]
[122, 137]
[122, 132]
[58, 122]
[20, 122]
[122, 167]
[74, 122]
[104, 122]
[122, 145]
[70, 122]
[122, 140]
[55, 122]
[110, 122]
[73, 136]
[99, 136]
[52, 136]
[35, 136]
[37, 163]
[16, 163]
[88, 163]
[115, 163]
[21, 163]
[78, 160]
[17, 20]
[20, 29]
[1, 20]
[10, 20]
[10, 31]
[30, 120]
[77, 163]
[20, 77]
[20, 116]
[20, 84]
[20, 40]
[30, 54]
[30, 123]
[30, 116]
[30, 51]
[30, 48]
[30, 89]
[30, 168]
[30, 81]
[30, 43]
[16, 30]
[30, 47]
[28, 30]
[30, 36]
[30, 159]
[30, 97]
[30, 69]
[30, 121]
[30, 73]
[30, 154]
[30, 119]
[30, 163]
[30, 133]
[30, 41]
[30, 101]
[30, 85]
[30, 141]
[30, 114]
[30, 86]
[2, 30]
[30, 148]
[3, 30]
[30, 74]
[30, 104]
[30, 152]
[30, 71]
[30, 158]
[30, 118]
[30, 65]
[30, 42]
[0, 30]
[30, 144]
[30, 165]
[30, 108]
[30, 150]
[30, 125]
[8, 30]
[30, 107]
[30, 110]
[5, 171]
[1, 5]
[5, 80]
[5, 84]
[5, 98]
[5, 115]
[5, 117]
[46, 87]
[5, 46]
[46, 130]
[46, 58]
[46, 140]
[46, 94]
[18, 46]
[46, 121]
[46, 131]
[46, 119]
[46, 145]
[46, 64]
[46, 157]
[46, 164]
[95, 155]
[147, 162]
[77, 147]
[147, 173]
[22, 147]
[126, 147]
[52, 147]
[28, 155]
[28, 137]
[28, 92]
[22, 68]
[22, 137]
[22, 92]
[22, 72]
[22, 155]
[22, 55]
[22, 70]
[22, 133]
[22, 144]
[8, 22]
[22, 141]
[22, 86]
[43, 128]
[47, 128]
[20, 47]
[20, 162]
[20, 62]
[13, 154]
[128, 154]
[20, 154]
[147, 154]
[154, 161]
[10, 154]
[70, 154]
[85, 154]
[144, 154]
[8, 154]
[130, 154]
[154, 167]
[3, 154]
[118, 154]
[45, 154]
[5, 154]
[64, 154]
[114, 154]
[74, 154]
[131, 154]
[145, 154]
[154, 164]
[71, 154]
[108, 154]
[110, 154]
[154, 157]
[154, 155]
[2, 154]
[2, 84]
[2, 40]
[2, 124]
[2, 9]
[2, 24]
[2, 134]
[2, 80]
[2, 88]
[2, 11]
[2, 166]
[2, 31]
[2, 50]
[2, 29]
[2, 116]
[2, 168]
[2, 81]
[2, 16]
[2, 123]
[2, 43]
[2, 136]
[2, 17]
[2, 54]
[2, 36]
[2, 33]
[2, 35]
[2, 93]
[2, 159]
[2, 72]
[2, 37]
[2, 119]
[2, 28]
[2, 132]
[2, 44]
[2, 68]
[2, 92]
[2, 18]
[2, 165]
[2, 161]
[2, 152]
[2, 148]
[2, 101]
[2, 85]
[2, 144]
[2, 3]
[2, 118]
[2, 71]
[2, 65]
[2, 157]
[2, 10]
[2, 150]
[2, 56]
[2, 64]
[63, 64]
[64, 127]
[64, 66]
[64, 115]
[23, 64]
[40, 64]
[64, 124]
[12, 64]
[24, 64]
[25, 64]
[62, 64]
[64, 143]
[64, 149]
[64, 88]
[64, 96]
[64, 91]
[64, 102]
[31, 64]
[50, 64]
[64, 111]
[64, 116]
[64, 168]
[64, 81]
[64, 123]
[43, 64]
[64, 136]
[17, 64]
[64, 99]
[64, 133]
[64, 95]
[64, 173]
[21, 64]
[54, 64]
[36, 64]
[64, 97]
[64, 69]
[22, 64]
[37, 64]
[64, 93]
[58, 64]
[64, 119]
[64, 132]
[64, 137]
[64, 130]
[64, 104]
[64, 87]
[64, 160]
[64, 148]
[64, 70]
[64, 158]
[64, 114]
[64, 65]
[5, 64]
[64, 94]
[64, 161]
[64, 167]
[45, 64]
[64, 164]
[64, 144]
[10, 64]
[18, 64]
[64, 108]
[64, 125]
[64, 131]
[64, 145]
[64, 157]
[56, 64]
[64, 141]
[64, 86]
[42, 64]
[64, 150]
[98, 150]
[150, 176]
[84, 150]
[23, 150]
[40, 150]
[34, 150]
[24, 150]
[6, 150]
[150, 153]
[25, 150]
[88, 150]
[11, 150]
[61, 150]
[79, 150]
[7, 150]
[4, 150]
[150, 166]
[116, 150]
[150, 168]
[81, 150]
[16, 150]
[123, 150]
[136, 150]
[20, 150]
[113, 150]
[38, 150]
[126, 150]
[128, 150]
[140, 150]
[150, 159]
[68, 150]
[74, 150]
[73, 150]
[150, 173]
[21, 150]
[54, 150]
[69, 150]
[52, 150]
[17, 150]
[85, 150]
[44, 150]
[93, 150]
[100, 150]
[8, 150]
[110, 150]
[132, 150]
[150, 152]
[130, 150]
[104, 150]
[150, 160]
[3, 150]
[118, 150]
[71, 150]
[148, 150]
[70, 150]
[150, 155]
[150, 161]
[18, 150]
[28, 150]
[114, 150]
[65, 150]
[94, 150]
[45, 150]
[150, 164]
[150, 154]
[150, 157]
[42, 150]
[32, 42]
[42, 171]
[42, 169]
[42, 78]
[23, 42]
[40, 42]
[42, 67]
[9, 42]
[25, 42]
[42, 143]
[42, 88]
[42, 175]
[7, 42]
[4, 42]
[42, 77]
[29, 42]
[42, 43]
[42, 120]
[42, 136]
[20, 42]
[42, 126]
[42, 147]
[42, 140]
[42, 121]
[35, 42]
[42, 74]
[42, 73]
[42, 173]
[21, 42]
[42, 54]
[36, 42]
[42, 69]
[17, 42]
[42, 101]
[42, 44]
[42, 110]
[42, 152]
[42, 92]
[42, 46]
[42, 165]
[2, 42]
[5, 42]
[3, 42]
[42, 71]
[42, 148]
[42, 70]
[42, 108]
[42, 155]
[42, 87]
[42, 137]
[10, 42]
[42, 125]
[18, 42]
[28, 42]
[42, 56]
[42, 114]
[42, 141]
[42, 65]
[42, 45]
[42, 164]
[42, 154]
[42, 157]
[115, 157]
[23, 157]
[9, 157]
[25, 157]
[157, 170]
[157, 175]
[11, 157]
[4, 157]
[102, 157]
[50, 157]
[157, 168]
[47, 157]
[123, 157]
[89, 157]
[120, 157]
[99, 157]
[126, 157]
[147, 157]
[140, 157]
[121, 157]
[157, 173]
[21, 157]
[22, 157]
[101, 157]
[44, 157]
[37, 157]
[58, 157]
[100, 157]
[8, 157]
[132, 157]
[152, 157]
[130, 157]
[92, 157]
[157, 158]
[122, 157]
[68, 157]
[72, 157]
[157, 163]
[55, 157]
[144, 157]
[155, 157]
[137, 157]
[10, 157]
[157, 161]
[125, 157]
[131, 157]
[145, 157]
[56, 157]
[114, 157]
[141, 157]
[86, 157]
[45, 157]
[1, 45]
[45, 66]
[45, 78]
[23, 45]
[40, 45]
[34, 45]
[9, 45]
[6, 45]
[45, 143]
[45, 149]
[45, 175]
[11, 45]
[45, 61]
[4, 45]
[45, 77]
[45, 102]
[45, 166]
[45, 174]
[29, 45]
[45, 168]
[45, 123]
[43, 45]
[45, 120]
[45, 136]
[45, 99]
[20, 45]
[45, 126]
[45, 147]
[45, 140]
[45, 121]
[35, 45]
[45, 133]
[45, 73]
[45, 173]
[45, 97]
[22, 45]
[45, 52]
[17, 45]
[45, 101]
[45, 85]
[45, 93]
[45, 132]
[45, 152]
[45, 158]
[45, 68]
[45, 148]
[45, 155]
[45, 55]
[45, 65]
[45, 160]
[45, 87]
[45, 167]
[45, 144]
[45, 137]
[45, 114]
[45, 72]
[45, 94]
[10, 45]
[45, 125]
[45, 141]
[45, 86]
[60, 86]
[83, 86]
[84, 86]
[12, 86]
[9, 86]
[86, 179]
[86, 103]
[86, 153]
[15, 86]
[25, 86]
[62, 86]
[86, 143]
[86, 88]
[86, 175]
[86, 177]
[77, 86]
[86, 91]
[86, 166]
[86, 111]
[29, 86]
[86, 116]
[86, 168]
[81, 86]
[16, 86]
[47, 86]
[86, 123]
[86, 89]
[86, 136]
[86, 99]
[20, 86]
[86, 113]
[38, 86]
[86, 95]
[69, 86]
[44, 86]
[37, 86]
[86, 119]
[13, 86]
[5, 86]
[71, 86]
[33, 86]
[86, 110]
[86, 173]
[52, 86]
[86, 101]
[86, 93]
[28, 86]
[86, 104]
[73, 86]
[86, 108]
[86, 132]
[68, 86]
[18, 86]
[17, 86]
[86, 145]
[86, 160]
[86, 87]
[86, 144]
[86, 137]
[72, 86]
[86, 152]
[86, 114]
[86, 94]
[86, 164]
[86, 141]
[86, 125]
[41, 86]
[1, 41]
[41, 127]
[41, 98]
[41, 78]
[41, 84]
[23, 41]
[40, 41]
[12, 41]
[9, 41]
[41, 179]
[41, 153]
[41, 62]
[41, 143]
[41, 149]
[41, 88]
[41, 175]
[11, 41]
[41, 61]
[41, 79]
[41, 162]
[41, 177]
[7, 41]
[41, 102]
[41, 166]
[29, 41]
[41, 116]
[41, 51]
[41, 81]
[41, 47]
[41, 123]
[41, 89]
[41, 43]
[41, 120]
[20, 41]
[38, 41]
[41, 126]
[41, 128]
[41, 159]
[41, 95]
[21, 41]
[41, 44]
[41, 130]
[2, 41]
[41, 151]
[41, 46]
[41, 163]
[41, 161]
[41, 74]
[35, 41]
[41, 118]
[33, 41]
[41, 55]
[41, 148]
[41, 119]
[41, 56]
[41, 110]
[41, 52]
[41, 93]
[28, 41]
[5, 41]
[22, 41]
[41, 154]
[41, 68]
[41, 160]
[41, 87]
[41, 72]
[41, 94]
[1, 94]
[83, 94]
[78, 94]
[23, 94]
[40, 94]
[34, 94]
[67, 94]
[9, 94]
[80, 94]
[94, 143]
[94, 149]
[94, 175]
[61, 94]
[79, 94]
[94, 162]
[94, 96]
[94, 177]
[91, 94]
[94, 102]
[31, 94]
[29, 94]
[16, 94]
[89, 94]
[43, 94]
[94, 99]
[20, 94]
[94, 133]
[69, 94]
[44, 94]
[94, 130]
[94, 163]
[94, 161]
[94, 140]
[94, 121]
[74, 94]
[35, 94]
[3, 94]
[13, 94]
[33, 94]
[94, 155]
[94, 131]
[65, 94]
[94, 119]
[56, 94]
[94, 110]
[94, 101]
[94, 104]
[18, 94]
[94, 145]
[87, 94]
[94, 152]
[94, 114]
[1, 114]
[114, 171]
[83, 114]
[114, 115]
[40, 114]
[67, 114]
[12, 114]
[6, 114]
[114, 143]
[88, 114]
[114, 170]
[114, 175]
[11, 114]
[61, 114]
[79, 114]
[114, 162]
[96, 114]
[7, 114]
[91, 114]
[114, 168]
[16, 114]
[43, 114]
[114, 120]
[114, 126]
[114, 147]
[36, 114]
[69, 114]
[44, 114]
[37, 114]
[92, 114]
[114, 151]
[46, 114]
[85, 114]
[114, 161]
[114, 140]
[35, 114]
[3, 114]
[33, 114]
[55, 114]
[114, 158]
[114, 148]
[65, 114]
[114, 173]
[52, 114]
[101, 114]
[5, 114]
[22, 114]
[71, 114]
[87, 114]
[73, 114]
[108, 114]
[18, 114]
[114, 145]
[114, 160]
[114, 144]
[114, 125]
[112, 125]
[60, 125]
[66, 125]
[83, 125]
[115, 125]
[78, 125]
[84, 125]
[23, 125]
[12, 125]
[9, 125]
[24, 125]
[125, 179]
[125, 153]
[103, 125]
[125, 149]
[88, 125]
[125, 170]
[57, 125]
[125, 162]
[125, 177]
[7, 125]
[77, 125]
[31, 125]
[50, 125]
[29, 125]
[16, 125]
[47, 125]
[89, 125]
[43, 125]
[120, 125]
[125, 136]
[20, 125]
[113, 125]
[38, 125]
[125, 126]
[125, 159]
[21, 125]
[54, 125]
[36, 125]
[37, 125]
[97, 125]
[85, 125]
[125, 140]
[3, 125]
[118, 125]
[125, 167]
[125, 151]
[119, 125]
[125, 163]
[125, 165]
[125, 131]
[10, 125]
[125, 148]
[125, 155]
[125, 173]
[100, 125]
[125, 132]
[55, 125]
[125, 152]
[52, 125]
[22, 125]
[17, 125]
[72, 125]
[87, 125]
[125, 137]
[73, 125]
[108, 125]
[125, 144]
[27, 144]
[112, 144]
[60, 144]
[144, 169]
[98, 144]
[144, 176]
[83, 144]
[78, 144]
[40, 144]
[124, 144]
[24, 144]
[144, 179]
[6, 144]
[144, 153]
[139, 144]
[80, 144]
[144, 149]
[88, 144]
[144, 170]
[11, 144]
[61, 144]
[79, 144]
[144, 177]
[77, 144]
[144, 166]
[31, 144]
[144, 174]
[51, 144]
[48, 144]
[144, 168]
[81, 144]
[16, 144]
[43, 144]
[99, 144]
[20, 144]
[113, 144]
[38, 144]
[126, 144]
[144, 159]
[21, 144]
[69, 144]
[44, 144]
[37, 144]
[70, 144]
[97, 144]
[85, 144]
[74, 144]
[3, 144]
[144, 167]
[8, 144]
[119, 144]
[144, 163]
[144, 165]
[131, 144]
[92, 144]
[13, 144]
[144, 158]
[144, 148]
[65, 144]
[100, 144]
[132, 144]
[55, 144]
[144, 152]
[52, 144]
[71, 144]
[72, 144]
[144, 164]
[108, 144]
[18, 144]
[18, 128]
[18, 167]
[8, 18]
[18, 161]
[18, 118]
[18, 104]
[18, 132]
[18, 68]
[18, 148]
[18, 65]
[18, 92]
[13, 18]
[18, 155]
[18, 160]
[18, 55]
[18, 137]
[18, 108]
[1, 108]
[78, 108]
[23, 108]
[9, 108]
[6, 108]
[108, 153]
[108, 139]
[25, 108]
[80, 108]
[88, 108]
[108, 170]
[108, 175]
[11, 108]
[61, 108]
[102, 108]
[108, 166]
[108, 168]
[16, 108]
[108, 123]
[89, 108]
[108, 120]
[54, 108]
[79, 108]
[108, 162]
[108, 116]
[22, 108]
[99, 108]
[33, 108]
[21, 108]
[73, 108]
[35, 108]
[108, 133]
[46, 108]
[108, 163]
[74, 108]
[3, 108]
[20, 108]
[44, 108]
[108, 130]
[70, 108]
[8, 108]
[108, 110]
[58, 108]
[108, 118]
[100, 108]
[108, 132]
[108, 131]
[52, 108]
[17, 108]
[13, 108]
[108, 155]
[5, 108]
[55, 108]
[108, 164]
[108, 137]
[137, 176]
[83, 137]
[115, 137]
[84, 137]
[23, 137]
[124, 137]
[12, 137]
[24, 137]
[25, 137]
[80, 137]
[62, 137]
[137, 143]
[137, 149]
[137, 170]
[11, 137]
[61, 137]
[137, 177]
[7, 137]
[137, 166]
[50, 137]
[29, 137]
[137, 168]
[16, 137]
[47, 137]
[123, 137]
[89, 137]
[43, 137]
[137, 159]
[116, 137]
[126, 137]
[93, 137]
[87, 137]
[119, 137]
[21, 137]
[73, 137]
[35, 137]
[74, 137]
[3, 137]
[20, 137]
[44, 137]
[130, 137]
[137, 165]
[8, 137]
[10, 137]
[104, 137]
[71, 137]
[131, 137]
[101, 137]
[137, 148]
[13, 137]
[137, 160]
[55, 137]
[56, 137]
[56, 66]
[56, 78]
[56, 84]
[56, 67]
[12, 56]
[9, 56]
[24, 56]
[56, 80]
[56, 175]
[56, 96]
[56, 177]
[4, 56]
[56, 91]
[56, 102]
[31, 56]
[56, 111]
[56, 174]
[56, 81]
[56, 123]
[43, 56]
[56, 95]
[56, 79]
[56, 162]
[56, 77]
[56, 116]
[56, 121]
[56, 93]
[56, 99]
[56, 119]
[56, 136]
[56, 73]
[35, 56]
[56, 122]
[56, 140]
[56, 133]
[46, 56]
[56, 163]
[20, 56]
[56, 128]
[56, 70]
[56, 165]
[56, 167]
[8, 56]
[56, 110]
[56, 58]
[56, 118]
[56, 68]
[56, 131]
[52, 56]
[56, 101]
[56, 65]
[56, 92]
[13, 56]
[56, 155]
[5, 56]
[5, 40]
[5, 153]
[5, 143]
[5, 88]
[5, 170]
[5, 175]
[4, 5]
[5, 16]
[5, 47]
[5, 123]
[5, 113]
[5, 95]
[5, 54]
[5, 36]
[5, 116]
[5, 97]
[5, 22]
[5, 99]
[5, 33]
[5, 21]
[5, 35]
[5, 151]
[5, 147]
[5, 133]
[5, 85]
[5, 163]
[5, 74]
[3, 5]
[5, 20]
[5, 128]
[5, 70]
[5, 104]
[5, 71]
[5, 68]
[5, 72]
[5, 17]
[5, 13]
[5, 155]
[113, 155]
[38, 155]
[155, 159]
[54, 155]
[36, 155]
[155, 173]
[97, 155]
[126, 155]
[93, 155]
[69, 155]
[21, 155]
[73, 155]
[3, 155]
[44, 155]
[31, 133]
[31, 132]
[31, 92]
[31, 160]
[61, 133]
[12, 133]
[54, 133]
[78, 133]
[115, 133]
[1, 133]
[133, 162]
[23, 133]
[40, 133]
[0, 154]
[133, 143]
[83, 163]
[47, 163]
[33, 140]
[11, 163]
[163, 177]
[17, 163]
[151, 163]
[87, 163]
[126, 163]
[69, 163]
[93, 163]
[159, 163]
[52, 163]
[85, 175]
[9, 85]
[85, 89]
[85, 162]
[31, 85]
[35, 85]
[7, 85]
[47, 85]
[85, 97]
[54, 85]
[16, 85]
[37, 85]
[85, 101]
[69, 85]
[52, 85]
[17, 85]
[9, 161]
[66, 161]
[40, 161]
[161, 170]
[33, 161]
[61, 161]
[81, 161]
[79, 161]
[111, 161]
[123, 161]
[143, 161]
[57, 161]
[88, 161]
[161, 162]
[161, 173]
[136, 161]
[158, 175]
[6, 158]
[7, 161]
[47, 161]
[54, 161]
[121, 161]
[69, 161]
[52, 161]
[17, 161]
[21, 161]
[85, 161]
[35, 165]
[120, 165]
[99, 165]
[136, 165]
[21, 140]
[136, 140]
[119, 163]
[85, 119]
[85, 165]
[119, 161]
[25, 74]
[12, 74]
[80, 104]
[74, 78]
[23, 74]
[74, 124]
[74, 170]
[74, 162]
[121, 147]
[52, 155]
[74, 96]
[74, 91]
[74, 166]
[50, 74]
[74, 174]
[46, 74]
[31, 74]
[74, 102]
[4, 74]
[74, 149]
[74, 115]
[69, 74]
[74, 88]
[74, 99]
[43, 74]
[74, 173]
[74, 136]
[74, 159]
[74, 89]
[74, 120]
[74, 151]
[74, 126]
[74, 121]
[74, 119]
[1, 72]
[67, 72]
[24, 72]
[72, 170]
[61, 72]
[72, 166]
[50, 72]
[4, 72]
[57, 72]
[29, 72]
[7, 72]
[11, 72]
[36, 72]
[43, 72]
[72, 97]
[31, 72]
[52, 72]
[17, 72]
[72, 87]
[72, 162]
[69, 72]
[35, 72]
[72, 120]
[72, 85]
[72, 119]
[72, 74]
[100, 163]
[17, 147]
[72, 100]
[9, 58]
[1, 58]
[58, 78]
[58, 67]
[58, 170]
[58, 61]
[58, 166]
[58, 102]
[33, 147]
[147, 161]
[147, 148]
[133, 147]
[71, 147]
[44, 147]
[104, 147]
[54, 58]
[16, 58]
[37, 58]
[58, 99]
[58, 93]
[36, 58]
[58, 74]
[58, 163]
[67, 128]
[40, 128]
[84, 128]
[23, 128]
[69, 128]
[11, 128]
[22, 58]
[22, 158]
[25, 128]
[9, 128]
[124, 128]
[91, 158]
[34, 158]
[1, 158]
[78, 158]
[23, 158]
[40, 158]
[24, 158]
[25, 158]
[158, 170]
[50, 158]
[80, 158]
[143, 158]
[29, 158]
[11, 158]
[47, 158]
[16, 158]
[95, 158]
[97, 158]
[21, 158]
[43, 158]
[54, 158]
[35, 158]
[85, 158]
[158, 167]
[132, 158]
[158, 160]
[155, 158]
[72, 158]
[119, 158]
[74, 158]
[118, 158]
[128, 170]
[6, 128]
[29, 128]
[128, 175]
[128, 166]
[116, 128]
[111, 128]
[9, 160]
[124, 160]
[102, 128]
[67, 160]
[25, 160]
[160, 170]
[79, 160]
[102, 160]
[123, 160]
[4, 160]
[143, 160]
[47, 160]
[16, 160]
[99, 160]
[36, 160]
[30, 160]
[54, 160]
[4, 128]
[115, 128]
[88, 128]
[128, 163]
[95, 128]
[128, 151]
[73, 128]
[67, 167]
[23, 167]
[124, 167]
[61, 167]
[96, 167]
[166, 167]
[4, 167]
[29, 167]
[11, 167]
[99, 167]
[89, 167]
[35, 167]
[128, 167]
[93, 167]
[43, 167]
[54, 167]
[101, 167]
[151, 167]
[73, 167]
[120, 128]
[21, 128]
[128, 149]
[20, 175]
[20, 166]
[20, 81]
[20, 111]
[4, 20]
[20, 95]
[128, 159]
[58, 128]
[33, 58]
[9, 130]
[1, 130]
[78, 130]
[130, 170]
[61, 130]
[96, 130]
[91, 130]
[50, 130]
[79, 130]
[130, 174]
[130, 168]
[33, 130]
[40, 130]
[123, 130]
[80, 130]
[7, 130]
[83, 130]
[31, 130]
[130, 149]
[69, 130]
[47, 130]
[95, 130]
[130, 136]
[93, 130]
[43, 130]
[101, 130]
[85, 130]
[74, 130]
[17, 130]
[33, 72]
[20, 99]
[88, 164]
[164, 176]
[98, 164]
[9, 164]
[159, 164]
[124, 164]
[164, 168]
[61, 164]
[23, 164]
[66, 164]
[24, 164]
[139, 164]
[84, 164]
[96, 164]
[164, 174]
[143, 164]
[164, 177]
[113, 164]
[31, 164]
[35, 164]
[16, 164]
[119, 164]
[164, 170]
[6, 164]
[102, 164]
[11, 164]
[164, 175]
[115, 164]
[87, 164]
[62, 164]
[29, 164]
[81, 164]
[99, 164]
[89, 164]
[93, 164]
[97, 164]
[85, 164]
[21, 164]
[116, 164]
[164, 166]
[4, 164]
[151, 164]
[52, 164]
[74, 164]
[54, 107]
[83, 107]
[80, 107]
[12, 107]
[107, 176]
[63, 107]
[120, 160]
[97, 160]
[136, 160]
[101, 160]
[100, 160]
[52, 160]
[72, 160]
[130, 160]
[160, 163]
[121, 160]
[160, 165]
[70, 160]
[13, 160]
[140, 160]
[3, 160]
[65, 160]
[71, 160]
[133, 160]
[92, 160]
[148, 160]
[44, 160]
[160, 161]
[107, 160]
[0, 160]
[87, 167]
[58, 167]
[17, 128]
[97, 167]
[72, 167]
[23, 132]
[32, 132]
[132, 171]
[61, 132]
[132, 176]
[66, 132]
[34, 132]
[12, 132]
[24, 132]
[50, 132]
[123, 132]
[83, 132]
[35, 132]
[37, 132]
[132, 170]
[102, 132]
[69, 132]
[29, 132]
[40, 132]
[89, 132]
[93, 132]
[36, 132]
[132, 175]
[97, 132]
[20, 97]
[20, 89]
[58, 121]
[130, 147]
[130, 140]
[58, 130]
[28, 56]
[20, 93]
[20, 43]
[126, 130]
[36, 133]
[93, 133]
[133, 170]
[11, 133]
[35, 133]
[52, 158]
[52, 128]
[130, 162]
[128, 162]
[121, 128]
[128, 130]
[133, 159]
[71, 162]
[133, 136]
[133, 163]
[52, 133]
[52, 167]
[140, 167]
[4, 133]
[133, 173]
[97, 133]
[20, 74]
[20, 163]
[20, 85]
[20, 126]
[20, 151]
[20, 121]
[20, 133]
[20, 128]
[20, 165]
[72, 130]
[85, 133]
[58, 133]
[77, 133]
[133, 151]
[36, 71]
[22, 71]
[71, 79]
[71, 123]
[71, 96]
[69, 71]
[71, 174]
[47, 71]
[61, 71]
[71, 102]
[71, 177]
[71, 119]
[37, 71]
[17, 71]
[46, 71]
[71, 159]
[71, 173]
[7, 71]
[71, 126]
[71, 99]
[52, 71]
[71, 97]
[71, 77]
[71, 72]
[71, 151]
[71, 155]
[71, 121]
[71, 133]
[147, 165]
[100, 165]
[72, 165]
[74, 165]
[155, 165]
[58, 161]
[100, 161]
[72, 161]
[130, 165]
[130, 161]
[133, 161]
[71, 161]
[20, 161]
[110, 165]
[7, 110]
[25, 110]
[12, 110]
[88, 110]
[79, 110]
[110, 143]
[6, 110]
[9, 110]
[31, 110]
[110, 116]
[33, 110]
[110, 166]
[101, 110]
[11, 110]
[35, 110]
[110, 170]
[110, 136]
[37, 110]
[110, 140]
[110, 163]
[97, 110]
[99, 110]
[110, 121]
[110, 162]
[100, 110]
[58, 110]
[74, 110]
[93, 110]
[72, 110]
[110, 128]
[71, 110]
[68, 120]
[12, 68]
[62, 68]
[68, 84]
[68, 122]
[68, 95]
[68, 80]
[68, 91]
[4, 68]
[33, 68]
[50, 68]
[68, 81]
[68, 85]
[21, 68]
[16, 68]
[31, 68]
[74, 92]
[68, 78]
[68, 116]
[9, 68]
[68, 166]
[33, 152]
[73, 152]
[35, 152]
[136, 152]
[37, 152]
[17, 152]
[119, 152]
[69, 152]
[140, 152]
[7, 152]
[99, 152]
[151, 152]
[121, 152]
[85, 152]
[58, 152]
[74, 152]
[152, 155]
[152, 161]
[128, 152]
[71, 152]
[110, 152]
[68, 152]
[68, 101]
[68, 123]
[68, 96]
[68, 79]
[68, 173]
[68, 163]
[52, 68]
[68, 97]
[68, 77]
[68, 162]
[68, 93]
[68, 165]
[68, 69]
[68, 140]
[68, 89]
[68, 121]
[58, 68]
[68, 74]
[68, 130]
[68, 72]
[68, 161]
[68, 71]
[22, 148]
[25, 148]
[80, 148]
[88, 148]
[12, 148]
[67, 148]
[23, 148]
[31, 148]
[120, 148]
[148, 170]
[47, 148]
[102, 148]
[46, 148]
[148, 159]
[36, 148]
[123, 148]
[96, 148]
[79, 148]
[148, 173]
[52, 148]
[97, 148]
[35, 148]
[37, 148]
[7, 148]
[99, 148]
[148, 151]
[69, 148]
[93, 148]
[121, 148]
[128, 148]
[20, 148]
[74, 148]
[130, 148]
[148, 161]
[68, 148]
[148, 152]
[158, 173]
[158, 162]
[17, 158]
[140, 158]
[121, 158]
[71, 158]
[155, 167]
[17, 167]
[161, 167]
[148, 167]
[77, 164]
[133, 164]
[164, 165]
[152, 164]
[155, 164]
[164, 167]
[148, 164]
[21, 55]
[16, 55]
[24, 55]
[12, 55]
[71, 167]
[71, 164]
[55, 84]
[55, 98]
[1, 55]
[25, 55]
[55, 113]
[55, 153]
[6, 55]
[55, 88]
[55, 143]
[51, 55]
[50, 55]
[55, 124]
[31, 55]
[55, 111]
[5, 55]
[55, 87]
[55, 170]
[55, 174]
[55, 177]
[28, 55]
[36, 55]
[55, 96]
[55, 166]
[55, 79]
[43, 55]
[35, 55]
[55, 136]
[37, 55]
[7, 55]
[55, 69]
[55, 116]
[55, 147]
[55, 77]
[55, 163]
[55, 119]
[55, 74]
[55, 58]
[20, 55]
[52, 55]
[17, 55]
[55, 133]
[55, 130]
[55, 121]
[55, 151]
[55, 155]
[55, 167]
[55, 161]
[13, 74]
[13, 147]
[13, 19]
[13, 14]
[1, 13]
[13, 23]
[13, 90]
[13, 172]
[13, 76]
[13, 49]
[13, 171]
[13, 63]
[13, 48]
[13, 169]
[13, 84]
[12, 13]
[6, 13]
[13, 66]
[13, 51]
[13, 134]
[13, 50]
[13, 81]
[13, 175]
[13, 31]
[13, 16]
[11, 13]
[13, 40]
[13, 47]
[13, 102]
[13, 28]
[13, 36]
[13, 43]
[13, 35]
[13, 136]
[13, 37]
[13, 99]
[13, 93]
[13, 89]
[13, 116]
[13, 33]
[13, 101]
[13, 163]
[13, 119]
[13, 52]
[13, 162]
[13, 72]
[13, 140]
[13, 20]
[13, 130]
[13, 151]
[13, 128]
[13, 161]
[13, 164]
[104, 177]
[31, 104]
[91, 104]
[104, 134]
[50, 104]
[87, 104]
[11, 104]
[104, 174]
[47, 104]
[61, 104]
[4, 104]
[104, 126]
[36, 104]
[21, 104]
[104, 123]
[96, 104]
[79, 104]
[43, 104]
[73, 104]
[35, 104]
[104, 136]
[37, 104]
[7, 104]
[89, 104]
[9, 104]
[33, 104]
[104, 166]
[104, 163]
[104, 119]
[74, 104]
[58, 104]
[85, 104]
[104, 173]
[104, 162]
[17, 104]
[104, 133]
[104, 121]
[104, 151]
[104, 128]
[104, 148]
[21, 44]
[29, 44]
[44, 80]
[44, 88]
[44, 168]
[44, 117]
[44, 84]
[44, 143]
[44, 50]
[44, 67]
[23, 44]
[44, 120]
[44, 47]
[16, 44]
[44, 159]
[44, 151]
[44, 54]
[4, 44]
[43, 44]
[7, 44]
[44, 69]
[44, 93]
[44, 97]
[44, 116]
[33, 44]
[44, 166]
[44, 101]
[44, 163]
[44, 74]
[44, 58]
[44, 173]
[44, 52]
[17, 44]
[44, 72]
[44, 133]
[20, 44]
[44, 161]
[44, 148]
[44, 104]
[21, 107]
[107, 174]
[107, 157]
[50, 107]
[91, 107]
[66, 107]
[107, 143]
[29, 107]
[81, 107]
[51, 107]
[107, 138]
[107, 134]
[24, 107]
[25, 107]
[10, 151]
[10, 69]
[10, 35]
[10, 36]
[10, 11]
[10, 87]
[10, 16]
[10, 102]
[4, 10]
[10, 123]
[10, 37]
[10, 99]
[10, 100]
[10, 147]
[10, 119]
[10, 74]
[10, 58]
[10, 85]
[10, 173]
[10, 52]
[10, 17]
[10, 72]
[10, 140]
[10, 165]
[10, 130]
[10, 152]
[10, 167]
[10, 161]
[10, 164]
[10, 55]
[10, 13]
[10, 44]
[10, 107]
[10, 70]
[10, 141]
[3, 10]
[10, 68]
[10, 158]
[132, 162]
[116, 132]
[9, 132]
[54, 132]
[132, 166]
[101, 132]
[132, 163]
[119, 132]
[85, 132]
[132, 173]
[52, 132]
[17, 132]
[132, 140]
[20, 132]
[130, 132]
[132, 151]
[128, 132]
[132, 148]
[29, 118]
[50, 118]
[80, 118]
[75, 118]
[15, 118]
[91, 118]
[84, 118]
[83, 118]
[118, 168]
[118, 153]
[34, 118]
[113, 118]
[88, 118]
[61, 118]
[6, 118]
[95, 118]
[115, 118]
[25, 118]
[23, 118]
[9, 118]
[31, 118]
[111, 118]
[38, 118]
[118, 120]
[16, 118]
[118, 149]
[11, 118]
[102, 118]
[118, 159]
[36, 118]
[21, 118]
[118, 123]
[43, 118]
[99, 118]
[35, 118]
[118, 136]
[37, 118]
[7, 118]
[93, 118]
[89, 118]
[97, 118]
[116, 118]
[33, 118]
[118, 166]
[69, 70]
[69, 118]
[118, 163]
[118, 119]
[74, 118]
[58, 118]
[132, 165]
[118, 165]
[118, 173]
[118, 162]
[118, 140]
[20, 118]
[52, 118]
[118, 121]
[118, 151]
[118, 128]
[118, 148]
[104, 118]
[11, 131]
[25, 131]
[131, 143]
[113, 131]
[103, 131]
[15, 131]
[126, 131]
[131, 170]
[131, 179]
[131, 139]
[131, 151]
[33, 131]
[29, 131]
[131, 153]
[131, 168]
[80, 131]
[72, 131]
[118, 164]
[51, 131]
[16, 131]
[120, 131]
[91, 131]
[131, 134]
[100, 131]
[131, 159]
[67, 131]
[111, 131]
[38, 131]
[87, 131]
[131, 149]
[68, 158]
[118, 152]
[118, 155]
[118, 161]
[61, 131]
[132, 152]
[47, 131]
[131, 177]
[4, 131]
[36, 131]
[96, 131]
[43, 131]
[73, 131]
[35, 131]
[131, 136]
[7, 131]
[99, 131]
[89, 131]
[97, 131]
[61, 65]
[116, 131]
[9, 131]
[131, 163]
[58, 131]
[85, 131]
[110, 131]
[130, 131]
[17, 131]
[20, 131]
[131, 140]
[131, 162]
[128, 131]
[131, 132]
[131, 155]
[131, 161]
[118, 131]
[118, 167]
[69, 145]
[131, 167]
[13, 132]
[13, 118]
[44, 118]
[13, 131]
[44, 131]
[107, 161]
[107, 124]
[67, 107]
[107, 175]
[23, 107]
[31, 107]
[124, 145]
[80, 145]
[57, 107]
[145, 176]
[18, 107]
[27, 145]
[107, 120]
[16, 107]
[107, 144]
[42, 107]
[107, 125]
[9, 107]
[107, 108]
[87, 107]
[40, 107]
[47, 107]
[102, 107]
[22, 107]
[46, 107]
[107, 126]
[28, 107]
[43, 107]
[73, 107]
[107, 136]
[71, 104]
[71, 132]
[71, 131]
[13, 71]
[68, 167]
[55, 68]
[68, 104]
[68, 132]
[44, 68]
[13, 68]
[93, 107]
[101, 107]
[107, 118]
[107, 147]
[74, 107]
[17, 107]
[107, 166]
[107, 151]
[107, 119]
[58, 107]
[107, 152]
[107, 130]
[99, 107]
[100, 107]
[107, 148]
[107, 164]
[107, 163]
[107, 132]
[13, 107]
[37, 70]
[44, 70]
[58, 70]
[70, 116]
[70, 79]
[70, 77]
[20, 70]
[70, 97]
[70, 128]
[70, 155]
[70, 121]
[70, 162]
[70, 161]
[70, 151]
[70, 119]
[70, 130]
[70, 164]
[0, 58]
[0, 21]
[0, 22]
[0, 24]
[0, 38]
[0, 115]
[0, 15]
[0, 41]
[0, 142]
[0, 1]
[0, 55]
[0, 168]
[92, 168]
[88, 92]
[0, 152]
[0, 88]
[0, 98]
[0, 169]
[0, 157]
[92, 164]
[54, 92]
[0, 17]
[0, 46]
[0, 5]
[0, 103]
[0, 78]
[0, 144]
[0, 42]
[0, 125]
[0, 179]
[0, 87]
[0, 175]
[0, 126]
[0, 177]
[0, 170]
[0, 6]
[0, 28]
[0, 123]
[0, 69]
[0, 73]
[0, 16]
[0, 67]
[0, 80]
[0, 72]
[0, 158]
[0, 102]
[0, 9]
[0, 173]
[0, 52]
[0, 110]
[0, 93]
[0, 147]
[0, 166]
[0, 124]
[0, 99]
[0, 100]
[0, 167]
[0, 163]
[0, 79]
[0, 77]
[0, 161]
[0, 119]
[0, 130]
[0, 71]
[0, 164]
[0, 107]
[0, 104]
[0, 131]
[29, 92]
[85, 92]
[78, 92]
[83, 92]
[1, 92]
[24, 92]
[92, 95]
[92, 115]
[92, 120]
[89, 92]
[6, 92]
[92, 149]
[35, 92]
[33, 92]
[92, 159]
[43, 92]
[12, 92]
[80, 92]
[92, 158]
[92, 173]
[52, 92]
[92, 140]
[92, 101]
[92, 147]
[17, 92]
[36, 92]
[92, 143]
[92, 133]
[92, 167]
[71, 92]
[92, 130]
[92, 163]
[92, 128]
[92, 121]
[92, 162]
[92, 151]
[58, 92]
[13, 92]
[92, 107]
[92, 131]
[29, 141]
[25, 141]
[34, 141]
[15, 141]
[75, 141]
[127, 141]
[2, 141]
[3, 61]
[9, 141]
[98, 141]
[141, 176]
[83, 141]
[78, 141]
[108, 141]
[11, 141]
[115, 141]
[141, 160]
[38, 141]
[85, 141]
[54, 141]
[81, 141]
[87, 141]
[141, 175]
[89, 141]
[28, 141]
[69, 141]
[23, 141]
[136, 141]
[35, 141]
[33, 141]
[141, 152]
[31, 141]
[72, 141]
[16, 141]
[43, 141]
[134, 141]
[12, 141]
[67, 141]
[102, 141]
[21, 141]
[52, 141]
[47, 141]
[101, 141]
[141, 147]
[17, 141]
[99, 141]
[141, 143]
[55, 141]
[79, 141]
[77, 141]
[20, 141]
[97, 141]
[116, 141]
[141, 162]
[141, 161]
[141, 151]
[58, 141]
[141, 164]
[107, 141]
[44, 141]
[92, 141]
[3, 35]
[3, 54]
[3, 168]
[3, 88]
[3, 169]
[3, 95]
[3, 91]
[3, 21]
[3, 7]
[3, 120]
[3, 170]
[3, 31]
[3, 123]
[3, 159]
[70, 131]
[3, 101]
[3, 44]
[3, 72]
[3, 17]
[3, 96]
[3, 4]
[3, 166]
[3, 119]
[3, 131]
[3, 104]
[3, 92]
[3, 143]
[3, 55]
[3, 152]
[3, 36]
[3, 164]
[3, 52]
[3, 148]
[70, 104]
[70, 152]
[68, 92]
[0, 68]
[68, 70]
[16, 145]
[48, 145]
[60, 145]
[29, 145]
[84, 145]
[117, 145]
[18, 145]
[139, 145]
[111, 145]
[145, 165]
[50, 145]
[51, 145]
[10, 145]
[74, 145]
[140, 145]
[15, 145]
[145, 175]
[145, 177]
[145, 158]
[33, 145]
[85, 145]
[73, 145]
[83, 145]
[20, 145]
[87, 145]
[136, 145]
[70, 145]
[3, 145]
[145, 160]
[38, 145]
[77, 145]
[79, 145]
[12, 145]
[132, 145]
[145, 155]
[145, 161]
[133, 145]
[130, 145]
[6, 145]
[72, 145]
[145, 173]
[4, 145]
[119, 145]
[44, 145]
[47, 145]
[102, 145]
[115, 145]
[107, 145]
[141, 145]
[58, 145]
[143, 145]
[88, 145]
[101, 145]
[145, 148]
[61, 145]
[0, 145]
[145, 166]
[100, 145]
[7, 145]
[35, 145]
[13, 145]
[11, 65]
[65, 134]
[23, 65]
[40, 65]
[29, 65]
[65, 147]
[21, 65]
[43, 65]
[20, 65]
[65, 124]
[46, 65]
[65, 88]
[65, 158]
[16, 65]
[65, 151]
[22, 65]
[31, 65]
[33, 65]
[65, 163]
[36, 65]
[65, 92]
[52, 65]
[13, 65]
[10, 65]
[47, 65]
[50, 65]
[54, 65]
[65, 97]
[55, 65]
[44, 65]
[65, 69]
[65, 96]
[65, 166]
[65, 70]
[65, 74]
[65, 107]
[65, 77]
[9, 65]
[65, 79]
[65, 164]
[65, 120]
[65, 149]
[6, 65]
[65, 121]
[65, 101]
[65, 104]
[65, 116]
[65, 122]
[65, 126]
[1, 65]
[65, 123]
[65, 131]
[65, 140]
[65, 132]
[65, 133]
[65, 143]
[65, 145]
[65, 148]
[0, 65]
[8, 20]
[1, 8]
[8, 33]
[8, 43]
[8, 174]
[8, 36]
[8, 47]
[8, 58]
[8, 55]
[8, 162]
[8, 35]
[8, 93]
[8, 61]
[8, 72]
[8, 17]
[8, 65]
[8, 70]
[8, 69]
[8, 74]
[8, 80]
[8, 77]
[8, 152]
[8, 79]
[8, 111]
[8, 85]
[8, 11]
[8, 165]
[8, 88]
[8, 100]
[8, 136]
[8, 101]
[8, 104]
[8, 130]
[8, 9]
[8, 119]
[8, 141]
[8, 145]
[8, 148]
[8, 149]
[7, 8]
[8, 151]
[8, 158]
[8, 163]
[8, 164]
[8, 166]
[0, 8]
