[12, 14]
[3, 14]
[45, 64]
[14, 55]
[3, 55]
[2, 55]
[6, 55]
[7, 55]
[9, 55]
[16, 55]
[18, 55]
[19, 55]
[21, 55]
[22, 55]
[25, 55]
[26, 55]
[28, 55]
[29, 55]
[31, 55]
[35, 55]
[39, 55]
[42, 55]
[43, 55]
[46, 55]
[47, 55]
[48, 55]
[51, 55]
[53, 55]
[3, 27]
[5, 27]
[6, 27]
[8, 27]
[9, 27]
[14, 27]
[15, 27]
[17, 27]
[20, 27]
[23, 27]
[25, 27]
[3, 6]
[2, 6]
[6, 13]
[3, 13]
[2, 14]
[13, 17]
[5, 14]
[8, 14]
[7, 8]
[6, 8]
[4, 7]
[2, 7]
[7, 13]
[4, 13]
[2, 13]
[9, 13]
[11, 13]
[3, 5]
[1, 3]
[3, 11]
[3, 50]
[3, 67]
[3, 10]
[3, 18]
[3, 16]
[3, 39]
[3, 28]
[3, 54]
[3, 9]
[3, 60]
[3, 76]
[3, 62]
[3, 64]
[3, 84]
[3, 88]
[3, 52]
[3, 37]
[3, 36]
[3, 34]
[3, 59]
[3, 91]
[3, 79]
[3, 75]
[3, 73]
[3, 51]
[3, 46]
[3, 38]
[3, 78]
[3, 56]
[3, 15]
[3, 35]
[3, 47]
[3, 86]
[3, 82]
[4, 20]
[2, 61]
[1, 61]
[20, 61]
[6, 61]
[27, 61]
[14, 61]
[17, 61]
[32, 61]
[10, 61]
[61, 85]
[23, 61]
[61, 72]
[31, 61]
[61, 81]
[58, 61]
[22, 61]
[25, 61]
[53, 61]
[48, 61]
[61, 66]
[61, 83]
[61, 89]
[61, 80]
[21, 61]
[41, 61]
[8, 17]
[2, 17]
[1, 17]
[13, 24]
[13, 25]
[13, 32]
[13, 65]
[13, 33]
[16, 32]
[6, 16]
[8, 16]
[1, 16]
[16, 17]
[16, 93]
[16, 90]
[16, 85]
[16, 72]
[16, 44]
[16, 63]
[4, 16]
[16, 58]
[16, 22]
[16, 19]
[16, 30]
[16, 69]
[16, 74]
[16, 26]
[16, 61]
[16, 89]
[16, 71]
[29, 92]
[8, 92]
[2, 92]
[1, 92]
[6, 92]
[17, 92]
[65, 92]
[49, 92]
[85, 92]
[23, 92]
[72, 92]
[87, 92]
[57, 92]
[25, 92]
[43, 92]
[48, 92]
[66, 92]
[40, 92]
[41, 92]
[2, 32]
[8, 32]
[13, 20]
[13, 93]
[13, 85]
[13, 34]
[13, 44]
[14, 66]
[6, 66]
[8, 66]
[1, 66]
[10, 66]
[33, 66]
[66, 93]
[23, 66]
[31, 66]
[66, 87]
[12, 66]
[57, 66]
[25, 66]
[43, 66]
[53, 66]
[48, 66]
[14, 32]
[14, 73]
[6, 73]
[2, 73]
[1, 73]
[27, 73]
[10, 73]
[72, 73]
[31, 73]
[12, 73]
[45, 73]
[57, 73]
[48, 73]
[73, 83]
[21, 73]
[29, 73]
[41, 73]
[73, 92]
[73, 81]
[73, 80]
[58, 73]
[30, 73]
[69, 73]
[73, 74]
[61, 73]
[5, 73]
[63, 73]
[73, 89]
[71, 73]
[73, 76]
[24, 73]
[42, 73]
[73, 94]
[28, 73]
[18, 73]
[50, 73]
[52, 73]
[36, 73]
[17, 32]
[13, 57]
[13, 40]
[13, 75]
[13, 83]
[13, 81]
[13, 80]
[13, 90]
[13, 58]
[13, 19]
[13, 69]
[13, 71]
[13, 54]
[13, 84]
[13, 42]
[13, 94]
[13, 62]
[13, 79]
[29, 46]
[2, 46]
[6, 10]
[14, 18]
[2, 18]
[8, 10]
[1, 10]
[12, 49]
[14, 49]
[27, 49]
[14, 60]
[16, 50]
[50, 68]
[15, 68]
[10, 15]
[8, 15]
[6, 15]
[15, 23]
[15, 87]
[15, 53]
[15, 66]
[15, 92]
[15, 77]
[4, 15]
[15, 22]
[15, 74]
[15, 61]
[5, 15]
[15, 63]
[15, 60]
[15, 76]
[15, 28]
[15, 67]
[15, 65]
[15, 33]
[15, 20]
[15, 83]
[15, 52]
[15, 37]
[15, 36]
[15, 91]
[15, 51]
[21, 29]
[23, 29]
[27, 29]
[6, 29]
[29, 49]
[29, 72]
[12, 29]
[29, 43]
[29, 53]
[29, 48]
[29, 41]
[6, 49]
[17, 49]
[2, 68]
[2, 22]
[1, 22]
[14, 22]
[6, 22]
[26, 29]
[26, 66]
[26, 68]
[26, 49]
[6, 26]
[1, 26]
[17, 26]
[23, 26]
[26, 72]
[26, 87]
[26, 43]
[26, 53]
[21, 26]
[26, 41]
[4, 26]
[22, 49]
[22, 68]
[22, 72]
[12, 22]
[22, 45]
[22, 43]
[22, 48]
[21, 22]
[22, 41]
[22, 77]
[6, 68]
[6, 47]
[27, 47]
[17, 68]
[6, 12]
[14, 23]
[8, 23]
[1, 23]
[17, 23]
[23, 49]
[23, 68]
[8, 72]
[2, 72]
[17, 72]
[68, 72]
[23, 72]
[8, 31]
[2, 31]
[6, 31]
[10, 31]
[23, 31]
[8, 87]
[27, 87]
[14, 87]
[6, 87]
[49, 87]
[68, 87]
[72, 87]
[31, 87]
[10, 45]
[17, 41]
[2, 41]
[17, 45]
[8, 45]
[45, 49]
[45, 68]
[31, 45]
[31, 43]
[8, 43]
[27, 43]
[27, 91]
[2, 91]
[2, 38]
[17, 43]
[6, 43]
[1, 43]
[10, 43]
[43, 49]
[23, 43]
[43, 72]
[43, 87]
[12, 43]
[6, 53]
[8, 53]
[27, 53]
[16, 38]
[27, 38]
[31, 53]
[31, 42]
[27, 42]
[83, 89]
[30, 83]
[10, 83]
[8, 83]
[2, 83]
[14, 83]
[72, 83]
[48, 83]
[66, 83]
[21, 83]
[29, 83]
[77, 83]
[26, 83]
[5, 83]
[60, 83]
[39, 83]
[18, 83]
[67, 83]
[32, 83]
[33, 83]
[83, 93]
[20, 83]
[44, 83]
[40, 83]
[1, 53]
[17, 53]
[1, 41]
[53, 68]
[23, 53]
[20, 44]
[26, 44]
[31, 44]
[8, 44]
[27, 44]
[1, 44]
[6, 44]
[44, 49]
[44, 87]
[12, 44]
[44, 53]
[44, 48]
[21, 44]
[30, 44]
[44, 63]
[28, 44]
[44, 64]
[44, 65]
[33, 44]
[44, 85]
[27, 39]
[1, 39]
[12, 21]
[21, 68]
[6, 21]
[8, 21]
[2, 21]
[23, 63]
[21, 23]
[14, 21]
[21, 49]
[21, 31]
[21, 87]
[21, 45]
[21, 43]
[21, 53]
[21, 48]
[53, 72]
[53, 87]
[43, 53]
[14, 48]
[8, 48]
[6, 48]
[17, 48]
[10, 48]
[48, 87]
[12, 48]
[45, 48]
[43, 48]
[48, 53]
[6, 41]
[41, 49]
[41, 68]
[41, 72]
[11, 92]
[11, 21]
[11, 31]
[41, 53]
[41, 48]
[11, 23]
[23, 77]
[27, 77]
[1, 77]
[8, 77]
[10, 77]
[68, 77]
[72, 77]
[31, 77]
[45, 77]
[43, 77]
[41, 77]
[77, 92]
[4, 92]
[4, 17]
[17, 46]
[1, 46]
[4, 10]
[4, 72]
[4, 12]
[4, 45]
[4, 43]
[4, 53]
[4, 48]
[4, 29]
[4, 77]
[17, 30]
[2, 30]
[27, 30]
[8, 30]
[6, 30]
[30, 49]
[30, 68]
[23, 30]
[30, 31]
[30, 87]
[30, 45]
[30, 66]
[4, 30]
[22, 30]
[43, 74]
[8, 74]
[27, 74]
[74, 92]
[29, 74]
[45, 74]
[49, 74]
[10, 74]
[11, 81]
[11, 87]
[2, 11]
[11, 49]
[11, 68]
[11, 43]
[11, 48]
[11, 77]
[11, 22]
[11, 30]
[11, 74]
[11, 61]
[5, 11]
[11, 63]
[11, 89]
[11, 39]
[11, 28]
[11, 32]
[11, 65]
[11, 33]
[11, 85]
[11, 20]
[11, 44]
[11, 57]
[11, 40]
[11, 83]
[11, 50]
[11, 52]
[11, 91]
[11, 38]
[11, 82]
[9, 11]
[11, 80]
[11, 58]
[11, 19]
[11, 69]
[11, 84]
[11, 42]
[11, 94]
[17, 74]
[14, 76]
[23, 74]
[72, 74]
[53, 74]
[25, 45]
[6, 25]
[66, 74]
[43, 54]
[17, 54]
[4, 74]
[6, 54]
[22, 74]
[8, 54]
[5, 43]
[49, 54]
[5, 45]
[54, 68]
[5, 53]
[54, 72]
[5, 48]
[31, 54]
[5, 66]
[43, 51]
[17, 51]
[16, 51]
[31, 32]
[32, 72]
[25, 87]
[21, 25]
[25, 44]
[25, 48]
[8, 25]
[25, 68]
[25, 29]
[25, 72]
[25, 26]
[25, 49]
[25, 53]
[25, 32]
[18, 25]
[32, 41]
[41, 76]
[22, 76]
[32, 87]
[26, 32]
[32, 74]
[32, 53]
[18, 31]
[18, 23]
[1, 18]
[18, 22]
[18, 29]
[18, 30]
[7, 26]
[18, 92]
[59, 82]
[25, 59]
[26, 59]
[13, 59]
[59, 92]
[6, 59]
[59, 73]
[8, 59]
[22, 59]
[27, 59]
[23, 59]
[10, 59]
[4, 59]
[59, 83]
[59, 68]
[44, 59]
[29, 59]
[31, 59]
[49, 59]
[41, 59]
[59, 74]
[59, 77]
[53, 59]
[5, 59]
[59, 91]
[9, 59]
[37, 59]
[38, 59]
[59, 78]
[59, 90]
[20, 59]
[34, 59]
[59, 63]
[39, 59]
[58, 59]
[17, 60]
[8, 60]
[2, 60]
[60, 92]
[45, 60]
[27, 60]
[23, 60]
[60, 61]
[31, 60]
[26, 60]
[60, 74]
[53, 60]
[25, 60]
[60, 79]
[24, 60]
[60, 91]
[28, 60]
[7, 60]
[50, 60]
[51, 60]
[60, 75]
[60, 78]
[60, 90]
[60, 82]
[18, 72]
[18, 48]
[17, 18]
[9, 37]
[9, 45]
[8, 9]
[18, 68]
[12, 18]
[14, 37]
[2, 37]
[8, 37]
[6, 37]
[37, 92]
[37, 66]
[30, 37]
[37, 45]
[37, 83]
[37, 68]
[12, 37]
[29, 37]
[31, 37]
[37, 72]
[26, 37]
[37, 49]
[37, 74]
[32, 37]
[25, 37]
[5, 37]
[24, 37]
[28, 37]
[9, 91]
[9, 15]
[54, 92]
[54, 66]
[30, 54]
[48, 54]
[4, 54]
[12, 54]
[44, 54]
[21, 54]
[54, 87]
[26, 54]
[54, 77]
[32, 54]
[18, 21]
[18, 74]
[18, 53]
[18, 49]
[5, 18]
[5, 22]
[5, 61]
[7, 21]
[5, 21]
[5, 29]
[5, 41]
[5, 25]
[91, 92]
[17, 91]
[45, 91]
[1, 91]
[8, 91]
[6, 91]
[22, 91]
[10, 91]
[83, 91]
[61, 91]
[68, 91]
[29, 91]
[41, 91]
[4, 91]
[44, 91]
[31, 91]
[12, 91]
[49, 91]
[77, 91]
[5, 91]
[5, 30]
[5, 74]
[5, 92]
[5, 26]
[5, 77]
[7, 23]
[7, 44]
[7, 15]
[7, 83]
[7, 31]
[7, 12]
[7, 72]
[7, 61]
[7, 29]
[7, 41]
[7, 74]
[7, 92]
[5, 7]
[23, 51]
[2, 51]
[1, 51]
[6, 51]
[10, 51]
[51, 83]
[31, 76]
[87, 91]
[18, 87]
[32, 91]
[14, 34]
[2, 34]
[18, 32]
[14, 79]
[2, 79]
[1, 79]
[16, 79]
[6, 79]
[10, 79]
[66, 79]
[44, 79]
[12, 79]
[68, 79]
[61, 79]
[25, 79]
[49, 79]
[31, 79]
[22, 79]
[41, 79]
[21, 79]
[77, 79]
[30, 79]
[79, 92]
[79, 87]
[18, 79]
[5, 79]
[54, 79]
[18, 24]
[24, 91]
[43, 93]
[8, 93]
[1, 93]
[6, 93]
[27, 93]
[4, 93]
[68, 93]
[29, 93]
[31, 93]
[72, 93]
[41, 93]
[21, 93]
[30, 93]
[53, 93]
[87, 93]
[32, 93]
[26, 93]
[28, 93]
[78, 93]
[81, 93]
[56, 93]
[67, 93]
[62, 93]
[71, 93]
[33, 93]
[8, 24]
[15, 24]
[24, 29]
[10, 24]
[10, 47]
[17, 47]
[24, 66]
[65, 86]
[21, 65]
[8, 65]
[1, 65]
[14, 65]
[45, 65]
[27, 65]
[23, 65]
[4, 65]
[29, 65]
[49, 65]
[31, 65]
[22, 65]
[65, 72]
[41, 65]
[48, 65]
[30, 65]
[53, 65]
[65, 87]
[37, 65]
[26, 65]
[54, 65]
[65, 79]
[20, 65]
[58, 65]
[65, 67]
[62, 65]
[65, 71]
[33, 65]
[65, 94]
[35, 65]
[46, 65]
[65, 80]
[50, 65]
[65, 75]
[24, 44]
[24, 68]
[24, 61]
[24, 31]
[24, 72]
[24, 41]
[24, 48]
[24, 30]
[24, 87]
[24, 54]
[12, 28]
[6, 28]
[6, 19]
[2, 19]
[8, 28]
[1, 28]
[14, 28]
[4, 28]
[16, 28]
[1, 19]
[23, 28]
[28, 66]
[28, 49]
[22, 28]
[28, 72]
[28, 41]
[28, 48]
[21, 28]
[28, 77]
[28, 53]
[28, 91]
[18, 28]
[28, 54]
[7, 87]
[7, 24]
[12, 51]
[4, 51]
[51, 68]
[51, 61]
[29, 51]
[22, 51]
[48, 51]
[21, 51]
[51, 77]
[51, 74]
[51, 53]
[51, 87]
[32, 51]
[18, 51]
[37, 51]
[26, 51]
[5, 51]
[28, 51]
[14, 78]
[2, 78]
[1, 78]
[16, 78]
[73, 78]
[13, 78]
[45, 78]
[66, 78]
[4, 78]
[43, 46]
[45, 46]
[27, 46]
[23, 46]
[10, 46]
[46, 83]
[4, 46]
[44, 46]
[12, 46]
[46, 61]
[25, 46]
[46, 49]
[22, 46]
[46, 72]
[41, 46]
[46, 48]
[21, 46]
[46, 77]
[46, 92]
[46, 53]
[32, 46]
[18, 46]
[26, 46]
[46, 60]
[46, 59]
[5, 46]
[24, 46]
[7, 46]
[46, 51]
[46, 78]
[46, 81]
[46, 56]
[46, 47]
[46, 71]
[46, 93]
[46, 94]
[0, 46]
[35, 46]
[42, 46]
[14, 19]
[8, 19]
[15, 19]
[19, 66]
[19, 29]
[19, 31]
[19, 45]
[19, 23]
[19, 43]
[19, 30]
[19, 72]
[19, 77]
[19, 53]
[19, 87]
[19, 37]
[19, 28]
[20, 29]
[18, 67]
[20, 68]
[2, 20]
[20, 45]
[20, 23]
[20, 43]
[12, 20]
[20, 49]
[20, 72]
[20, 91]
[20, 48]
[2, 33]
[8, 33]
[12, 33]
[20, 21]
[20, 87]
[20, 37]
[20, 79]
[20, 32]
[14, 58]
[8, 58]
[15, 58]
[17, 58]
[58, 66]
[31, 36]
[2, 36]
[58, 68]
[31, 58]
[45, 58]
[58, 83]
[43, 58]
[4, 58]
[44, 58]
[58, 74]
[25, 58]
[22, 58]
[48, 58]
[58, 77]
[53, 58]
[16, 35]
[58, 79]
[23, 62]
[27, 62]
[8, 62]
[14, 62]
[2, 62]
[15, 62]
[6, 62]
[62, 66]
[62, 68]
[29, 62]
[4, 62]
[62, 74]
[61, 62]
[22, 62]
[62, 72]
[41, 62]
[48, 62]
[62, 92]
[62, 91]
[37, 62]
[62, 79]
[32, 62]
[19, 62]
[58, 62]
[62, 67]
[28, 58]
[32, 58]
[19, 58]
[19, 60]
[18, 62]
[20, 58]
[18, 33]
[19, 67]
[37, 67]
[53, 67]
[21, 67]
[25, 67]
[25, 47]
[1, 47]
[1, 67]
[14, 67]
[4, 67]
[43, 67]
[67, 68]
[67, 74]
[12, 67]
[28, 67]
[61, 67]
[41, 67]
[67, 77]
[67, 92]
[67, 79]
[10, 42]
[32, 67]
[33, 87]
[29, 33]
[6, 33]
[33, 68]
[31, 33]
[27, 33]
[23, 33]
[33, 43]
[4, 33]
[33, 74]
[33, 49]
[22, 33]
[33, 72]
[33, 41]
[33, 53]
[33, 37]
[19, 33]
[33, 58]
[33, 67]
[29, 47]
[14, 47]
[33, 62]
[26, 58]
[26, 33]
[26, 67]
[26, 62]
[55, 77]
[20, 60]
[58, 60]
[60, 62]
[59, 62]
[5, 19]
[5, 58]
[5, 67]
[24, 58]
[24, 62]
[24, 67]
[7, 62]
[51, 58]
[51, 62]
[33, 51]
[29, 78]
[72, 78]
[53, 78]
[44, 78]
[30, 78]
[12, 78]
[25, 78]
[22, 78]
[41, 78]
[21, 78]
[17, 42]
[23, 42]
[42, 43]
[42, 74]
[6, 42]
[42, 66]
[42, 48]
[30, 42]
[42, 61]
[37, 42]
[41, 42]
[42, 92]
[42, 60]
[28, 42]
[7, 42]
[42, 58]
[42, 67]
[42, 51]
[42, 81]
[42, 56]
[42, 47]
[36, 42]
[35, 42]
[78, 79]
[77, 78]
[5, 78]
[24, 78]
[19, 78]
[18, 78]
[68, 76]
[14, 94]
[2, 94]
[1, 94]
[29, 94]
[27, 94]
[17, 94]
[16, 94]
[53, 94]
[91, 94]
[32, 94]
[58, 94]
[77, 94]
[17, 80]
[29, 80]
[8, 80]
[2, 80]
[15, 80]
[45, 80]
[80, 83]
[4, 80]
[1, 80]
[80, 91]
[80, 87]
[23, 80]
[26, 80]
[43, 80]
[12, 80]
[74, 80]
[22, 80]
[21, 80]
[48, 80]
[10, 80]
[37, 80]
[28, 80]
[80, 93]
[30, 80]
[79, 80]
[46, 80]
[5, 80]
[0, 80]
[51, 80]
[60, 80]
[62, 80]
[55, 80]
[76, 80]
[75, 80]
[80, 85]
[78, 80]
[58, 80]
[39, 80]
[40, 80]
[80, 89]
[80, 88]
[7, 80]
[38, 80]
[52, 80]
[67, 80]
[71, 80]
[42, 80]
[87, 94]
[6, 94]
[59, 94]
[43, 94]
[12, 94]
[22, 94]
[72, 94]
[31, 94]
[33, 94]
[28, 94]
[19, 94]
[24, 94]
[86, 94]
[6, 86]
[14, 86]
[2, 86]
[13, 86]
[15, 86]
[29, 86]
[45, 86]
[4, 86]
[1, 86]
[68, 86]
[17, 86]
[25, 86]
[66, 86]
[86, 87]
[37, 86]
[41, 86]
[59, 86]
[20, 86]
[43, 86]
[18, 86]
[9, 29]
[33, 86]
[19, 86]
[30, 86]
[9, 22]
[1, 9]
[76, 92]
[18, 76]
[54, 76]
[20, 76]
[72, 76]
[30, 76]
[79, 86]
[5, 86]
[60, 86]
[9, 44]
[9, 49]
[9, 17]
[9, 23]
[9, 48]
[9, 87]
[9, 12]
[9, 72]
[9, 54]
[9, 31]
[9, 86]
[22, 57]
[57, 68]
[27, 57]
[2, 57]
[48, 57]
[26, 57]
[1, 57]
[31, 57]
[9, 46]
[46, 57]
[46, 90]
[46, 82]
[57, 74]
[41, 57]
[44, 57]
[29, 57]
[49, 57]
[57, 65]
[57, 87]
[37, 57]
[12, 57]
[57, 93]
[18, 57]
[20, 63]
[6, 63]
[41, 63]
[53, 63]
[1, 63]
[63, 66]
[45, 63]
[37, 63]
[63, 93]
[63, 72]
[18, 63]
[19, 63]
[54, 63]
[63, 79]
[60, 63]
[63, 86]
[63, 94]
[57, 63]
[63, 90]
[63, 81]
[47, 63]
[35, 63]
[63, 70]
[0, 63]
[50, 63]
[55, 63]
[63, 75]
[63, 85]
[34, 63]
[57, 91]
[19, 57]
[57, 76]
[54, 57]
[5, 57]
[57, 94]
[90, 92]
[21, 90]
[14, 90]
[8, 90]
[44, 90]
[6, 90]
[26, 90]
[83, 90]
[4, 90]
[53, 90]
[25, 90]
[66, 90]
[41, 90]
[45, 90]
[49, 90]
[20, 90]
[17, 90]
[23, 90]
[48, 90]
[90, 93]
[72, 90]
[20, 71]
[71, 74]
[33, 90]
[30, 90]
[18, 90]
[19, 90]
[54, 90]
[79, 90]
[86, 90]
[9, 90]
[57, 90]
[82, 92]
[74, 82]
[16, 82]
[27, 82]
[2, 82]
[12, 82]
[68, 82]
[53, 82]
[26, 82]
[14, 64]
[2, 64]
[52, 74]
[14, 52]
[8, 52]
[27, 52]
[31, 82]
[10, 82]
[6, 82]
[19, 82]
[22, 82]
[45, 82]
[44, 82]
[51, 94]
[49, 82]
[17, 82]
[52, 83]
[52, 53]
[16, 52]
[26, 52]
[10, 52]
[52, 66]
[41, 52]
[6, 52]
[29, 52]
[45, 52]
[44, 52]
[49, 52]
[52, 61]
[52, 77]
[48, 52]
[28, 52]
[52, 65]
[12, 52]
[52, 54]
[52, 93]
[33, 52]
[5, 52]
[52, 76]
[52, 86]
[52, 94]
[52, 57]
[52, 82]
[52, 81]
[47, 52]
[35, 52]
[36, 52]
[52, 70]
[50, 52]
[52, 75]
[52, 85]
[52, 78]
[34, 52]
[52, 69]
[52, 89]
[38, 52]
[51, 57]
[34, 91]
[23, 82]
[28, 82]
[24, 82]
[72, 82]
[18, 82]
[54, 82]
[20, 82]
[82, 93]
[79, 82]
[5, 82]
[76, 82]
[82, 86]
[25, 81]
[53, 81]
[14, 81]
[2, 81]
[74, 81]
[15, 81]
[81, 83]
[4, 81]
[1, 81]
[21, 81]
[24, 81]
[81, 92]
[66, 81]
[81, 91]
[77, 81]
[41, 81]
[6, 81]
[23, 81]
[28, 81]
[37, 81]
[30, 81]
[76, 81]
[81, 90]
[60, 81]
[81, 94]
[47, 83]
[16, 47]
[26, 47]
[43, 47]
[21, 47]
[47, 92]
[41, 47]
[47, 49]
[62, 76]
[76, 78]
[78, 94]
[9, 62]
[62, 82]
[9, 78]
[78, 90]
[78, 86]
[23, 47]
[28, 47]
[37, 47]
[12, 47]
[18, 47]
[31, 47]
[47, 79]
[5, 47]
[30, 47]
[33, 47]
[47, 94]
[47, 90]
[47, 76]
[47, 82]
[47, 86]
[47, 81]
[47, 57]
[24, 35]
[35, 77]
[8, 35]
[35, 73]
[35, 93]
[15, 35]
[27, 35]
[1, 35]
[32, 35]
[6, 35]
[35, 59]
[9, 35]
[30, 35]
[22, 35]
[35, 91]
[20, 35]
[19, 35]
[25, 35]
[35, 83]
[33, 35]
[35, 92]
[35, 60]
[26, 35]
[35, 43]
[10, 35]
[35, 41]
[35, 49]
[28, 35]
[18, 35]
[5, 35]
[35, 76]
[35, 51]
[35, 62]
[35, 81]
[35, 57]
[26, 56]
[13, 56]
[2, 56]
[14, 56]
[25, 56]
[15, 56]
[53, 56]
[1, 56]
[56, 68]
[44, 56]
[56, 74]
[45, 56]
[56, 61]
[56, 87]
[56, 72]
[29, 56]
[21, 56]
[23, 56]
[12, 56]
[31, 56]
[8, 56]
[6, 56]
[22, 56]
[56, 77]
[56, 60]
[10, 56]
[56, 92]
[41, 56]
[28, 56]
[18, 56]
[33, 56]
[47, 56]
[9, 56]
[51, 56]
[26, 36]
[24, 36]
[36, 44]
[36, 74]
[36, 53]
[14, 36]
[1, 36]
[36, 43]
[36, 68]
[36, 61]
[36, 72]
[23, 36]
[36, 37]
[12, 36]
[27, 36]
[36, 92]
[6, 36]
[36, 59]
[20, 36]
[36, 91]
[16, 36]
[25, 36]
[36, 83]
[36, 60]
[10, 36]
[5, 36]
[33, 36]
[36, 78]
[36, 51]
[36, 62]
[36, 81]
[0, 20]
[0, 3]
[0, 2]
[0, 11]
[0, 13]
[0, 4]
[0, 66]
[0, 14]
[0, 48]
[0, 79]
[0, 43]
[0, 12]
[0, 44]
[0, 8]
[0, 32]
[0, 91]
[0, 24]
[0, 19]
[0, 41]
[0, 49]
[0, 28]
[0, 1]
[0, 68]
[0, 53]
[0, 72]
[0, 37]
[0, 93]
[0, 83]
[0, 60]
[0, 26]
[0, 86]
[55, 86]
[7, 86]
[42, 86]
[0, 18]
[0, 33]
[0, 47]
[0, 5]
[0, 90]
[0, 51]
[55, 59]
[55, 78]
[36, 58]
[47, 58]
[0, 36]
[0, 58]
[0, 67]
[0, 57]
[0, 50]
[0, 75]
[0, 34]
[0, 40]
[0, 55]
[0, 62]
[0, 81]
[0, 71]
[58, 76]
[36, 82]
[36, 57]
[12, 50]
[0, 70]
[37, 50]
[49, 50]
[50, 66]
[4, 50]
[2, 50]
[48, 50]
[50, 54]
[29, 50]
[21, 50]
[17, 50]
[32, 50]
[22, 50]
[41, 50]
[28, 50]
[30, 50]
[50, 53]
[44, 50]
[50, 61]
[23, 50]
[50, 91]
[26, 50]
[25, 50]
[50, 83]
[18, 50]
[5, 50]
[9, 50]
[50, 51]
[46, 50]
[50, 78]
[36, 50]
[50, 82]
[74, 75]
[22, 75]
[29, 75]
[54, 75]
[66, 75]
[4, 75]
[75, 87]
[17, 75]
[75, 79]
[27, 75]
[49, 75]
[32, 75]
[28, 75]
[30, 75]
[14, 75]
[44, 75]
[24, 75]
[6, 75]
[20, 75]
[10, 75]
[18, 75]
[75, 94]
[5, 75]
[20, 85]
[6, 85]
[1, 85]
[21, 85]
[48, 85]
[54, 85]
[29, 85]
[8, 85]
[24, 85]
[53, 85]
[32, 85]
[22, 85]
[41, 85]
[28, 85]
[12, 85]
[31, 85]
[27, 85]
[10, 85]
[55, 62]
[9, 42]
[42, 76]
[42, 63]
[47, 67]
[67, 76]
[57, 67]
[9, 71]
[71, 83]
[56, 57]
[20, 89]
[14, 89]
[17, 89]
[58, 81]
[56, 82]
[35, 56]
[35, 58]
[67, 81]
[67, 82]
[34, 43]
[43, 70]
[13, 70]
[3, 70]
[2, 70]
[70, 91]
[29, 70]
[4, 70]
[66, 70]
[45, 70]
[48, 70]
[21, 70]
[32, 70]
[49, 70]
[14, 70]
[1, 70]
[68, 70]
[61, 70]
[70, 72]
[23, 70]
[37, 70]
[70, 83]
[44, 70]
[10, 70]
[46, 70]
[26, 70]
[16, 70]
[59, 70]
[60, 70]
[47, 70]
[5, 70]
[20, 70]
[51, 70]
[9, 70]
[57, 70]
[70, 86]
[55, 90]
[55, 70]
[77, 85]
[18, 85]
[26, 85]
[85, 93]
[85, 91]
[35, 85]
[57, 85]
[70, 85]
[46, 85]
[51, 75]
[9, 75]
[75, 85]
[36, 85]
[36, 70]
[75, 86]
[62, 85]
[55, 81]
[75, 81]
[7, 81]
[36, 67]
[58, 78]
[42, 82]
[75, 90]
[75, 82]
[67, 75]
[75, 78]
[82, 85]
[42, 85]
[7, 94]
[7, 76]
[7, 63]
[7, 47]
[7, 9]
[7, 82]
[7, 78]
[7, 35]
[7, 56]
[7, 71]
[56, 86]
[25, 71]
[1, 71]
[66, 71]
[59, 71]
[30, 71]
[37, 71]
[21, 71]
[27, 71]
[48, 71]
[53, 71]
[15, 71]
[71, 79]
[33, 71]
[71, 92]
[51, 71]
[32, 71]
[61, 71]
[5, 71]
[23, 71]
[71, 94]
[71, 76]
[71, 77]
[6, 71]
[47, 71]
[36, 71]
[55, 71]
[62, 71]
[71, 78]
[50, 86]
[50, 62]
[71, 75]
[50, 75]
[24, 39]
[31, 39]
[10, 39]
[39, 87]
[29, 39]
[39, 45]
[39, 66]
[8, 39]
[30, 39]
[21, 39]
[39, 41]
[39, 53]
[39, 79]
[25, 39]
[39, 68]
[20, 39]
[39, 62]
[16, 39]
[39, 92]
[14, 39]
[32, 39]
[26, 39]
[39, 43]
[39, 76]
[39, 63]
[39, 93]
[18, 39]
[39, 54]
[39, 57]
[6, 39]
[39, 90]
[39, 81]
[39, 58]
[39, 67]
[30, 38]
[38, 44]
[17, 38]
[28, 38]
[38, 57]
[38, 46]
[38, 49]
[38, 48]
[22, 38]
[38, 51]
[38, 83]
[38, 61]
[12, 38]
[5, 38]
[9, 38]
[1, 38]
[38, 45]
[38, 87]
[8, 38]
[21, 38]
[38, 63]
[38, 41]
[38, 79]
[42, 50]
[38, 42]
[38, 54]
[38, 68]
[71, 85]
[31, 38]
[42, 70]
[38, 92]
[38, 76]
[38, 86]
[38, 90]
[35, 38]
[38, 78]
[38, 58]
[38, 75]
[70, 78]
[58, 70]
[50, 70]
[62, 70]
[70, 81]
[34, 53]
[15, 34]
[34, 74]
[24, 34]
[11, 34]
[4, 34]
[20, 34]
[34, 77]
[34, 72]
[34, 65]
[26, 34]
[34, 49]
[34, 48]
[34, 60]
[5, 34]
[23, 34]
[34, 94]
[9, 34]
[34, 36]
[29, 34]
[34, 45]
[34, 66]
[30, 34]
[34, 41]
[10, 34]
[34, 68]
[18, 34]
[34, 54]
[34, 57]
[6, 34]
[34, 78]
[34, 58]
[34, 82]
[34, 67]
[34, 62]
[34, 50]
[34, 38]
[34, 81]
[50, 85]
[7, 38]
[7, 70]
[29, 40]
[9, 40]
[5, 40]
[22, 40]
[4, 40]
[40, 72]
[2, 40]
[14, 40]
[37, 40]
[40, 49]
[40, 77]
[40, 51]
[27, 40]
[33, 40]
[40, 94]
[12, 40]
[1, 40]
[8, 40]
[26, 40]
[40, 87]
[40, 66]
[40, 82]
[40, 41]
[40, 53]
[40, 79]
[10, 40]
[31, 40]
[24, 40]
[32, 40]
[40, 43]
[40, 63]
[40, 93]
[18, 40]
[40, 54]
[40, 57]
[40, 86]
[40, 67]
[40, 50]
[40, 75]
[40, 42]
[34, 40]
[7, 40]
[29, 69]
[19, 69]
[28, 69]
[37, 69]
[65, 69]
[4, 69]
[15, 69]
[44, 69]
[27, 69]
[49, 69]
[69, 91]
[69, 77]
[48, 69]
[60, 69]
[5, 69]
[23, 69]
[59, 69]
[69, 94]
[47, 69]
[9, 69]
[1, 69]
[69, 87]
[66, 69]
[53, 69]
[10, 69]
[69, 92]
[24, 69]
[69, 82]
[43, 69]
[69, 76]
[63, 69]
[69, 93]
[54, 69]
[57, 69]
[26, 69]
[6, 69]
[69, 86]
[67, 69]
[42, 69]
[40, 69]
[26, 84]
[29, 84]
[17, 84]
[65, 84]
[2, 84]
[27, 84]
[33, 84]
[19, 84]
[15, 84]
[83, 84]
[23, 84]
[12, 84]
[46, 84]
[8, 84]
[84, 87]
[30, 84]
[24, 84]
[41, 84]
[79, 84]
[10, 84]
[25, 84]
[16, 84]
[31, 84]
[84, 92]
[14, 84]
[32, 84]
[43, 84]
[76, 84]
[84, 93]
[18, 84]
[54, 84]
[6, 84]
[84, 90]
[84, 86]
[82, 84]
[75, 84]
[42, 84]
[81, 84]
[70, 84]
[84, 85]
[7, 84]
[40, 84]
[69, 84]
[71, 84]
[39, 50]
[39, 75]
[38, 39]
[39, 42]
[39, 85]
[39, 84]
[39, 71]
[56, 62]
[56, 75]
[55, 56]
[34, 56]
[40, 56]
[18, 88]
[14, 88]
[74, 88]
[17, 88]
[11, 88]
[13, 88]
[4, 88]
[72, 88]
[65, 88]
[37, 88]
[49, 88]
[27, 88]
[44, 88]
[60, 88]
[33, 88]
[19, 88]
[51, 88]
[83, 88]
[23, 88]
[59, 88]
[88, 94]
[12, 88]
[47, 88]
[16, 88]
[9, 88]
[43, 88]
[20, 88]
[29, 88]
[1, 88]
[45, 88]
[66, 88]
[30, 88]
[41, 88]
[25, 88]
[31, 88]
[32, 88]
[54, 88]
[57, 88]
[26, 88]
[6, 88]
[36, 88]
[58, 88]
[35, 88]
[78, 88]
[67, 88]
[62, 88]
[81, 88]
[55, 88]
[7, 88]
[56, 88]
[50, 88]
[38, 88]
[42, 88]
[85, 88]
[40, 88]
[84, 88]
[39, 88]
[6, 64]
[16, 64]
[64, 77]
[33, 64]
[48, 64]
[37, 64]
[64, 65]
[22, 64]
[49, 64]
[19, 64]
[61, 64]
[0, 64]
[64, 82]
[64, 94]
[42, 64]
[64, 87]
[64, 91]
[47, 64]
[1, 64]
[8, 64]
[64, 66]
[41, 64]
[10, 64]
[64, 68]
[31, 64]
[32, 64]
[43, 64]
[64, 76]
[64, 93]
[54, 64]
[26, 64]
[36, 64]
[50, 64]
[35, 64]
[64, 78]
[64, 81]
[55, 64]
[7, 64]
[64, 71]
[56, 64]
[38, 64]
[64, 70]
[64, 88]
[50, 89]
[68, 89]
[12, 89]
[5, 89]
[49, 89]
[72, 89]
[48, 89]
[0, 89]
[89, 94]
[77, 89]
[46, 89]
[47, 89]
[9, 89]
[87, 89]
[1, 89]
[66, 89]
[8, 89]
[30, 89]
[79, 89]
[25, 89]
[31, 89]
[43, 89]
[76, 89]
[18, 89]
[54, 89]
[89, 90]
[58, 89]
[86, 89]
[67, 89]
[62, 89]
[82, 89]
[55, 89]
[7, 89]
[38, 89]
[42, 89]
[70, 89]
[85, 89]
[69, 89]
[84, 89]
[39, 89]
