[7, 9]
[5, 9]
[7, 23]
[5, 23]
[5, 8]
[4, 8]
[2, 8]
[6, 8]
[2, 6]
[1, 6]
[2, 3]
[2, 4]
[3, 21]
[1, 21]
[21, 23]
[6, 23]
[4, 23]
[15, 23]
[3, 6]
[3, 5]
[9, 21]
[16, 23]
[18, 23]
[4, 6]
[4, 5]
[12, 21]
[6, 38]
[6, 15]
[6, 22]
[6, 13]
[6, 28]
[6, 26]
[6, 39]
[6, 37]
[6, 19]
[6, 14]
[8, 11]
[4, 11]
[2, 11]
[5, 11]
[3, 17]
[11, 38]
[5, 17]
[5, 22]
[2, 22]
[2, 17]
[8, 10]
[3, 10]
[4, 10]
[2, 10]
[5, 10]
[10, 17]
[23, 27]
[23, 25]
[23, 24]
[23, 43]
[23, 36]
[23, 31]
[23, 34]
[23, 29]
[23, 28]
[19, 23]
[23, 33]
[23, 38]
[0, 23]
[23, 42]
[18, 41]
[2, 41]
[1, 41]
[11, 41]
[15, 41]
[2, 12]
[1, 12]
[5, 12]
[8, 12]
[11, 12]
[12, 17]
[12, 18]
[12, 44]
[2, 18]
[9, 18]
[4, 7]
[1, 7]
[7, 12]
[7, 22]
[7, 13]
[7, 30]
[7, 32]
[8, 18]
[15, 17]
[4, 15]
[5, 18]
[5, 40]
[4, 40]
[8, 40]
[11, 40]
[20, 40]
[30, 40]
[3, 15]
[9, 15]
[2, 15]
[11, 15]
[15, 20]
[15, 44]
[12, 15]
[3, 18]
[10, 18]
[8, 20]
[5, 20]
[3, 20]
[7, 14]
[21, 29]
[9, 29]
[1, 29]
[5, 29]
[18, 29]
[20, 29]
[29, 30]
[29, 41]
[29, 32]
[26, 29]
[29, 31]
[24, 29]
[27, 29]
[29, 34]
[9, 26]
[2, 26]
[7, 26]
[5, 26]
[1, 22]
[11, 20]
[17, 20]
[10, 20]
[8, 44]
[5, 44]
[2, 44]
[20, 44]
[4, 22]
[1, 13]
[9, 13]
[4, 13]
[5, 13]
[3, 13]
[3, 22]
[8, 22]
[17, 22]
[10, 22]
[12, 22]
[8, 13]
[13, 15]
[13, 22]
[8, 30]
[3, 30]
[20, 21]
[13, 30]
[13, 21]
[21, 40]
[21, 41]
[21, 32]
[14, 21]
[5, 14]
[1, 30]
[11, 30]
[1, 14]
[17, 30]
[10, 30]
[18, 30]
[14, 30]
[20, 30]
[22, 30]
[8, 32]
[3, 32]
[3, 14]
[4, 14]
[14, 20]
[12, 14]
[2, 32]
[1, 32]
[4, 32]
[9, 32]
[11, 32]
[14, 25]
[7, 25]
[22, 25]
[10, 25]
[3, 25]
[4, 25]
[8, 25]
[18, 25]
[20, 25]
[12, 25]
[13, 25]
[25, 40]
[25, 32]
[21, 25]
[25, 26]
[25, 39]
[25, 35]
[24, 25]
[10, 32]
[18, 32]
[20, 32]
[12, 32]
[15, 32]
[13, 32]
[32, 40]
[32, 41]
[20, 26]
[4, 26]
[11, 26]
[6, 33]
[7, 33]
[17, 26]
[10, 26]
[12, 26]
[15, 26]
[13, 26]
[26, 40]
[26, 41]
[4, 27]
[27, 44]
[8, 27]
[17, 27]
[21, 27]
[27, 32]
[2, 27]
[13, 27]
[5, 34]
[8, 34]
[1, 34]
[15, 34]
[15, 16]
[15, 28]
[34, 41]
[18, 34]
[20, 34]
[10, 34]
[32, 34]
[25, 34]
[2, 34]
[26, 34]
[13, 34]
[6, 16]
[16, 20]
[1, 16]
[16, 17]
[16, 21]
[5, 16]
[16, 22]
[16, 32]
[16, 25]
[12, 16]
[24, 27]
[24, 41]
[6, 42]
[20, 42]
[24, 30]
[24, 26]
[18, 24]
[24, 32]
[12, 24]
[24, 34]
[16, 24]
[8, 38]
[4, 38]
[18, 38]
[10, 38]
[17, 38]
[2, 38]
[12, 38]
[26, 38]
[38, 41]
[13, 38]
[30, 38]
[27, 38]
[34, 38]
[16, 38]
[24, 38]
[28, 41]
[27, 40]
[22, 43]
[21, 43]
[10, 43]
[43, 44]
[4, 43]
[25, 43]
[13, 43]
[30, 43]
[27, 43]
[34, 43]
[16, 43]
[24, 43]
[38, 43]
[37, 43]
[39, 43]
[36, 43]
[28, 44]
[1, 28]
[5, 28]
[17, 28]
[18, 28]
[28, 29]
[21, 28]
[13, 28]
[28, 30]
[28, 38]
[9, 37]
[20, 37]
[37, 44]
[1, 37]
[4, 37]
[10, 37]
[11, 37]
[17, 37]
[21, 37]
[5, 37]
[22, 37]
[32, 37]
[26, 37]
[37, 41]
[13, 37]
[30, 37]
[34, 37]
[16, 37]
[9, 39]
[4, 39]
[1, 39]
[39, 44]
[39, 41]
[18, 39]
[11, 39]
[17, 39]
[21, 39]
[7, 39]
[32, 39]
[26, 39]
[13, 39]
[30, 39]
[34, 39]
[28, 39]
[37, 39]
[9, 31]
[20, 31]
[18, 31]
[8, 31]
[12, 31]
[10, 31]
[11, 31]
[5, 31]
[22, 31]
[2, 31]
[26, 31]
[31, 41]
[27, 31]
[31, 34]
[15, 31]
[7, 36]
[20, 36]
[8, 36]
[36, 44]
[1, 36]
[4, 36]
[11, 36]
[13, 36]
[24, 36]
[15, 36]
[31, 36]
[16, 40]
[28, 40]
[37, 40]
[39, 40]
[3, 16]
[3, 24]
[3, 37]
[3, 31]
[3, 36]
[18, 42]
[21, 42]
[9, 42]
[25, 42]
[30, 42]
[24, 42]
[38, 42]
[28, 42]
[37, 42]
[39, 42]
[42, 43]
[3, 42]
[0, 6]
[0, 18]
[0, 29]
[0, 8]
[0, 1]
[0, 9]
[0, 11]
[0, 21]
[0, 5]
[0, 7]
[0, 32]
[0, 25]
[0, 12]
[0, 26]
[0, 13]
[0, 30]
[0, 27]
[0, 16]
[0, 24]
[0, 15]
[0, 31]
[0, 43]
[0, 40]
[9, 35]
[8, 35]
[35, 44]
[1, 35]
[12, 35]
[18, 35]
[17, 35]
[5, 35]
[7, 35]
[32, 35]
[26, 35]
[13, 35]
[27, 35]
[34, 35]
[16, 35]
[15, 35]
[35, 40]
[3, 35]
[35, 42]
[0, 35]
[8, 33]
[33, 44]
[1, 33]
[11, 33]
[17, 33]
[21, 33]
[32, 33]
[2, 33]
[26, 33]
[30, 33]
[27, 33]
[33, 38]
[33, 39]
[31, 33]
[33, 36]
[33, 42]
[0, 33]
[33, 35]
[8, 19]
[1, 19]
[19, 20]
[10, 19]
[11, 19]
[19, 21]
[5, 19]
[12, 19]
[7, 19]
[19, 32]
[19, 27]
[19, 26]
[19, 41]
[19, 30]
[19, 34]
[16, 19]
[19, 24]
[15, 19]
[19, 31]
[19, 43]
[19, 40]
[3, 19]
[19, 35]
[19, 33]
[14, 26]
[14, 24]
[14, 39]
[14, 43]
[14, 40]
[0, 14]
[14, 19]
