[10, 11]
[5, 11]
[4, 11]
[3, 10]
[2, 10]
[3, 12]
[2, 12]
[5, 10]
[8, 10]
[1, 12]
[10, 12]
[6, 12]
[9, 10]
[4, 7]
[2, 7]
[7, 12]
[5, 7]
[6, 7]
[2, 3]
[1, 3]
[1, 4]
[2, 5]
[3, 5]
[4, 6]
[4, 8]
[1, 8]
[5, 8]
[7, 8]
[2, 9]
[7, 9]
[8, 9]
[11, 13]
[3, 13]
[2, 13]
[4, 13]
[8, 13]
[12, 14]
[10, 14]
[3, 14]
[1, 14]
[6, 14]
[7, 14]
[9, 14]
[13, 14]
[11, 15]
[2, 15]
[3, 15]
[5, 15]
[8, 15]
[1, 15]
[13, 15]
[9, 15]
[10, 27]
[13, 27]
[13, 32]
[5, 32]
[10, 32]
[3, 32]
[14, 27]
[9, 32]
[2, 32]
[2, 27]
[11, 28]
[6, 28]
[14, 28]
[12, 28]
[5, 28]
[4, 28]
[13, 28]
[10, 28]
[9, 28]
[11, 66]
[7, 66]
[14, 66]
[6, 66]
[13, 66]
[12, 66]
[27, 66]
[28, 66]
[10, 24]
[11, 24]
[6, 24]
[4, 24]
[12, 24]
[13, 24]
[9, 24]
[15, 24]
[24, 27]
[24, 28]
[10, 48]
[8, 48]
[5, 48]
[13, 48]
[12, 48]
[9, 48]
[15, 48]
[27, 48]
[24, 48]
[11, 47]
[8, 47]
[14, 47]
[4, 47]
[3, 47]
[12, 47]
[9, 47]
[2, 47]
[28, 47]
[47, 66]
[47, 48]
[3, 23]
[4, 23]
[6, 23]
[1, 23]
[8, 23]
[7, 23]
[13, 23]
[9, 23]
[2, 23]
[23, 24]
[23, 48]
[23, 47]
[10, 22]
[11, 22]
[7, 22]
[8, 22]
[4, 22]
[5, 22]
[3, 22]
[9, 22]
[2, 22]
[22, 27]
[22, 28]
[22, 48]
[11, 49]
[6, 49]
[1, 49]
[7, 49]
[10, 49]
[12, 49]
[2, 49]
[27, 49]
[28, 49]
[49, 66]
[22, 49]
[4, 51]
[8, 51]
[13, 51]
[3, 51]
[12, 51]
[2, 51]
[15, 51]
[28, 51]
[51, 66]
[48, 51]
[23, 51]
[49, 51]
[11, 25]
[1, 25]
[5, 25]
[3, 25]
[12, 25]
[15, 25]
[25, 28]
[25, 66]
[25, 48]
[25, 47]
[22, 25]
[6, 55]
[3, 55]
[12, 55]
[2, 55]
[27, 55]
[48, 55]
[47, 55]
[23, 55]
[22, 55]
[51, 55]
[11, 57]
[6, 57]
[14, 57]
[5, 57]
[7, 57]
[4, 57]
[13, 57]
[3, 57]
[2, 57]
[15, 57]
[28, 57]
[57, 66]
[24, 57]
[48, 57]
[23, 57]
[22, 57]
[55, 57]
[10, 59]
[11, 59]
[6, 59]
[7, 59]
[4, 59]
[13, 59]
[9, 59]
[2, 59]
[27, 59]
[48, 59]
[47, 59]
[22, 59]
[49, 59]
[51, 59]
[55, 59]
[57, 59]
[11, 29]
[8, 29]
[14, 29]
[6, 29]
[5, 29]
[13, 29]
[12, 29]
[2, 29]
[28, 29]
[29, 66]
[24, 29]
[29, 48]
[23, 29]
[29, 51]
[29, 57]
[29, 59]
[8, 43]
[7, 43]
[12, 43]
[9, 43]
[2, 43]
[28, 43]
[24, 43]
[43, 48]
[43, 47]
[22, 43]
[43, 51]
[25, 43]
[29, 43]
[6, 21]
[14, 21]
[7, 21]
[5, 21]
[13, 21]
[3, 21]
[9, 21]
[2, 21]
[15, 21]
[21, 28]
[21, 66]
[21, 23]
[21, 22]
[21, 25]
[21, 57]
[21, 59]
[21, 43]
[10, 20]
[11, 20]
[7, 20]
[7, 31]
[6, 31]
[10, 31]
[5, 31]
[14, 20]
[6, 20]
[13, 20]
[3, 20]
[9, 20]
[2, 20]
[20, 66]
[20, 48]
[20, 47]
[20, 23]
[20, 57]
[20, 43]
[8, 39]
[14, 39]
[4, 39]
[5, 39]
[24, 39]
[39, 47]
[39, 51]
[39, 55]
[39, 57]
[29, 39]
[21, 39]
[10, 19]
[7, 19]
[4, 31]
[11, 31]
[9, 19]
[9, 33]
[6, 33]
[12, 19]
[8, 19]
[14, 19]
[1, 19]
[13, 19]
[15, 19]
[19, 27]
[19, 66]
[19, 24]
[19, 48]
[19, 23]
[19, 22]
[19, 49]
[19, 55]
[19, 59]
[19, 20]
[10, 16]
[11, 16]
[14, 16]
[4, 16]
[3, 16]
[9, 16]
[2, 16]
[15, 16]
[16, 28]
[16, 24]
[16, 48]
[16, 47]
[16, 23]
[16, 22]
[16, 55]
[16, 29]
[16, 21]
[16, 19]
[4, 38]
[6, 38]
[1, 38]
[14, 38]
[8, 38]
[13, 38]
[3, 38]
[2, 38]
[28, 38]
[24, 38]
[38, 48]
[23, 38]
[22, 38]
[38, 49]
[38, 51]
[38, 57]
[38, 59]
[21, 38]
[20, 38]
[19, 38]
[6, 37]
[8, 37]
[4, 37]
[3, 37]
[2, 37]
[28, 37]
[37, 66]
[37, 47]
[23, 37]
[37, 49]
[37, 51]
[25, 37]
[37, 43]
[21, 37]
[16, 37]
[37, 38]
[10, 36]
[11, 36]
[4, 36]
[7, 36]
[12, 31]
[9, 31]
[8, 36]
[14, 36]
[1, 36]
[5, 36]
[3, 36]
[2, 36]
[15, 36]
[36, 66]
[36, 47]
[23, 36]
[22, 36]
[36, 49]
[25, 36]
[36, 57]
[36, 43]
[21, 36]
[20, 36]
[36, 38]
[36, 37]
[11, 40]
[4, 40]
[6, 40]
[1, 40]
[14, 40]
[5, 40]
[12, 40]
[15, 40]
[27, 40]
[40, 66]
[40, 48]
[23, 40]
[22, 40]
[40, 49]
[40, 51]
[40, 55]
[29, 40]
[40, 43]
[20, 40]
[37, 40]
[36, 40]
[7, 35]
[27, 31]
[31, 66]
[14, 35]
[7, 65]
[37, 65]
[8, 65]
[4, 65]
[11, 65]
[2, 65]
[48, 65]
[3, 65]
[9, 65]
[19, 65]
[28, 65]
[40, 65]
[55, 65]
[20, 65]
[25, 65]
[51, 65]
[59, 65]
[23, 65]
[36, 65]
[29, 65]
[49, 65]
[5, 65]
[12, 35]
[3, 35]
[15, 35]
[1, 35]
[22, 32]
[35, 48]
[35, 37]
[28, 35]
[35, 55]
[27, 35]
[35, 39]
[35, 38]
[24, 35]
[23, 35]
[5, 35]
[13, 35]
[21, 35]
[35, 65]
[8, 50]
[6, 50]
[1, 50]
[50, 57]
[47, 50]
[48, 50]
[37, 50]
[28, 50]
[40, 50]
[50, 55]
[27, 50]
[39, 50]
[50, 51]
[50, 59]
[24, 50]
[23, 50]
[36, 50]
[29, 50]
[49, 50]
[5, 50]
[50, 66]
[21, 50]
[11, 62]
[10, 62]
[15, 62]
[8, 62]
[25, 32]
[12, 62]
[48, 62]
[19, 62]
[37, 62]
[40, 62]
[55, 62]
[20, 62]
[25, 62]
[38, 62]
[16, 62]
[7, 62]
[62, 65]
[35, 62]
[50, 62]
[10, 26]
[2, 26]
[6, 26]
[1, 26]
[11, 26]
[8, 26]
[12, 26]
[26, 47]
[9, 26]
[19, 26]
[26, 27]
[25, 26]
[26, 51]
[26, 38]
[23, 26]
[16, 26]
[26, 49]
[5, 26]
[13, 26]
[26, 66]
[14, 26]
[26, 35]
[10, 17]
[8, 17]
[17, 57]
[17, 47]
[15, 17]
[17, 48]
[3, 17]
[17, 43]
[9, 17]
[17, 19]
[17, 37]
[17, 40]
[17, 20]
[17, 51]
[17, 22]
[17, 38]
[17, 23]
[17, 36]
[17, 29]
[17, 49]
[7, 17]
[5, 17]
[13, 17]
[14, 17]
[17, 65]
[17, 62]
[10, 56]
[6, 56]
[56, 57]
[12, 56]
[47, 56]
[15, 56]
[2, 56]
[43, 56]
[9, 56]
[19, 56]
[55, 56]
[20, 56]
[51, 56]
[22, 56]
[56, 59]
[36, 56]
[29, 56]
[14, 56]
[35, 56]
[50, 56]
[56, 62]
[17, 56]
[11, 41]
[3, 41]
[2, 41]
[4, 41]
[1, 41]
[41, 47]
[15, 41]
[41, 48]
[41, 43]
[12, 41]
[19, 41]
[40, 41]
[41, 55]
[27, 41]
[39, 41]
[25, 41]
[41, 51]
[38, 41]
[24, 41]
[23, 41]
[36, 41]
[29, 41]
[7, 41]
[5, 41]
[13, 41]
[41, 66]
[14, 41]
[41, 50]
[26, 41]
[0, 11]
[0, 10]
[0, 3]
[0, 4]
[0, 57]
[0, 1]
[27, 33]
[33, 47]
[0, 39]
[6, 69]
[8, 69]
[57, 69]
[4, 69]
[43, 69]
[28, 69]
[55, 69]
[20, 69]
[11, 69]
[51, 69]
[38, 69]
[59, 69]
[24, 69]
[36, 69]
[29, 69]
[7, 69]
[21, 69]
[65, 69]
[50, 69]
[62, 69]
[17, 69]
[0, 69]
[52, 69]
[42, 69]
[45, 69]
[67, 69]
[46, 69]
[54, 69]
[64, 69]
[0, 13]
[0, 12]
[0, 28]
[0, 47]
[0, 43]
[0, 19]
[0, 40]
[0, 55]
[0, 25]
[0, 22]
[0, 38]
[0, 59]
[0, 23]
[0, 36]
[0, 49]
[0, 14]
[0, 65]
[0, 35]
[0, 56]
[10, 61]
[3, 61]
[2, 61]
[4, 61]
[6, 61]
[1, 61]
[8, 61]
[57, 61]
[48, 61]
[43, 61]
[19, 61]
[28, 61]
[55, 61]
[39, 61]
[25, 61]
[51, 61]
[22, 61]
[59, 61]
[24, 61]
[23, 61]
[29, 61]
[5, 61]
[13, 61]
[61, 66]
[14, 61]
[61, 65]
[35, 61]
[50, 61]
[26, 61]
[41, 61]
[0, 61]
[12, 52]
[2, 52]
[4, 52]
[1, 52]
[11, 52]
[10, 52]
[43, 52]
[9, 52]
[19, 52]
[37, 52]
[28, 52]
[20, 52]
[27, 52]
[39, 52]
[25, 52]
[38, 52]
[52, 59]
[29, 52]
[49, 52]
[52, 66]
[52, 65]
[17, 52]
[41, 52]
[0, 52]
[10, 42]
[3, 42]
[2, 42]
[8, 42]
[1, 42]
[42, 57]
[42, 47]
[42, 48]
[42, 43]
[12, 42]
[9, 42]
[40, 42]
[20, 42]
[39, 42]
[42, 51]
[24, 42]
[23, 42]
[36, 42]
[16, 42]
[29, 42]
[13, 42]
[21, 42]
[35, 42]
[17, 42]
[42, 56]
[41, 42]
[10, 63]
[8, 63]
[47, 63]
[2, 63]
[48, 63]
[19, 63]
[28, 63]
[12, 63]
[27, 63]
[25, 63]
[51, 63]
[22, 63]
[38, 63]
[59, 63]
[24, 63]
[36, 63]
[7, 63]
[13, 63]
[21, 63]
[35, 63]
[50, 63]
[62, 63]
[26, 63]
[17, 63]
[0, 63]
[52, 63]
[10, 58]
[4, 58]
[57, 58]
[6, 58]
[2, 33]
[15, 58]
[12, 58]
[2, 58]
[48, 58]
[3, 58]
[43, 58]
[55, 58]
[20, 58]
[27, 58]
[39, 58]
[25, 58]
[58, 59]
[24, 58]
[36, 58]
[49, 58]
[5, 58]
[13, 58]
[58, 66]
[14, 58]
[35, 58]
[17, 58]
[41, 58]
[0, 58]
[52, 58]
[42, 58]
[58, 63]
[5, 45]
[6, 45]
[45, 57]
[4, 45]
[2, 45]
[43, 45]
[19, 45]
[28, 45]
[40, 45]
[20, 45]
[22, 45]
[38, 45]
[45, 59]
[23, 45]
[16, 45]
[35, 45]
[45, 62]
[26, 45]
[0, 45]
[45, 61]
[45, 58]
[11, 67]
[6, 67]
[1, 67]
[8, 67]
[12, 67]
[57, 67]
[2, 67]
[43, 67]
[32, 51]
[32, 38]
[32, 59]
[24, 32]
[23, 32]
[32, 36]
[29, 32]
[32, 49]
[32, 66]
[32, 65]
[32, 35]
[32, 56]
[32, 61]
[32, 52]
[32, 58]
[32, 45]
[32, 67]
[39, 67]
[9, 67]
[19, 67]
[40, 67]
[27, 67]
[13, 67]
[25, 67]
[51, 67]
[38, 67]
[24, 67]
[29, 67]
[14, 67]
[65, 67]
[35, 67]
[50, 67]
[56, 67]
[41, 67]
[61, 67]
[42, 67]
[11, 46]
[10, 46]
[4, 46]
[6, 46]
[1, 46]
[8, 46]
[46, 57]
[46, 47]
[46, 48]
[40, 46]
[46, 55]
[12, 46]
[39, 46]
[16, 46]
[7, 46]
[46, 51]
[46, 49]
[14, 46]
[5, 46]
[21, 46]
[46, 65]
[35, 46]
[26, 46]
[0, 46]
[46, 63]
[46, 67]
[12, 60]
[10, 60]
[15, 60]
[57, 60]
[4, 60]
[33, 48]
[3, 33]
[11, 60]
[55, 60]
[19, 60]
[37, 60]
[20, 60]
[39, 60]
[25, 60]
[22, 60]
[38, 60]
[59, 60]
[14, 60]
[5, 60]
[60, 66]
[35, 60]
[50, 60]
[26, 60]
[41, 60]
[0, 60]
[60, 61]
[42, 60]
[54, 63]
[42, 54]
[6, 54]
[33, 43]
[17, 33]
[10, 33]
[19, 33]
[33, 37]
[28, 33]
[33, 40]
[12, 33]
[20, 33]
[33, 39]
[22, 33]
[33, 59]
[24, 33]
[23, 33]
[33, 36]
[29, 33]
[26, 33]
[33, 56]
[33, 61]
[33, 52]
[33, 67]
[32, 33]
[33, 46]
[33, 60]
[33, 54]
[33, 64]
[33, 69]
[33, 53]
[33, 44]
[33, 34]
[30, 33]
[45, 54]
[7, 54]
[10, 54]
[3, 54]
[48, 54]
[4, 54]
[8, 54]
[54, 57]
[2, 54]
[24, 54]
[37, 54]
[54, 55]
[27, 54]
[39, 54]
[16, 54]
[23, 54]
[36, 54]
[49, 54]
[35, 54]
[50, 54]
[54, 62]
[17, 54]
[0, 54]
[54, 61]
[54, 58]
[54, 67]
[32, 54]
[11, 64]
[43, 64]
[2, 64]
[4, 64]
[6, 64]
[1, 64]
[8, 64]
[57, 64]
[22, 64]
[10, 64]
[9, 64]
[37, 64]
[7, 64]
[13, 64]
[25, 64]
[59, 64]
[23, 64]
[36, 64]
[29, 64]
[49, 64]
[14, 64]
[35, 64]
[62, 64]
[26, 64]
[17, 64]
[0, 64]
[52, 64]
[42, 64]
[58, 64]
[32, 64]
[45, 64]
[64, 67]
[60, 64]
[11, 18]
[10, 18]
[4, 18]
[6, 18]
[1, 18]
[18, 47]
[15, 18]
[18, 22]
[18, 43]
[18, 19]
[18, 28]
[18, 40]
[16, 18]
[13, 18]
[18, 38]
[18, 59]
[18, 24]
[5, 18]
[18, 65]
[18, 35]
[18, 62]
[18, 26]
[17, 18]
[18, 56]
[18, 52]
[18, 42]
[18, 45]
[18, 54]
[18, 64]
[18, 69]
[11, 53]
[27, 53]
[10, 53]
[4, 53]
[53, 57]
[6, 53]
[9, 53]
[15, 53]
[2, 53]
[43, 53]
[19, 53]
[40, 53]
[53, 55]
[39, 53]
[13, 53]
[16, 53]
[53, 59]
[24, 53]
[23, 53]
[49, 53]
[5, 53]
[53, 66]
[35, 53]
[50, 53]
[53, 62]
[26, 53]
[52, 53]
[53, 58]
[45, 53]
[9, 34]
[4, 34]
[53, 67]
[32, 53]
[46, 53]
[53, 60]
[53, 64]
[53, 69]
[14, 44]
[7, 44]
[16, 44]
[6, 44]
[44, 47]
[2, 44]
[44, 48]
[19, 44]
[28, 44]
[12, 44]
[20, 44]
[13, 44]
[25, 44]
[38, 44]
[24, 44]
[29, 44]
[5, 44]
[21, 44]
[44, 65]
[35, 44]
[26, 44]
[44, 56]
[44, 52]
[42, 44]
[44, 63]
[44, 54]
[44, 69]
[18, 44]
[3, 34]
[1, 34]
[34, 47]
[27, 34]
[34, 48]
[34, 43]
[19, 34]
[34, 37]
[28, 34]
[34, 40]
[20, 34]
[34, 39]
[7, 34]
[25, 34]
[34, 38]
[24, 34]
[34, 65]
[34, 36]
[34, 53]
[18, 34]
[29, 34]
[34, 49]
[5, 34]
[21, 34]
[34, 56]
[34, 42]
[34, 46]
[34, 60]
[34, 54]
[34, 69]
[7, 30]
[10, 30]
[2, 30]
[1, 30]
[6, 30]
[3, 30]
[30, 43]
[31, 43]
[30, 40]
[9, 30]
[30, 35]
[16, 30]
[19, 30]
[28, 30]
[12, 30]
[20, 30]
[27, 30]
[30, 39]
[25, 30]
[22, 30]
[23, 30]
[29, 30]
[5, 30]
[21, 30]
[30, 50]
[30, 56]
[0, 30]
[30, 42]
[30, 63]
[30, 45]
[30, 54]
[30, 64]
[30, 69]
[30, 53]
[30, 34]
[10, 68]
[2, 68]
[6, 68]
[1, 68]
[63, 68]
[13, 68]
[27, 68]
[8, 68]
[57, 68]
[61, 68]
[39, 68]
[47, 68]
[15, 68]
[9, 68]
[19, 68]
[37, 68]
[40, 68]
[12, 68]
[25, 68]
[22, 68]
[38, 68]
[24, 68]
[23, 68]
[36, 68]
[29, 68]
[49, 68]
[14, 68]
[5, 68]
[65, 68]
[35, 68]
[50, 68]
[62, 68]
[26, 68]
[17, 68]
[41, 68]
[0, 68]
[42, 68]
[45, 68]
[67, 68]
[46, 68]
[60, 68]
[54, 68]
[18, 68]
[30, 68]
[33, 68]
[19, 31]
[31, 40]
[31, 39]
[16, 31]
[31, 59]
[24, 31]
[31, 36]
[31, 49]
[21, 31]
[31, 63]
[31, 42]
[31, 58]
[31, 45]
[31, 67]
[31, 46]
[31, 64]
[31, 60]
[31, 54]
[31, 69]
[18, 31]
[31, 44]
[31, 34]
[30, 31]
[31, 33]
[31, 68]
