[3, 5, 6]
[2, 3, 5]
[1, 3, 5]
[2, 5, 24]
[1, 5, 24]
[5, 6, 24]
[2, 4, 24]
[1, 4, 24]
[2, 7, 24]
[4, 7, 24]
[5, 7, 24]
[1, 9, 24]
[2, 9, 24]
[5, 9, 24]
[7, 9, 24]
[0, 21, 24]
[0, 3, 21]
[0, 19, 21]
[0, 3, 8]
[0, 8, 14]
[0, 7, 8]
[0, 6, 8]
[0, 3, 7]
[4, 7, 10]
[3, 7, 10]
[5, 7, 10]
[3, 5, 10]
[1, 5, 10]
[1, 3, 10]
[1, 4, 10]
[1, 10, 19]
[4, 8, 16]
[8, 14, 16]
[3, 8, 14]
[3, 5, 8]
[4, 7, 8]
[7, 8, 16]
[7, 8, 14]
[3, 7, 8]
[5, 7, 8]
[3, 6, 8]
[5, 6, 8]
[8, 9, 16]
[8, 9, 14]
[3, 8, 9]
[5, 6, 10]
[12, 14, 16]
[1, 12, 14]
[2, 5, 7]
[2, 4, 7]
[2, 3, 7]
[5, 7, 17]
[4, 7, 17]
[7, 16, 17]
[4, 16, 17]
[11, 17, 19]
[10, 17, 19]
[4, 10, 17]
[1, 14, 19]
[1, 3, 14]
[12, 14, 19]
[4, 7, 16]
[1, 4, 12]
[4, 12, 16]
[11, 17, 23]
[17, 19, 23]
[14, 19, 21]
[1, 14, 21]
[14, 20, 21]
[1, 20, 21]
[1, 12, 21]
[12, 19, 21]
[4, 12, 21]
[12, 14, 21]
[6, 11, 21]
[11, 19, 21]
[11, 14, 21]
[1, 19, 21]
[4, 8, 21]
[8, 14, 21]
[6, 8, 21]
[3, 8, 21]
[0, 8, 21]
[8, 15, 21]
[8, 9, 21]
[8, 20, 21]
[3, 14, 21]
[4, 17, 21]
[17, 19, 21]
[2, 4, 21]
[1, 4, 21]
[5, 7, 9]
[5, 7, 22]
[3, 5, 7]
[7, 18, 22]
[2, 7, 22]
[7, 14, 22]
[3, 7, 14]
[7, 14, 16]
[0, 7, 14]
[0, 2, 7]
[3, 15, 20]
[11, 15, 20]
[1, 15, 20]
[1, 15, 22]
[14, 15, 22]
[1, 14, 15]
[11, 14, 15]
[3, 14, 15]
[1, 3, 15]
[14, 15, 20]
[6, 11, 20]
[11, 14, 20]
[11, 19, 20]
[1, 14, 20]
[14, 16, 20]
[1, 12, 13]
[12, 13, 19]
[12, 13, 14]
[1, 12, 19]
[1, 3, 12]
[3, 12, 14]
[1, 12, 22]
[12, 14, 22]
[0, 12, 14]
[0, 12, 19]
[0, 3, 12]
[12, 18, 22]
[1, 9, 12]
[9, 12, 16]
[3, 5, 20]
[1, 5, 20]
[5, 6, 20]
[1, 5, 22]
[2, 5, 22]
[3, 9, 12]
[3, 5, 9]
[2, 5, 9]
[1, 5, 9]
[13, 19, 23]
[1, 13, 23]
[11, 15, 18]
[15, 18, 22]
[13, 14, 19]
[11, 14, 19]
[1, 13, 14]
[1, 13, 19]
[9, 12, 14]
[9, 12, 18]
[1, 19, 20]
[1, 14, 22]
[0, 3, 6]
[0, 3, 14]
[0, 2, 3]
[0, 14, 19]
[1, 9, 14]
[9, 14, 16]
[9, 11, 14]
[9, 11, 18]
[3, 9, 14]
[1, 3, 9]
[14, 19, 20]
[1, 4, 20]
[4, 16, 20]
[3, 6, 20]
[3, 14, 20]
[1, 3, 20]
[9, 11, 15]
[9, 14, 15]
[2, 3, 9]
[3, 9, 15]
[1, 9, 15]
[9, 15, 18]
[11, 19, 23]
[3, 7, 9]
[7, 10, 17]
[7, 8, 17]
[7, 8, 9]
[7, 9, 14]
[7, 9, 16]
[7, 17, 24]
[0, 7, 24]
[7, 22, 24]
[2, 7, 9]
[5, 8, 17]
[4, 8, 17]
[8, 16, 17]
[8, 15, 17]
[11, 15, 17]
[5, 10, 17]
[5, 17, 24]
[4, 17, 24]
[15, 17, 24]
[15, 17, 21]
[11, 17, 21]
[17, 19, 20]
[16, 17, 20]
[15, 17, 20]
[4, 17, 20]
[11, 17, 20]
[8, 17, 20]
[8, 17, 21]
[10, 12, 19]
[1, 10, 12]
[0, 12, 21]
[12, 21, 22]
[9, 12, 21]
[3, 12, 21]
[12, 21, 24]
[4, 10, 12]
[9, 10, 12]
[3, 10, 12]
[12, 13, 24]
[1, 12, 24]
[4, 12, 24]
[0, 12, 24]
[12, 22, 24]
[9, 12, 24]
[10, 12, 18]
[12, 18, 24]
[8, 14, 15]
[5, 8, 9]
[8, 16, 20]
[16, 17, 23]
[8, 17, 23]
[7, 8, 18]
[1, 19, 23]
[8, 16, 23]
[15, 17, 23]
[8, 15, 18]
[5, 17, 20]
[5, 8, 20]
[1, 15, 23]
[8, 15, 23]
[11, 15, 23]
[8, 14, 20]
[0, 19, 23]
[6, 8, 20]
[0, 8, 23]
[4, 8, 20]
[8, 15, 20]
[10, 19, 23]
[1, 10, 23]
[10, 17, 23]
[2, 5, 10]
[2, 4, 10]
[2, 7, 10]
[7, 10, 18]
[10, 17, 20]
[5, 10, 20]
[1, 10, 20]
[4, 10, 20]
[6, 10, 20]
[10, 19, 20]
[2, 21, 22]
[0, 2, 21]
[0, 14, 21]
[14, 21, 22]
[1, 21, 22]
[14, 15, 21]
[1, 15, 21]
[11, 15, 21]
[15, 21, 22]
[0, 6, 21]
[17, 20, 21]
[4, 20, 21]
[11, 20, 21]
[15, 20, 21]
[6, 20, 21]
[19, 20, 21]
[2, 9, 10]
[8, 9, 18]
[7, 9, 18]
[9, 10, 18]
[1, 9, 10]
[5, 9, 10]
[7, 9, 10]
[8, 9, 15]
[1, 9, 21]
[9, 11, 21]
[9, 14, 21]
[9, 15, 21]
[2, 9, 21]
[3, 9, 10]
[3, 9, 21]
[3, 8, 20]
[3, 8, 15]
[3, 6, 10]
[3, 10, 20]
[2, 3, 10]
[2, 3, 21]
[3, 6, 21]
[1, 3, 21]
[3, 20, 21]
[3, 15, 21]
[2, 22, 24]
[0, 2, 24]
[0, 6, 24]
[1, 13, 24]
[5, 22, 24]
[1, 22, 24]
[18, 22, 24]
[6, 20, 24]
[5, 20, 24]
[17, 20, 24]
[17, 23, 24]
[15, 23, 24]
[9, 15, 24]
[9, 18, 24]
[9, 21, 24]
[7, 18, 24]
[1, 20, 24]
[4, 20, 24]
[15, 18, 24]
[1, 23, 24]
[1, 15, 24]
[15, 22, 24]
[15, 20, 24]
[13, 23, 24]
[0, 23, 24]
[2, 21, 24]
[17, 21, 24]
[4, 21, 24]
[1, 21, 24]
[6, 21, 24]
[21, 22, 24]
[20, 21, 24]
[15, 21, 24]
