[10, 24, 31]
[5, 24, 31]
[5, 11, 64]
[2, 11, 64]
[34, 47, 50]
[20, 47, 50]
[5, 47, 50]
[24, 47, 50]
[39, 47, 50]
[41, 47, 50]
[42, 47, 50]
[20, 31, 50]
[5, 31, 50]
[1, 31, 50]
[7, 31, 50]
[8, 31, 50]
[19, 31, 50]
[21, 31, 50]
[24, 31, 50]
[28, 31, 50]
[30, 31, 50]
[20, 25, 50]
[4, 25, 50]
[1, 25, 50]
[24, 25, 50]
[4, 17, 50]
[1, 17, 50]
[1, 20, 50]
[14, 20, 26]
[10, 20, 26]
[13, 17, 26]
[13, 14, 26]
[13, 18, 26]
[10, 13, 26]
[2, 13, 26]
[13, 26, 45]
[13, 26, 49]
[13, 26, 30]
[13, 26, 61]
[13, 26, 54]
[13, 26, 33]
[13, 26, 28]
[10, 13, 44]
[2, 13, 44]
[2, 9, 13]
[6, 9, 13]
[2, 6, 13]
[1, 6, 13]
[10, 13, 15]
[6, 10, 13]
[1, 6, 29]
[6, 9, 29]
[6, 10, 29]
[6, 29, 58]
[9, 29, 58]
[10, 29, 58]
[15, 16, 58]
[10, 15, 16]
[2, 10, 16]
[3, 6, 10]
[1, 3, 6]
[3, 6, 9]
[1, 6, 7]
[2, 6, 7]
[9, 16, 58]
[2, 16, 58]
[6, 9, 58]
[2, 9, 58]
[2, 6, 58]
[6, 10, 58]
[2, 10, 58]
[10, 15, 58]
[9, 29, 61]
[9, 12, 61]
[3, 9, 61]
[9, 22, 61]
[3, 22, 61]
[1, 3, 11]
[1, 7, 11]
[10, 16, 58]
[6, 24, 58]
[2, 24, 58]
[10, 24, 58]
[15, 24, 58]
[23, 24, 58]
[3, 24, 37]
[6, 9, 12]
[9, 12, 37]
[8, 9, 12]
[6, 8, 12]
[7, 8, 31]
[8, 9, 31]
[1, 8, 31]
[8, 23, 31]
[8, 31, 36]
[8, 9, 63]
[7, 8, 63]
[8, 11, 63]
[8, 15, 63]
[6, 8, 9]
[2, 6, 9]
[2, 7, 11]
[2, 9, 57]
[2, 7, 57]
[8, 28, 50]
[8, 24, 50]
[7, 8, 50]
[9, 40, 57]
[7, 40, 57]
[3, 40, 57]
[23, 40, 57]
[10, 12, 52]
[7, 10, 52]
[10, 37, 52]
[10, 15, 52]
[12, 37, 52]
[7, 37, 52]
[7, 15, 52]
[10, 23, 52]
[7, 23, 52]
[6, 7, 10]
[4, 10, 12]
[4, 6, 10]
[4, 10, 60]
[4, 11, 60]
[17, 48, 50]
[23, 30, 58]
[15, 30, 58]
[4, 9, 58]
[4, 6, 58]
[15, 47, 58]
[29, 47, 58]
[2, 47, 58]
[10, 47, 58]
[35, 47, 58]
[10, 29, 47]
[3, 10, 47]
[10, 42, 47]
[3, 42, 47]
[37, 42, 47]
[22, 42, 47]
[2, 42, 47]
[42, 47, 56]
[3, 10, 42]
[6, 10, 42]
[10, 23, 42]
[6, 23, 42]
[42, 50, 59]
[48, 50, 59]
[1, 48, 50]
[30, 48, 50]
[31, 48, 50]
[9, 59, 61]
[3, 59, 61]
[1, 50, 62]
[7, 50, 62]
[47, 50, 62]
[50, 59, 62]
[36, 50, 62]
[34, 50, 62]
[20, 50, 62]
[25, 50, 62]
[50, 54, 62]
[19, 50, 59]
[19, 50, 54]
[13, 50, 54]
[13, 30, 50]
[21, 30, 50]
[17, 30, 50]
[17, 21, 50]
[17, 36, 50]
[13, 17, 50]
[17, 39, 50]
[17, 50, 51]
[17, 50, 59]
[17, 34, 50]
[17, 50, 62]
[17, 50, 55]
[17, 42, 50]
[0, 17, 50]
[19, 36, 50]
[10, 23, 40]
[10, 23, 58]
[7, 10, 23]
[10, 22, 23]
[10, 23, 46]
[10, 23, 35]
[10, 23, 45]
[10, 23, 31]
[6, 10, 23]
[10, 23, 60]
[10, 23, 27]
[10, 23, 43]
[10, 15, 47]
[10, 22, 47]
[10, 13, 43]
[10, 13, 45]
[10, 13, 27]
[10, 13, 32]
[10, 13, 23]
[10, 13, 48]
[13, 18, 27]
[9, 13, 27]
[9, 13, 32]
[6, 13, 18]
[13, 45, 49]
[31, 40, 64]
[3, 31, 40]
[0, 13, 38]
[0, 13, 44]
[0, 13, 26]
[0, 6, 13]
[0, 16, 31]
[0, 7, 31]
[7, 31, 53]
[31, 53, 58]
[31, 53, 64]
[0, 31, 60]
[0, 11, 60]
[0, 22, 60]
[0, 7, 60]
[0, 6, 60]
[0, 31, 64]
[16, 31, 53]
[0, 3, 31]
[16, 31, 64]
[16, 31, 58]
[0, 26, 31]
[26, 31, 64]
[26, 31, 58]
[16, 53, 58]
[16, 53, 64]
[16, 19, 31]
[16, 19, 64]
[7, 53, 62]
[53, 62, 64]
[53, 62, 63]
[26, 62, 63]
[62, 63, 64]
[12, 35, 64]
[12, 26, 35]
[6, 12, 35]
[12, 35, 53]
[12, 16, 35]
[15, 33, 63]
[33, 63, 64]
[30, 35, 64]
[30, 35, 58]
[42, 59, 64]
[14, 42, 59]
[18, 42, 59]
[19, 42, 59]
[3, 42, 59]
[42, 46, 59]
[23, 42, 59]
[37, 42, 59]
[2, 42, 59]
[4, 13, 42]
[8, 13, 42]
[13, 42, 43]
[13, 18, 42]
[13, 26, 42]
[6, 13, 42]
[13, 23, 42]
[10, 13, 42]
[2, 13, 42]
[13, 14, 42]
[25, 26, 42]
[25, 42, 64]
[3, 25, 42]
[25, 42, 46]
[6, 25, 42]
[25, 42, 43]
[23, 25, 42]
[25, 42, 56]
[26, 42, 64]
[3, 6, 42]
[3, 6, 35]
[6, 35, 58]
[6, 35, 40]
[3, 6, 40]
[6, 10, 35]
[6, 10, 12]
[10, 12, 26]
[10, 12, 16]
[2, 10, 32]
[2, 10, 26]
[26, 30, 31]
[26, 30, 64]
[11, 30, 64]
[11, 15, 30]
[11, 30, 53]
[11, 30, 45]
[29, 30, 45]
[30, 45, 58]
[26, 30, 45]
[22, 30, 45]
[26, 30, 58]
[29, 30, 56]
[29, 32, 61]
[15, 32, 61]
[8, 31, 48]
[8, 48, 63]
[17, 30, 48]
[17, 30, 58]
[17, 26, 30]
[14, 29, 59]
[19, 34, 38]
[34, 38, 48]
[14, 18, 57]
[3, 14, 57]
[14, 57, 58]
[14, 57, 64]
[7, 14, 57]
[14, 16, 57]
[14, 22, 57]
[14, 46, 57]
[14, 35, 57]
[14, 45, 57]
[14, 49, 57]
[14, 44, 57]
[14, 27, 57]
[14, 23, 57]
[14, 37, 57]
[14, 38, 58]
[7, 14, 38]
[14, 16, 38]
[14, 38, 53]
[14, 35, 38]
[6, 14, 38]
[14, 38, 49]
[14, 44, 58]
[14, 29, 44]
[14, 26, 64]
[14, 26, 58]
[10, 28, 44]
[3, 15, 47]
[47, 53, 58]
[27, 48, 61]
[35, 48, 61]
[48, 61, 63]
[22, 48, 61]
[24, 48, 61]
[15, 24, 61]
[3, 24, 61]
[27, 45, 57]
[19, 27, 57]
[27, 57, 58]
[7, 27, 57]
[15, 27, 57]
[16, 27, 57]
[27, 57, 63]
[22, 27, 57]
[27, 46, 57]
[27, 35, 57]
[27, 40, 57]
[40, 57, 58]
[40, 57, 64]
[40, 49, 57]
[22, 49, 57]
[49, 57, 58]
[31, 40, 57]
[13, 27, 57]
[27, 32, 57]
[18, 27, 57]
[23, 27, 57]
[27, 37, 57]
[27, 39, 57]
[0, 27, 57]
[27, 28, 57]
[9, 27, 57]
[9, 16, 57]
[9, 22, 57]
[9, 12, 57]
[9, 46, 57]
[3, 9, 57]
[9, 57, 58]
[9, 31, 57]
[9, 57, 63]
[9, 32, 57]
[9, 23, 57]
[9, 37, 57]
[9, 14, 57]
[12, 24, 61]
[2, 24, 61]
[8, 24, 61]
[8, 12, 24]
[8, 11, 24]
[8, 15, 24]
[6, 8, 24]
[8, 24, 38]
[8, 24, 48]
[8, 24, 31]
[8, 23, 24]
[2, 8, 24]
[8, 14, 24]
[24, 25, 61]
[15, 24, 25]
[20, 24, 61]
[10, 12, 24]
[11, 12, 24]
[11, 15, 24]
[11, 24, 46]
[11, 24, 45]
[11, 30, 60]
[22, 30, 60]
[22, 27, 61]
[27, 29, 61]
[27, 28, 29]
[27, 28, 46]
[9, 27, 28]
[9, 16, 27]
[24, 38, 49]
[6, 24, 38]
[11, 24, 38]
[1, 6, 8]
[1, 8, 11]
[12, 24, 38]
[6, 12, 24]
[42, 43, 47]
[29, 43, 47]
[22, 43, 47]
[15, 47, 60]
[15, 24, 47]
[10, 24, 47]
[24, 47, 56]
[24, 48, 56]
[14, 23, 24]
[14, 24, 46]
[14, 24, 45]
[6, 14, 24]
[14, 24, 38]
[14, 24, 52]
[3, 14, 24]
[14, 24, 58]
[14, 24, 49]
[14, 18, 24]
[14, 24, 37]
[14, 20, 24]
[14, 24, 61]
[14, 24, 25]
[3, 15, 24]
[3, 11, 24]
[18, 24, 46]
[11, 18, 24]
[2, 13, 30]
[13, 30, 45]
[13, 15, 30]
[13, 30, 38]
[13, 30, 48]
[13, 23, 30]
[13, 30, 61]
[13, 14, 30]
[5, 13, 30]
[30, 35, 45]
[30, 35, 53]
[26, 30, 35]
[30, 35, 60]
[30, 35, 38]
[30, 35, 48]
[22, 26, 30]
[15, 22, 30]
[30, 31, 58]
[9, 16, 31]
[9, 31, 46]
[3, 9, 31]
[12, 30, 35]
[12, 26, 30]
[12, 30, 53]
[11, 12, 30]
[12, 30, 38]
[12, 30, 48]
[12, 30, 64]
[12, 30, 37]
[29, 30, 58]
[30, 31, 53]
[30, 53, 58]
[29, 30, 60]
[9, 29, 46]
[9, 22, 46]
[1, 7, 8]
[8, 31, 33]
[8, 15, 33]
[6, 8, 33]
[7, 8, 33]
[8, 33, 63]
[18, 33, 63]
[18, 33, 43]
[6, 18, 33]
[29, 32, 33]
[15, 32, 33]
[6, 32, 33]
[32, 33, 43]
[10, 32, 33]
[32, 33, 63]
[29, 33, 43]
[22, 33, 43]
[10, 19, 52]
[9, 16, 22]
[10, 29, 33]
[10, 15, 33]
[10, 22, 33]
[6, 10, 33]
[10, 33, 43]
[10, 16, 32]
[10, 29, 32]
[10, 15, 32]
[6, 29, 33]
[29, 46, 49]
[22, 46, 49]
[22, 33, 63]
[15, 16, 55]
[16, 19, 55]
[15, 19, 55]
[1, 50, 55]
[36, 50, 55]
[1, 36, 50]
[1, 50, 54]
[1, 8, 50]
[1, 7, 50]
[8, 50, 55]
[1, 27, 50]
[42, 50, 55]
[19, 50, 55]
[13, 50, 55]
[1, 13, 50]
[13, 42, 50]
[30, 50, 55]
[8, 13, 50]
[27, 50, 55]
[0, 13, 50]
[47, 50, 55]
[1, 36, 55]
[1, 36, 53]
[7, 36, 53]
[1, 53, 54]
[7, 53, 54]
[10, 16, 37]
[10, 37, 42]
[7, 10, 37]
[3, 10, 37]
[10, 26, 37]
[10, 24, 37]
[10, 37, 46]
[10, 20, 37]
[10, 26, 58]
[10, 26, 42]
[10, 28, 29]
[10, 28, 58]
[10, 20, 31]
[10, 20, 24]
[10, 15, 20]
[3, 10, 20]
[10, 20, 46]
[10, 20, 44]
[10, 15, 24]
[10, 24, 52]
[10, 43, 52]
[10, 29, 43]
[10, 42, 43]
[6, 10, 43]
[10, 22, 43]
[10, 43, 44]
[10, 37, 43]
[10, 43, 45]
[10, 12, 43]
[10, 41, 43]
[7, 10, 15]
[3, 10, 15]
[3, 10, 24]
[14, 29, 43]
[14, 42, 43]
[1, 14, 43]
[14, 43, 52]
[14, 18, 43]
[14, 43, 54]
[14, 43, 44]
[14, 23, 43]
[0, 14, 43]
[14, 37, 43]
[17, 18, 43]
[17, 42, 43]
[1, 17, 43]
[1, 29, 43]
[7, 10, 31]
[13, 17, 48]
[1, 17, 48]
[10, 31, 58]
[14, 16, 58]
[7, 36, 57]
[20, 25, 56]
[25, 29, 56]
[25, 26, 56]
[25, 26, 61]
[3, 25, 61]
[25, 29, 61]
[9, 25, 61]
[15, 25, 61]
[25, 29, 43]
[25, 26, 64]
[1, 25, 43]
[1, 3, 25]
[1, 25, 29]
[9, 25, 53]
[25, 29, 45]
[25, 26, 45]
[25, 43, 45]
[9, 31, 53]
[1, 31, 53]
[13, 15, 55]
[15, 55, 58]
[8, 13, 15]
[15, 52, 55]
[8, 15, 55]
[15, 55, 61]
[15, 17, 55]
[15, 55, 63]
[15, 30, 55]
[25, 53, 62]
[24, 25, 62]
[25, 26, 62]
[25, 43, 62]
[25, 42, 62]
[1, 25, 62]
[25, 52, 62]
[25, 46, 62]
[25, 34, 62]
[23, 25, 62]
[20, 25, 62]
[0, 25, 62]
[25, 49, 62]
[24, 52, 62]
[20, 24, 62]
[20, 26, 62]
[20, 26, 35]
[3, 20, 35]
[8, 13, 55]
[8, 42, 55]
[9, 29, 55]
[9, 13, 55]
[8, 9, 55]
[9, 16, 55]
[1, 8, 55]
[13, 42, 55]
[1, 29, 55]
[1, 13, 55]
[13, 30, 55]
[29, 30, 55]
[30, 55, 64]
[30, 55, 61]
[17, 30, 55]
[30, 55, 58]
[40, 55, 63]
[9, 55, 63]
[42, 55, 64]
[16, 55, 64]
[13, 55, 61]
[29, 55, 61]
[8, 55, 61]
[9, 55, 61]
[13, 17, 55]
[17, 42, 55]
[1, 17, 55]
[17, 55, 64]
[40, 55, 61]
[40, 55, 64]
[9, 40, 55]
[9, 14, 55]
[9, 14, 53]
[9, 14, 54]
[10, 26, 31]
[3, 10, 31]
[10, 16, 31]
[10, 16, 35]
[11, 12, 64]
[17, 18, 58]
[17, 26, 58]
[17, 44, 58]
[6, 17, 58]
[17, 21, 58]
[17, 38, 58]
[29, 49, 58]
[29, 46, 58]
[29, 44, 58]
[46, 53, 58]
[23, 53, 58]
[24, 46, 58]
[18, 46, 58]
[20, 26, 56]
[3, 20, 56]
[20, 24, 56]
[20, 54, 56]
[20, 46, 56]
[20, 44, 56]
[26, 54, 56]
[3, 54, 56]
[23, 54, 56]
[23, 24, 56]
[23, 46, 56]
[24, 54, 56]
[12, 26, 56]
[12, 24, 56]
[13, 39, 43]
[13, 18, 39]
[37, 39, 63]
[39, 43, 63]
[3, 39, 63]
[18, 39, 63]
[39, 46, 63]
[34, 39, 63]
[39, 49, 63]
[39, 53, 63]
[25, 39, 63]
[5, 39, 63]
[39, 60, 63]
[32, 39, 63]
[37, 43, 63]
[7, 37, 63]
[7, 40, 63]
[3, 40, 63]
[11, 40, 63]
[40, 51, 63]
[40, 49, 63]
[25, 40, 63]
[21, 40, 63]
[40, 48, 63]
[9, 40, 63]
[34, 60, 63]
[7, 60, 63]
[51, 60, 63]
[25, 60, 63]
[11, 60, 63]
[46, 53, 63]
[10, 31, 46]
[16, 18, 64]
[16, 59, 64]
[27, 46, 56]
[23, 27, 56]
[0, 27, 56]
[25, 27, 56]
[27, 29, 56]
[1, 27, 56]
[27, 52, 56]
[27, 48, 56]
[27, 29, 46]
[25, 27, 29]
[21, 63, 64]
[11, 63, 64]
[51, 63, 64]
[18, 63, 64]
[26, 63, 64]
[49, 63, 64]
[53, 63, 64]
[25, 63, 64]
[5, 63, 64]
[32, 63, 64]
[17, 63, 64]
[40, 63, 64]
[18, 42, 64]
[23, 42, 64]
[3, 47, 56]
[47, 54, 56]
[20, 47, 56]
[47, 56, 60]
[2, 47, 56]
[29, 47, 56]
[47, 52, 56]
[39, 42, 47]
[41, 43, 47]
[24, 41, 47]
[41, 47, 54]
[34, 41, 47]
[41, 47, 51]
[41, 47, 53]
[5, 41, 47]
[3, 24, 47]
[3, 47, 54]
[43, 47, 54]
[24, 47, 54]
[34, 47, 54]
[3, 20, 47]
[20, 24, 47]
[20, 47, 54]
[20, 34, 47]
[22, 47, 63]
[5, 22, 47]
[22, 37, 47]
[3, 22, 47]
[10, 22, 48]
[22, 61, 63]
[10, 22, 42]
[10, 22, 46]
[22, 46, 63]
[22, 26, 63]
[3, 22, 63]
[22, 49, 63]
[9, 22, 63]
[22, 43, 63]
[22, 26, 42]
[3, 22, 42]
[22, 42, 46]
[22, 23, 42]
[0, 22, 42]
[0, 22, 26]
[26, 28, 58]
[18, 28, 58]
[28, 48, 61]
[28, 29, 61]
[28, 54, 61]
[26, 28, 61]
[7, 28, 61]
[3, 28, 61]
[21, 28, 61]
[9, 28, 61]
[28, 60, 61]
[28, 61, 62]
[25, 28, 61]
[5, 28, 61]
[27, 28, 61]
[13, 28, 61]
[28, 39, 61]
[2, 28, 61]
[7, 61, 63]
[3, 61, 63]
[26, 61, 63]
[32, 61, 63]
[21, 61, 63]
[9, 61, 63]
[7, 54, 61]
[20, 26, 61]
[17, 18, 26]
[6, 17, 18]
[17, 18, 34]
[1, 17, 18]
[17, 18, 64]
[17, 18, 42]
[17, 18, 36]
[17, 18, 21]
[17, 18, 59]
[6, 17, 38]
[17, 34, 38]
[17, 21, 38]
[1, 6, 17]
[17, 26, 64]
[17, 42, 64]
[17, 26, 42]
[26, 45, 62]
[11, 45, 62]
[45, 46, 62]
[24, 45, 62]
[10, 45, 46]
[34, 45, 62]
[45, 54, 62]
[45, 49, 62]
[23, 45, 62]
[36, 45, 62]
[43, 45, 62]
[45, 59, 62]
[5, 45, 62]
[37, 45, 62]
[45, 60, 62]
[29, 43, 45]
[43, 45, 54]
[23, 43, 45]
[29, 45, 58]
[45, 46, 58]
[45, 46, 57]
[16, 45, 57]
[34, 45, 48]
[45, 46, 48]
[21, 45, 46]
[21, 34, 45]
[7, 21, 38]
[21, 34, 38]
[24, 36, 45]
[36, 45, 46]
[21, 36, 45]
[21, 23, 45]
[21, 26, 45]
[21, 29, 45]
[27, 29, 45]
[27, 45, 46]
[2, 7, 8]
[2, 8, 11]
[2, 8, 9]
[2, 8, 54]
[2, 8, 23]
[2, 6, 8]
[2, 8, 42]
[2, 8, 57]
[2, 5, 8]
[2, 8, 35]
[2, 8, 48]
[2, 9, 56]
[2, 9, 46]
[2, 9, 16]
[2, 46, 56]
[2, 24, 56]
[2, 11, 46]
[2, 11, 24]
[2, 46, 57]
[2, 56, 57]
[2, 5, 58]
[2, 5, 11]
[2, 5, 24]
[2, 5, 46]
[2, 5, 26]
[2, 5, 64]
[2, 5, 54]
[2, 5, 6]
[2, 5, 59]
[2, 57, 58]
[2, 16, 57]
[2, 57, 64]
[2, 54, 57]
[2, 44, 57]
[2, 23, 57]
[2, 46, 58]
[2, 5, 13]
[2, 5, 51]
[2, 5, 48]
[2, 5, 61]
[5, 24, 38]
[8, 14, 38]
[2, 42, 43]
[2, 43, 54]
[2, 6, 43]
[2, 23, 43]
[2, 43, 44]
[2, 7, 23]
[2, 23, 56]
[2, 9, 23]
[2, 23, 64]
[2, 23, 54]
[2, 16, 64]
[2, 6, 51]
[17, 18, 39]
[15, 17, 21]
[17, 21, 36]
[18, 21, 36]
[3, 18, 36]
[3, 15, 56]
[3, 11, 15]
[4, 17, 18]
[4, 17, 21]
[17, 36, 62]
[17, 34, 36]
[1, 17, 36]
[17, 21, 34]
[17, 34, 62]
[1, 17, 62]
[1, 17, 21]
[17, 62, 64]
[17, 21, 64]
[6, 17, 62]
[17, 42, 62]
[6, 17, 42]
[17, 38, 39]
[17, 18, 51]
[15, 17, 51]
[17, 43, 44]
[6, 17, 43]
[17, 38, 43]
[17, 43, 62]
[17, 39, 43]
[29, 43, 44]
[6, 29, 43]
[1, 6, 43]
[1, 43, 54]
[14, 43, 45]
[6, 42, 43]
[6, 38, 43]
[38, 43, 52]
[37, 38, 43]
[37, 43, 52]
[23, 43, 52]
[23, 43, 54]
[37, 43, 54]
[6, 23, 43]
[37, 42, 43]
[37, 43, 45]
[23, 42, 43]
[33, 43, 54]
[1, 33, 43]
[10, 33, 55]
[27, 33, 55]
[33, 55, 57]
[15, 33, 55]
[33, 55, 64]
[29, 33, 55]
[8, 33, 55]
[33, 50, 55]
[33, 40, 55]
[1, 33, 55]
[17, 33, 55]
[17, 33, 64]
[15, 17, 33]
[6, 17, 33]
[6, 33, 56]
[6, 7, 33]
[6, 24, 33]
[6, 33, 40]
[1, 6, 33]
[6, 33, 60]
[17, 26, 33]
[17, 18, 33]
[17, 33, 48]
[10, 20, 33]
[15, 20, 33]
[20, 33, 64]
[11, 20, 33]
[20, 33, 50]
[20, 33, 56]
[20, 33, 54]
[11, 15, 33]
[11, 33, 64]
[8, 11, 33]
[15, 33, 57]
[33, 57, 64]
[8, 33, 57]
[8, 33, 50]
[15, 33, 59]
[33, 59, 64]
[11, 33, 59]
[33, 50, 59]
[15, 33, 56]
[33, 56, 57]
[15, 33, 54]
[8, 33, 54]
[7, 15, 33]
[7, 11, 33]
[7, 33, 57]
[7, 33, 50]
[33, 54, 57]
[33, 50, 54]
[32, 33, 59]
[10, 33, 60]
[9, 14, 16]
[14, 16, 53]
[10, 26, 33]
[26, 33, 56]
[18, 26, 33]
[12, 26, 33]
[26, 33, 41]
[26, 33, 63]
[22, 26, 33]
[2, 26, 33]
[26, 33, 64]
[26, 31, 33]
[32, 33, 57]
[32, 33, 64]
[7, 10, 33]
[10, 12, 33]
[20, 26, 33]
[10, 33, 41]
[29, 33, 56]
[1, 29, 33]
[29, 33, 59]
[29, 33, 60]
[29, 33, 41]
[26, 33, 54]
[14, 26, 30]
[5, 26, 30]
[30, 34, 50]
[30, 34, 38]
[5, 11, 30]
[5, 30, 50]
[5, 30, 53]
[5, 14, 52]
[5, 14, 53]
[5, 11, 53]
[5, 8, 11]
[5, 14, 26]
[14, 26, 42]
[19, 26, 42]
[5, 26, 61]
[14, 26, 61]
[26, 30, 61]
[14, 26, 35]
[19, 26, 35]
[26, 35, 61]
[14, 25, 26]
[14, 26, 37]
[26, 37, 42]
[19, 26, 37]
[26, 30, 37]
[5, 26, 49]
[14, 26, 49]
[25, 26, 49]
[5, 22, 26]
[39, 42, 43]
[39, 43, 44]
[13, 43, 44]
[4, 13, 43]
[12, 38, 43]
[6, 12, 43]
[19, 38, 43]
[24, 38, 52]
[1, 11, 36]
[1, 3, 36]
[1, 21, 36]
[1, 11, 21]
[5, 13, 26]
[11, 38, 53]
[9, 27, 61]
[15, 27, 61]
[11, 53, 64]
[19, 42, 64]
[11, 25, 44]
[11, 25, 53]
[17, 26, 63]
[4, 17, 43]
[17, 32, 43]
[17, 43, 63]
[17, 30, 60]
[15, 17, 60]
[17, 34, 60]
[15, 17, 30]
[17, 30, 38]
[17, 30, 34]
[7, 27, 61]
[17, 38, 59]
[17, 44, 59]
[17, 36, 59]
[47, 50, 54]
[15, 47, 54]
[47, 53, 54]
[35, 47, 54]
[5, 47, 54]
[5, 15, 47]
[5, 47, 53]
[15, 17, 59]
[17, 42, 59]
[15, 17, 58]
[1, 17, 33]
[17, 33, 50]
[17, 32, 59]
[15, 17, 32]
[17, 21, 32]
[6, 17, 32]
[4, 17, 32]
[17, 21, 30]
[17, 36, 55]
[1, 13, 17]
[13, 17, 38]
[17, 32, 63]
[17, 38, 63]
[17, 18, 63]
[15, 17, 63]
[17, 34, 63]
[17, 58, 63]
[17, 55, 63]
[17, 60, 63]
[17, 62, 63]
[17, 21, 63]
[17, 48, 63]
[17, 33, 63]
[17, 51, 63]
[17, 39, 63]
[6, 17, 36]
[6, 17, 60]
[13, 17, 44]
[13, 17, 42]
[13, 17, 18]
[13, 15, 17]
[13, 17, 43]
[13, 17, 30]
[6, 13, 17]
[13, 17, 32]
[17, 26, 62]
[17, 21, 26]
[0, 17, 26]
[4, 17, 62]
[17, 38, 48]
[10, 41, 44]
[10, 16, 41]
[1, 36, 41]
[1, 20, 36]
[16, 36, 45]
[11, 36, 45]
[1, 18, 43]
[1, 41, 43]
[1, 28, 50]
[1, 18, 28]
[1, 11, 18]
[1, 3, 18]
[1, 18, 54]
[1, 18, 27]
[1, 11, 28]
[1, 3, 28]
[1, 8, 28]
[1, 7, 28]
[1, 28, 49]
[1, 28, 54]
[1, 28, 31]
[1, 27, 28]
[1, 11, 53]
[1, 7, 53]
[1, 11, 49]
[1, 7, 49]
[1, 3, 20]
[1, 11, 20]
[1, 20, 49]
[1, 8, 54]
[1, 3, 54]
[11, 12, 38]
[12, 16, 38]
[8, 12, 38]
[12, 38, 49]
[12, 38, 53]
[12, 38, 52]
[12, 35, 38]
[12, 38, 56]
[7, 11, 38]
[7, 8, 38]
[10, 23, 24]
[10, 31, 40]
[10, 19, 31]
[9, 31, 36]
[19, 31, 36]
[19, 37, 38]
[16, 37, 38]
[27, 40, 61]
[27, 35, 61]
[5, 27, 61]
[9, 27, 36]
[19, 27, 36]
[16, 27, 36]
[27, 36, 46]
[7, 27, 36]
[27, 36, 40]
[27, 36, 52]
[27, 35, 36]
[3, 31, 36]
[16, 31, 36]
[31, 36, 46]
[7, 31, 36]
[24, 31, 36]
[31, 36, 40]
[31, 36, 53]
[20, 31, 36]
[20, 24, 36]
[11, 24, 36]
[3, 24, 36]
[7, 11, 36]
[7, 8, 36]
[8, 11, 36]
[8, 9, 36]
[3, 11, 36]
[3, 9, 36]
[9, 16, 36]
[16, 19, 36]
[9, 36, 46]
[19, 36, 46]
[11, 36, 46]
[26, 42, 56]
[10, 47, 52]
[10, 35, 47]
[10, 20, 47]
[35, 47, 56]
[47, 52, 53]
[24, 47, 52]
[25, 40, 61]
[25, 27, 61]
[20, 25, 61]
[3, 20, 25]
[11, 20, 25]
[20, 25, 46]
[20, 25, 49]
[20, 25, 44]
[20, 24, 25]
[3, 24, 25]
[11, 24, 25]
[24, 25, 46]
[24, 25, 49]
[23, 24, 25]
[23, 25, 46]
[23, 25, 49]
[23, 25, 53]
[25, 46, 53]
[11, 25, 46]
[3, 11, 25]
[11, 25, 49]
[25, 46, 49]
[25, 28, 49]
[3, 25, 28]
[11, 25, 28]
[25, 28, 46]
[25, 28, 44]
[23, 25, 28]
[23, 25, 52]
[25, 52, 53]
[25, 49, 52]
[24, 25, 52]
[25, 52, 56]
[3, 25, 56]
[25, 46, 56]
[25, 44, 56]
[23, 25, 56]
[24, 25, 56]
[9, 25, 56]
[3, 9, 25]
[9, 25, 46]
[9, 23, 25]
[9, 25, 28]
[9, 25, 40]
[3, 25, 40]
[11, 25, 40]
[25, 40, 49]
[25, 40, 44]
[23, 25, 40]
[25, 40, 56]
[25, 27, 40]
[25, 27, 46]
[23, 25, 27]
[25, 27, 28]
[25, 27, 52]
[9, 25, 27]
[9, 25, 29]
[25, 29, 46]
[25, 29, 49]
[25, 29, 44]
[25, 28, 29]
[25, 29, 41]
[6, 25, 29]
[25, 29, 60]
[11, 25, 60]
[25, 60, 61]
[23, 25, 60]
[25, 28, 60]
[25, 52, 60]
[25, 56, 60]
[25, 45, 60]
[20, 25, 60]
[15, 25, 60]
[25, 34, 60]
[9, 25, 60]
[6, 25, 60]
[4, 25, 60]
[4, 25, 42]
[4, 11, 25]
[4, 25, 53]
[4, 25, 61]
[4, 25, 46]
[4, 25, 49]
[4, 25, 44]
[4, 25, 45]
[4, 20, 25]
[4, 25, 34]
[4, 9, 25]
[4, 6, 25]
[4, 25, 43]
[4, 25, 48]
[25, 48, 53]
[25, 48, 61]
[25, 46, 48]
[25, 48, 49]
[23, 25, 48]
[25, 28, 48]
[24, 25, 48]
[25, 48, 52]
[25, 48, 56]
[25, 40, 48]
[25, 45, 48]
[25, 27, 48]
[25, 34, 48]
[25, 48, 50]
[25, 42, 50]
[25, 28, 50]
[25, 27, 50]
[25, 36, 50]
[25, 34, 50]
[25, 34, 52]
[25, 34, 45]
[20, 25, 34]
[25, 34, 36]
[3, 25, 36]
[11, 25, 36]
[25, 36, 53]
[25, 36, 46]
[24, 25, 36]
[25, 36, 52]
[25, 36, 40]
[25, 36, 45]
[20, 25, 36]
[25, 27, 36]
[25, 27, 45]
[11, 25, 45]
[25, 45, 46]
[25, 45, 49]
[23, 25, 45]
[25, 28, 45]
[24, 25, 45]
[3, 15, 25]
[11, 15, 25]
[15, 25, 27]
[15, 25, 49]
[15, 25, 52]
[15, 25, 56]
[1, 6, 25]
[18, 34, 52]
[18, 43, 52]
[18, 24, 52]
[16, 18, 58]
[4, 18, 34]
[3, 6, 18]
[6, 18, 58]
[6, 18, 43]
[1, 6, 18]
[4, 6, 18]
[1, 25, 53]
[3, 18, 24]
[18, 24, 58]
[13, 18, 43]
[4, 12, 55]
[4, 12, 16]
[15, 22, 55]
[16, 22, 55]
[10, 29, 44]
[29, 45, 55]
[16, 45, 55]
[45, 55, 58]
[13, 45, 55]
[29, 32, 45]
[16, 32, 45]
[15, 20, 49]
[7, 15, 49]
[15, 16, 49]
[15, 47, 55]
[29, 47, 55]
[9, 32, 53]
[9, 16, 32]
[16, 38, 49]
[7, 38, 49]
[38, 49, 58]
[16, 49, 58]
[15, 49, 58]
[1, 29, 49]
[13, 38, 49]
[13, 15, 49]
[1, 13, 49]
[40, 49, 64]
[16, 49, 64]
[16, 45, 49]
[29, 45, 49]
[45, 49, 58]
[12, 16, 49]
[12, 49, 64]
[25, 49, 64]
[11, 49, 64]
[26, 49, 64]
[49, 57, 64]
[6, 9, 40]
[6, 40, 58]
[6, 7, 40]
[6, 29, 60]
[6, 7, 60]
[6, 60, 62]
[1, 6, 62]
[6, 43, 62]
[6, 7, 62]
[6, 12, 62]
[6, 25, 62]
[4, 6, 62]
[6, 24, 62]
[43, 47, 62]
[47, 53, 62]
[34, 47, 62]
[34, 47, 60]
[29, 47, 60]
[60, 61, 62]
[47, 60, 62]
[34, 60, 62]
[7, 60, 62]
[17, 60, 62]
[55, 61, 62]
[47, 55, 62]
[7, 34, 62]
[6, 13, 38]
[6, 13, 43]
[6, 18, 24]
[6, 18, 42]
[3, 6, 24]
[6, 9, 56]
[6, 9, 60]
[3, 6, 56]
[6, 29, 56]
[6, 56, 60]
[6, 12, 56]
[6, 7, 36]
[3, 6, 36]
[6, 25, 43]
[45, 57, 58]
[37, 45, 57]
[16, 37, 57]
[7, 37, 57]
[3, 37, 57]
[37, 47, 57]
[8, 14, 57]
[14, 30, 57]
[14, 55, 57]
[13, 14, 57]
[14, 54, 57]
[0, 14, 57]
[14, 25, 29]
[16, 31, 57]
[31, 57, 58]
[14, 41, 43]
[5, 14, 58]
[5, 14, 45]
[5, 14, 46]
[5, 14, 41]
[5, 14, 38]
[5, 14, 59]
[5, 14, 22]
[5, 14, 64]
[5, 14, 61]
[5, 14, 24]
[14, 38, 43]
[14, 20, 35]
[14, 16, 35]
[3, 14, 35]
[14, 35, 44]
[14, 35, 45]
[14, 35, 41]
[14, 35, 53]
[14, 35, 64]
[14, 35, 61]
[6, 14, 35]
[14, 23, 35]
[14, 35, 58]
[14, 35, 59]
[8, 14, 35]
[14, 27, 35]
[14, 30, 35]
[14, 46, 49]
[14, 16, 49]
[14, 29, 49]
[7, 14, 49]
[14, 25, 49]
[1, 14, 49]
[14, 20, 49]
[14, 49, 64]
[14, 49, 52]
[14, 22, 49]
[14, 45, 49]
[14, 23, 49]
[14, 49, 58]
[14, 49, 54]
[5, 14, 49]
[14, 29, 55]
[14, 16, 55]
[1, 14, 55]
[14, 42, 55]
[14, 55, 64]
[14, 55, 61]
[14, 52, 55]
[14, 55, 58]
[14, 22, 55]
[8, 14, 55]
[14, 27, 55]
[9, 14, 29]
[3, 9, 14]
[8, 9, 14]
[7, 8, 14]
[1, 8, 14]
[8, 14, 42]
[8, 14, 61]
[6, 8, 14]
[8, 14, 23]
[14, 20, 44]
[11, 15, 21]
[7, 11, 21]
[21, 34, 50]
[7, 21, 34]
[7, 15, 21]
[7, 21, 50]
[7, 33, 60]
[1, 7, 33]
[1, 33, 50]
[1, 11, 33]
[1, 20, 33]
[1, 33, 56]
[1, 31, 33]
[33, 40, 57]
[10, 33, 40]
[46, 49, 63]
[25, 49, 63]
[11, 49, 63]
[7, 49, 63]
[15, 49, 63]
[49, 57, 63]
[1, 25, 49]
[7, 11, 49]
[11, 15, 49]
[1, 28, 29]
[1, 11, 25]
[3, 18, 35]
[18, 34, 35]
[7, 11, 15]
[7, 11, 53]
[7, 34, 52]
[34, 47, 52]
[34, 38, 52]
[7, 38, 52]
[19, 38, 52]
[16, 35, 38]
[34, 35, 38]
[2, 35, 57]
[35, 44, 57]
[16, 35, 57]
[16, 35, 41]
[34, 35, 41]
[35, 41, 44]
[35, 41, 47]
[10, 35, 41]
[35, 41, 53]
[34, 41, 50]
[7, 34, 41]
[7, 41, 50]
[19, 35, 38]
[16, 35, 36]
[16, 35, 64]
[19, 35, 64]
[35, 57, 64]
[16, 57, 64]
[1, 20, 31]
[1, 20, 25]
[3, 35, 57]
[19, 57, 64]
[47, 57, 63]
[7, 57, 63]
[29, 32, 43]
[32, 43, 63]
[43, 47, 63]
[5, 8, 31]
[8, 31, 57]
[3, 31, 57]
[7, 31, 57]
[31, 44, 57]
[19, 31, 57]
[31, 46, 57]
[31, 57, 64]
[10, 31, 44]
[31, 34, 50]
[7, 31, 34]
[5, 28, 31]
[25, 43, 44]
[6, 9, 25]
[3, 6, 25]
[6, 25, 40]
[9, 14, 25]
[14, 25, 44]
[25, 40, 64]
[11, 25, 64]
[6, 25, 56]
[6, 23, 25]
[6, 24, 25]
[6, 25, 28]
[6, 35, 60]
[6, 9, 14]
[6, 29, 32]
[6, 10, 60]
[2, 6, 10]
[6, 10, 40]
[6, 7, 8]
[6, 8, 42]
[2, 6, 42]
[2, 6, 60]
[5, 6, 8]
[5, 6, 58]
[2, 6, 35]
[6, 8, 35]
[4, 6, 60]
[2, 6, 32]
[4, 6, 17]
[4, 6, 9]
[4, 6, 42]
[14, 16, 22]
[22, 26, 62]
[26, 37, 62]
[26, 61, 62]
[26, 62, 64]
[26, 42, 62]
[26, 49, 62]
[37, 62, 63]
[46, 62, 63]
[34, 62, 63]
[7, 62, 63]
[52, 62, 63]
[47, 62, 63]
[55, 62, 63]
[22, 62, 63]
[11, 62, 63]
[61, 62, 63]
[37, 46, 62]
[7, 37, 62]
[7, 52, 62]
[34, 52, 62]
[1, 53, 62]
[1, 18, 48]
[1, 3, 31]
[1, 7, 31]
[1, 31, 48]
[1, 48, 53]
[1, 27, 48]
[1, 27, 29]
[1, 7, 27]
[1, 8, 48]
[44, 57, 58]
[15, 57, 58]
[16, 57, 58]
[46, 57, 58]
[47, 57, 58]
[18, 46, 59]
[46, 51, 59]
[15, 51, 59]
[50, 51, 59]
[3, 51, 59]
[9, 51, 59]
[51, 52, 59]
[17, 51, 59]
[19, 51, 59]
[37, 51, 59]
[2, 51, 59]
[9, 46, 51]
[3, 9, 51]
[5, 24, 51]
[24, 46, 51]
[15, 24, 51]
[3, 24, 51]
[24, 50, 51]
[24, 51, 52]
[24, 47, 51]
[5, 24, 46]
[5, 24, 50]
[5, 15, 24]
[5, 26, 62]
[5, 6, 62]
[5, 6, 38]
[6, 7, 38]
[18, 26, 51]
[3, 18, 51]
[16, 19, 35]
[19, 34, 35]
[19, 35, 44]
[8, 35, 36]
[8, 35, 57]
[8, 12, 35]
[16, 35, 45]
[11, 33, 51]
[26, 33, 51]
[7, 33, 51]
[17, 33, 51]
[33, 50, 51]
[33, 51, 64]
[15, 33, 51]
[33, 51, 60]
[20, 33, 51]
[33, 51, 63]
[24, 33, 51]
[6, 33, 51]
[33, 45, 51]
[2, 33, 51]
[33, 40, 51]
[31, 33, 51]
[33, 51, 59]
[33, 51, 54]
[33, 43, 51]
[18, 33, 51]
[27, 33, 51]
[1, 33, 51]
[13, 33, 51]
[31, 33, 50]
[7, 31, 33]
[20, 31, 33]
[11, 33, 45]
[17, 32, 33]
[28, 37, 45]
[28, 45, 49]
[7, 49, 52]
[5, 49, 52]
[12, 49, 52]
[5, 11, 49]
[5, 15, 49]
[15, 49, 52]
[5, 38, 49]
[11, 38, 49]
[38, 49, 52]
[5, 30, 38]
[7, 34, 38]
[6, 38, 56]
[6, 42, 56]
[34, 48, 50]
[5, 48, 50]
[5, 48, 63]
[34, 48, 63]
[21, 34, 63]
[21, 26, 63]
[7, 21, 63]
[9, 21, 63]
[21, 38, 63]
[11, 21, 63]
[15, 21, 63]
[21, 32, 63]
[21, 46, 63]
[9, 21, 32]
[9, 21, 61]
[21, 26, 61]
[21, 29, 61]
[7, 21, 61]
[21, 30, 61]
[12, 21, 61]
[9, 21, 29]
[21, 29, 30]
[12, 55, 61]
[20, 21, 61]
[3, 20, 61]
[5, 24, 61]
[5, 24, 49]
[45, 49, 57]
[30, 45, 57]
[5, 45, 59]
[29, 45, 59]
[5, 53, 59]
[38, 53, 59]
[9, 53, 59]
[11, 53, 59]
[52, 53, 59]
[14, 53, 59]
[53, 59, 64]
[23, 53, 59]
[32, 53, 59]
[46, 53, 59]
[36, 53, 59]
[9, 23, 53]
[9, 23, 59]
[23, 52, 59]
[14, 23, 59]
[23, 49, 52]
[7, 23, 49]
[9, 21, 23]
[7, 21, 23]
[25, 26, 41]
[25, 41, 44]
[9, 25, 41]
[25, 34, 41]
[25, 41, 52]
[21, 34, 41]
[9, 23, 41]
[7, 23, 41]
[7, 33, 41]
[33, 41, 50]
[1, 33, 41]
[33, 40, 41]
[33, 41, 59]
[33, 41, 54]
[33, 41, 43]
[22, 33, 41]
[33, 41, 62]
[33, 41, 51]
[0, 33, 41]
[33, 39, 41]
[24, 33, 41]
[31, 33, 41]
[13, 33, 41]
[32, 33, 45]
[29, 33, 45]
[11, 45, 51]
[11, 15, 51]
[15, 47, 51]
[3, 15, 51]
[15, 21, 51]
[7, 15, 51]
[15, 30, 51]
[5, 15, 51]
[15, 51, 52]
[15, 25, 51]
[21, 50, 51]
[7, 50, 51]
[41, 50, 51]
[41, 51, 52]
[9, 41, 51]
[21, 41, 51]
[7, 41, 51]
[26, 41, 51]
[5, 41, 51]
[25, 41, 51]
[23, 41, 51]
[36, 41, 51]
[40, 41, 51]
[41, 51, 59]
[41, 51, 54]
[41, 43, 51]
[1, 41, 51]
[21, 40, 41]
[7, 40, 41]
[9, 40, 41]
[40, 41, 44]
[18, 26, 28]
[18, 21, 28]
[18, 21, 35]
[18, 26, 35]
[18, 35, 64]
[14, 18, 35]
[18, 35, 57]
[6, 18, 35]
[18, 35, 59]
[18, 35, 58]
[16, 18, 35]
[18, 19, 35]
[18, 27, 35]
[18, 35, 54]
[18, 35, 48]
[18, 35, 36]
[20, 35, 47]
[3, 35, 47]
[3, 35, 61]
[1, 20, 62]
[1, 7, 62]
[1, 11, 62]
[1, 49, 62]
[1, 28, 62]
[1, 55, 62]
[1, 43, 62]
[1, 22, 62]
[1, 3, 22]
[1, 22, 49]
[1, 22, 43]
[1, 22, 55]
[1, 25, 28]
[1, 29, 56]
[1, 28, 55]
[1, 3, 56]
[1, 25, 56]
[1, 20, 56]
[5, 62, 63]
[25, 62, 63]
[11, 45, 49]
[26, 45, 49]
[23, 30, 45]
[23, 45, 49]
[29, 45, 46]
[11, 45, 46]
[45, 46, 49]
[11, 30, 38]
[11, 12, 49]
[10, 26, 35]
[3, 10, 35]
[10, 35, 44]
[10, 12, 35]
[10, 20, 35]
[10, 35, 40]
[10, 35, 60]
[30, 35, 61]
[12, 35, 61]
[26, 35, 64]
[23, 35, 64]
[20, 35, 64]
[35, 40, 64]
[35, 53, 64]
[35, 59, 64]
[2, 35, 64]
[26, 35, 45]
[23, 35, 45]
[10, 28, 31]
[10, 15, 27]
[10, 27, 32]
[27, 32, 61]
[27, 29, 32]
[9, 27, 29]
[1, 25, 27]
[7, 27, 50]
[7, 27, 52]
[9, 23, 27]
[7, 23, 27]
[15, 27, 52]
[7, 15, 27]
[15, 27, 32]
[15, 27, 56]
[5, 15, 27]
[23, 27, 52]
[9, 27, 32]
[27, 32, 52]
[27, 32, 46]
[23, 27, 46]
[15, 27, 63]
[27, 61, 63]
[25, 27, 63]
[7, 27, 63]
[9, 27, 63]
[27, 52, 63]
[27, 32, 63]
[27, 46, 63]
[27, 40, 63]
[5, 27, 63]
[27, 37, 63]
[27, 55, 63]
[27, 33, 63]
[27, 51, 63]
[22, 27, 63]
[9, 27, 46]
[16, 18, 27]
[14, 18, 27]
[18, 27, 46]
[18, 27, 52]
[18, 27, 28]
[18, 19, 27]
[18, 27, 33]
[18, 27, 51]
[18, 27, 63]
[18, 27, 58]
[18, 27, 39]
[18, 27, 48]
[18, 27, 36]
[23, 27, 45]
[27, 32, 45]
[5, 45, 49]
[15, 30, 56]
[8, 9, 28]
[8, 11, 28]
[7, 8, 28]
[3, 11, 28]
[7, 11, 28]
[11, 28, 45]
[26, 28, 45]
[28, 29, 45]
[9, 28, 29]
[3, 9, 28]
[28, 29, 44]
[15, 47, 52]
[15, 20, 25]
[15, 32, 52]
[7, 15, 61]
[3, 15, 61]
[15, 30, 61]
[7, 34, 50]
[7, 34, 63]
[34, 47, 63]
[3, 11, 63]
[7, 11, 63]
[3, 6, 14]
[6, 7, 14]
[6, 14, 42]
[6, 14, 29]
[6, 14, 25]
[14, 16, 64]
[14, 16, 37]
[14, 16, 59]
[9, 14, 61]
[3, 14, 61]
[3, 14, 42]
[14, 29, 30]
[11, 12, 33]
[11, 33, 60]
[10, 19, 26]
[10, 27, 55]
[10, 16, 55]
[12, 16, 55]
[19, 55, 64]
[12, 55, 64]
[42, 47, 55]
[19, 42, 55]
[19, 29, 55]
[10, 19, 55]
[10, 42, 55]
[10, 29, 55]
[10, 15, 55]
[10, 47, 55]
[2, 32, 61]
[2, 9, 32]
[25, 53, 64]
[25, 39, 53]
[30, 39, 53]
[9, 39, 53]
[38, 39, 53]
[39, 47, 53]
[32, 39, 53]
[17, 32, 39]
[9, 32, 39]
[15, 32, 39]
[3, 15, 39]
[15, 17, 39]
[15, 30, 39]
[15, 19, 39]
[19, 39, 42]
[19, 39, 50]
[19, 39, 44]
[19, 34, 39]
[17, 34, 39]
[34, 39, 50]
[30, 34, 39]
[17, 30, 39]
[30, 39, 50]
[39, 42, 50]
[3, 39, 42]
[17, 39, 42]
[17, 39, 44]
[3, 9, 39]
[9, 25, 39]
[25, 39, 42]
[3, 25, 39]
[25, 39, 50]
[25, 39, 44]
[25, 34, 39]
[15, 25, 39]
[30, 38, 39]
[34, 38, 39]
[19, 38, 39]
[3, 39, 47]
[34, 39, 47]
[15, 39, 47]
[39, 43, 47]
[19, 39, 43]
[25, 39, 43]
[38, 39, 43]
[32, 39, 43]
[33, 39, 43]
[17, 33, 39]
[33, 39, 50]
[15, 33, 39]
[32, 33, 39]
[32, 39, 61]
[3, 39, 61]
[9, 39, 61]
[30, 39, 61]
[15, 39, 61]
[25, 39, 61]
[0, 25, 39]
[0, 39, 42]
[0, 3, 39]
[0, 17, 39]
[0, 39, 50]
[0, 39, 44]
[0, 9, 39]
[0, 19, 39]
[0, 38, 39]
[0, 32, 39]
[0, 39, 43]
[0, 33, 39]
[0, 6, 39]
[6, 39, 42]
[3, 6, 39]
[6, 17, 39]
[6, 9, 39]
[6, 25, 39]
[6, 38, 39]
[6, 32, 39]
[6, 39, 43]
[6, 33, 39]
[20, 33, 39]
[3, 20, 39]
[20, 39, 50]
[20, 39, 44]
[20, 34, 39]
[15, 20, 39]
[20, 25, 39]
[20, 39, 47]
[20, 39, 61]
[20, 37, 39]
[37, 39, 42]
[3, 37, 39]
[9, 37, 39]
[30, 37, 39]
[19, 37, 39]
[37, 38, 39]
[37, 39, 47]
[37, 39, 43]
[0, 37, 39]
[9, 39, 63]
[15, 39, 63]
[38, 39, 63]
[39, 47, 63]
[33, 39, 63]
[39, 61, 63]
[39, 60, 61]
[17, 39, 60]
[30, 39, 60]
[34, 39, 60]
[25, 39, 60]
[0, 39, 60]
[6, 39, 60]
[20, 39, 60]
[9, 39, 60]
[15, 39, 60]
[39, 47, 60]
[33, 39, 60]
[10, 39, 60]
[28, 39, 60]
[4, 39, 60]
[4, 39, 42]
[4, 17, 39]
[4, 39, 50]
[4, 39, 44]
[4, 34, 39]
[4, 25, 39]
[4, 39, 43]
[4, 6, 39]
[4, 20, 39]
[4, 39, 53]
[4, 32, 39]
[4, 9, 39]
[4, 39, 49]
[4, 18, 39]
[4, 13, 39]
[4, 10, 39]
[10, 39, 42]
[3, 10, 39]
[10, 39, 44]
[10, 19, 39]
[10, 39, 43]
[6, 10, 39]
[10, 20, 39]
[10, 37, 39]
[10, 32, 39]
[10, 15, 39]
[10, 39, 47]
[10, 33, 39]
[10, 13, 39]
[13, 39, 42]
[13, 17, 39]
[13, 39, 50]
[13, 39, 44]
[13, 30, 39]
[0, 13, 39]
[6, 13, 39]
[13, 32, 39]
[9, 13, 39]
[13, 15, 39]
[13, 38, 39]
[13, 33, 39]
[13, 39, 49]
[25, 39, 49]
[20, 39, 49]
[15, 39, 49]
[38, 39, 49]
[3, 18, 39]
[18, 34, 39]
[18, 19, 39]
[18, 39, 42]
[18, 39, 43]
[6, 18, 39]
[18, 33, 39]
[18, 28, 39]
[3, 28, 39]
[25, 28, 39]
[28, 39, 50]
[28, 39, 44]
[28, 37, 39]
[6, 28, 39]
[9, 28, 39]
[28, 39, 49]
[13, 28, 39]
[10, 28, 39]
[3, 36, 39]
[34, 36, 39]
[19, 36, 39]
[25, 36, 39]
[17, 36, 39]
[36, 39, 50]
[20, 36, 39]
[36, 37, 39]
[36, 39, 53]
[0, 36, 39]
[6, 36, 39]
[9, 36, 39]
[18, 36, 39]
[36, 39, 41]
[34, 39, 41]
[25, 39, 41]
[39, 41, 43]
[39, 41, 50]
[39, 41, 44]
[39, 41, 53]
[0, 39, 41]
[39, 41, 47]
[9, 39, 41]
[13, 39, 41]
[10, 39, 41]
[10, 39, 46]
[19, 39, 46]
[39, 42, 46]
[25, 39, 46]
[20, 39, 46]
[37, 39, 46]
[39, 46, 53]
[0, 39, 46]
[32, 39, 46]
[9, 39, 46]
[39, 46, 49]
[18, 39, 46]
[28, 39, 46]
[36, 39, 46]
[4, 39, 46]
[5, 39, 46]
[47, 52, 62]
[42, 47, 62]
[12, 52, 62]
[11, 59, 62]
[13, 32, 33]
[12, 32, 33]
[0, 32, 33]
[2, 32, 33]
[6, 9, 32]
[6, 12, 32]
[0, 6, 32]
[11, 60, 62]
[11, 49, 62]
[23, 60, 62]
[25, 60, 62]
[28, 60, 62]
[52, 60, 62]
[20, 60, 62]
[54, 60, 62]
[0, 60, 62]
[11, 15, 60]
[5, 11, 15]
[5, 15, 30]
[7, 36, 62]
[34, 36, 62]
[11, 36, 62]
[36, 59, 62]
[36, 53, 62]
[36, 37, 62]
[1, 36, 62]
[36, 41, 62]
[7, 49, 62]
[49, 62, 64]
[23, 49, 62]
[37, 59, 62]
[37, 42, 62]
[23, 53, 62]
[53, 59, 62]
[11, 53, 62]
[23, 59, 62]
[23, 62, 64]
[42, 50, 62]
[14, 30, 64]
[17, 30, 64]
[2, 37, 47]
[2, 24, 47]
[2, 24, 37]
[2, 23, 24]
[2, 9, 37]
[2, 9, 59]
[2, 44, 59]
[2, 11, 59]
[2, 11, 44]
[2, 16, 37]
[2, 16, 32]
[2, 32, 64]
[2, 32, 59]
[2, 32, 43]
[2, 32, 46]
[2, 30, 64]
[2, 23, 30]
[2, 30, 58]
[2, 11, 30]
[2, 30, 37]
[2, 7, 37]
[2, 7, 33]
[2, 11, 33]
[2, 24, 33]
[2, 8, 33]
[2, 33, 64]
[2, 33, 56]
[2, 33, 59]
[2, 6, 33]
[2, 33, 60]
[2, 10, 33]
[2, 33, 48]
[2, 33, 54]
[2, 33, 43]
[2, 13, 33]
[2, 33, 57]
[0, 2, 33]
[2, 37, 42]
[2, 44, 58]
[2, 23, 42]
[2, 26, 42]
[2, 26, 37]
[26, 37, 45]
[14, 26, 45]
[34, 36, 45]
[37, 38, 52]
[38, 52, 53]
[14, 38, 52]
[16, 19, 38]
[16, 19, 37]
[28, 37, 46]
[11, 28, 46]
[23, 46, 57]
[36, 46, 57]
[36, 46, 53]
[37, 46, 57]
[30, 53, 64]
[22, 57, 64]
[3, 22, 57]
[22, 37, 57]
[15, 22, 57]
[12, 16, 57]
[12, 57, 64]
[8, 12, 57]
[12, 37, 57]
[12, 36, 57]
[12, 55, 57]
[12, 49, 57]
[12, 30, 57]
[12, 35, 57]
[18, 57, 58]
[55, 57, 58]
[7, 8, 57]
[40, 44, 57]
[7, 41, 62]
[34, 41, 62]
[11, 51, 59]
[36, 51, 59]
[29, 59, 61]
[14, 59, 61]
[59, 61, 62]
[7, 61, 62]
[24, 61, 62]
[22, 61, 62]
[22, 26, 61]
[14, 22, 61]
[15, 22, 61]
[22, 55, 61]
[22, 30, 61]
[15, 59, 61]
[25, 61, 62]
[20, 61, 62]
[12, 61, 62]
[4, 61, 62]
[35, 59, 61]
[4, 20, 61]
[4, 55, 61]
[4, 50, 55]
[4, 17, 55]
[4, 42, 50]
[4, 17, 42]
[4, 34, 50]
[4, 17, 34]
[4, 11, 44]
[4, 17, 44]
[4, 11, 53]
[7, 33, 63]
[3, 57, 63]
[33, 57, 63]
[8, 57, 63]
[23, 45, 59]
[37, 45, 59]
[11, 45, 59]
[14, 45, 59]
[28, 45, 57]
[8, 28, 57]
[7, 28, 57]
[3, 28, 57]
[33, 45, 59]
[17, 33, 59]
[18, 33, 59]
[26, 33, 45]
[33, 45, 55]
[24, 33, 45]
[24, 33, 50]
[11, 24, 33]
[8, 24, 33]
[15, 24, 33]
[7, 27, 33]
[27, 29, 33]
[10, 27, 33]
[27, 33, 45]
[27, 33, 50]
[15, 27, 33]
[27, 33, 40]
[1, 27, 33]
[22, 27, 33]
[27, 33, 56]
[27, 33, 39]
[11, 33, 40]
[33, 40, 64]
[10, 33, 45]
[10, 31, 33]
[10, 24, 33]
[33, 62, 64]
[7, 33, 62]
[11, 33, 62]
[33, 50, 62]
[33, 55, 62]
[22, 33, 45]
[35, 38, 53]
[14, 37, 52]
[14, 52, 53]
[7, 52, 53]
[10, 35, 45]
[10, 29, 45]
[10, 37, 45]
[10, 16, 45]
[10, 45, 58]
[10, 45, 55]
[10, 26, 45]
[4, 10, 45]
[10, 28, 45]
[10, 22, 45]
[10, 45, 60]
[10, 24, 45]
[10, 27, 45]
[10, 45, 48]
[10, 44, 58]
[10, 35, 58]
[10, 46, 58]
[10, 29, 46]
[10, 42, 46]
[11, 59, 64]
[11, 18, 64]
[14, 18, 64]
[18, 26, 64]
[14, 18, 26]
[18, 26, 58]
[18, 26, 42]
[18, 34, 36]
[11, 18, 36]
[14, 18, 46]
[18, 36, 46]
[11, 18, 46]
[18, 42, 46]
[18, 46, 51]
[18, 21, 46]
[18, 36, 51]
[11, 18, 51]
[18, 51, 52]
[18, 51, 64]
[16, 18, 36]
[18, 36, 52]
[3, 11, 18]
[14, 16, 18]
[16, 38, 53]
[12, 53, 64]
[9, 12, 53]
[9, 41, 53]
[31, 41, 53]
[42, 46, 56]
[29, 46, 56]
[26, 49, 63]
[32, 46, 63]
[29, 32, 46]
[1, 8, 13]
[1, 21, 56]
[1, 21, 29]
[1, 29, 41]
[1, 7, 41]
[1, 7, 21]
[1, 31, 41]
[1, 21, 31]
[1, 41, 50]
[10, 40, 55]
[15, 56, 60]
[7, 15, 60]
[1, 13, 41]
[1, 13, 27]
[1, 6, 56]
[1, 41, 53]
[9, 46, 56]
[16, 35, 58]
[2, 16, 35]
[16, 27, 35]
[16, 35, 53]
[14, 16, 41]
[16, 31, 41]
[12, 30, 56]
[12, 30, 61]
[10, 43, 47]
[1, 13, 43]
[25, 43, 63]
[2, 13, 43]
[2, 43, 47]
[2, 10, 43]
[13, 38, 43]
[38, 43, 63]
[13, 41, 43]
[29, 41, 43]
[14, 25, 43]
[13, 14, 43]
[6, 14, 43]
[14, 22, 43]
[19, 29, 43]
[19, 42, 43]
[8, 61, 63]
[5, 8, 63]
[15, 61, 63]
[5, 61, 63]
[3, 9, 63]
[3, 15, 63]
[7, 15, 63]
[11, 15, 63]
[10, 16, 19]
[15, 16, 19]
[16, 19, 27]
[16, 19, 57]
[19, 34, 50]
[19, 42, 50]
[19, 44, 56]
[19, 29, 44]
[9, 32, 63]
[8, 38, 63]
[11, 46, 63]
[9, 46, 63]
[3, 25, 63]
[25, 26, 63]
[10, 16, 22]
[16, 22, 64]
[15, 16, 22]
[16, 22, 49]
[16, 22, 41]
[16, 22, 27]
[16, 22, 57]
[22, 49, 64]
[22, 26, 49]
[15, 22, 49]
[6, 8, 13]
[6, 13, 33]
[22, 33, 64]
[1, 22, 33]
[20, 25, 64]
[20, 25, 26]
[23, 25, 64]
[25, 51, 64]
[1, 25, 51]
[8, 28, 31]
[8, 23, 28]
[2, 8, 28]
[7, 8, 23]
[8, 23, 42]
[8, 9, 23]
[8, 42, 50]
[15, 52, 56]
[24, 52, 56]
[24, 49, 52]
[23, 52, 53]
[23, 24, 52]
[23, 52, 56]
[20, 26, 31]
[2, 30, 56]
[2, 44, 56]
[2, 42, 56]
[2, 10, 44]
[2, 10, 42]
[2, 7, 10]
[2, 42, 46]
[2, 10, 46]
[2, 10, 47]
[2, 10, 24]
[2, 24, 46]
[2, 26, 56]
[2, 26, 30]
[2, 10, 23]
[2, 23, 46]
[20, 34, 50]
[3, 11, 20]
[11, 20, 44]
[3, 20, 31]
[20, 31, 44]
[20, 31, 34]
[3, 42, 56]
[29, 44, 56]
[14, 18, 42]
[3, 14, 18]
[14, 45, 55]
[14, 30, 55]
[14, 30, 37]
[5, 14, 30]
[14, 30, 53]
[7, 14, 53]
[3, 14, 20]
[7, 14, 52]
[1, 14, 53]
[1, 3, 14]
[5, 6, 14]
[5, 14, 27]
[14, 25, 53]
[3, 14, 25]
[14, 25, 42]
[14, 20, 25]
[14, 25, 52]
[1, 14, 25]
[14, 25, 46]
[14, 23, 25]
[14, 25, 61]
[3, 14, 59]
[3, 14, 37]
[7, 14, 37]
[9, 13, 14]
[9, 14, 37]
[14, 37, 42]
[14, 20, 37]
[14, 37, 38]
[14, 37, 59]
[14, 37, 46]
[9, 14, 59]
[14, 44, 59]
[14, 52, 59]
[14, 38, 59]
[14, 30, 38]
[14, 23, 30]
[14, 30, 61]
[14, 30, 58]
[14, 30, 45]
[14, 22, 30]
[1, 7, 14]
[1, 14, 29]
[14, 18, 52]
[1, 14, 18]
[14, 18, 59]
[14, 18, 58]
[1, 14, 20]
[9, 14, 58]
[14, 53, 58]
[14, 29, 58]
[9, 14, 46]
[14, 46, 53]
[14, 29, 46]
[14, 42, 46]
[14, 20, 46]
[14, 46, 59]
[14, 46, 58]
[14, 23, 52]
[14, 23, 53]
[14, 23, 42]
[14, 42, 64]
[14, 53, 64]
[14, 20, 64]
[14, 59, 64]
[7, 14, 23]
[9, 14, 23]
[14, 23, 58]
[19, 36, 51]
[19, 50, 51]
[15, 19, 51]
[19, 51, 52]
[19, 31, 51]
[7, 11, 51]
[3, 11, 51]
[3, 47, 51]
[1, 3, 51]
[1, 7, 51]
[1, 17, 51]
[1, 11, 51]
[11, 30, 51]
[17, 30, 51]
[26, 30, 51]
[17, 26, 51]
[7, 27, 51]
[1, 27, 51]
[27, 45, 51]
[30, 45, 51]
[26, 45, 51]
[9, 27, 51]
[9, 31, 51]
[7, 31, 51]
[3, 31, 51]
[1, 31, 51]
[30, 31, 51]
[26, 31, 51]
[6, 7, 51]
[6, 17, 51]
[3, 6, 51]
[1, 6, 51]
[6, 9, 51]
[20, 47, 51]
[3, 20, 51]
[1, 20, 51]
[11, 20, 51]
[20, 26, 51]
[20, 31, 51]
[2, 7, 51]
[2, 47, 51]
[2, 11, 51]
[2, 30, 51]
[2, 26, 51]
[2, 9, 51]
[9, 40, 51]
[7, 40, 51]
[3, 40, 51]
[11, 40, 51]
[27, 40, 51]
[31, 40, 51]
[6, 40, 51]
[6, 43, 51]
[17, 43, 51]
[43, 47, 51]
[1, 43, 51]
[43, 45, 51]
[2, 43, 51]
[45, 51, 59]
[45, 51, 60]
[7, 51, 60]
[17, 51, 60]
[47, 51, 60]
[11, 51, 60]
[30, 51, 60]
[9, 51, 60]
[31, 51, 60]
[6, 51, 60]
[20, 51, 60]
[2, 51, 60]
[47, 50, 51]
[1, 50, 51]
[30, 50, 51]
[27, 50, 51]
[31, 50, 51]
[20, 50, 51]
[7, 23, 51]
[23, 30, 51]
[23, 27, 51]
[23, 45, 51]
[9, 23, 51]
[23, 31, 51]
[6, 23, 51]
[2, 23, 51]
[23, 40, 51]
[23, 43, 51]
[23, 51, 59]
[23, 51, 60]
[23, 46, 51]
[11, 46, 51]
[27, 46, 51]
[45, 46, 51]
[31, 46, 51]
[20, 46, 51]
[2, 46, 51]
[1, 18, 51]
[18, 43, 51]
[18, 51, 59]
[6, 18, 51]
[5, 6, 51]
[5, 47, 51]
[5, 11, 51]
[5, 30, 51]
[5, 26, 51]
[5, 45, 51]
[5, 51, 59]
[5, 50, 51]
[5, 27, 51]
[5, 31, 51]
[5, 46, 51]
[5, 51, 64]
[5, 51, 63]
[5, 51, 52]
[5, 51, 54]
[4, 5, 51]
[4, 17, 51]
[4, 11, 51]
[4, 45, 51]
[4, 43, 51]
[4, 50, 51]
[4, 9, 51]
[4, 6, 51]
[4, 46, 51]
[4, 18, 51]
[4, 21, 51]
[4, 25, 51]
[4, 20, 51]
[4, 51, 60]
[4, 51, 54]
[7, 51, 54]
[3, 51, 54]
[1, 51, 54]
[26, 51, 54]
[45, 51, 54]
[43, 51, 54]
[51, 54, 59]
[50, 51, 54]
[47, 51, 54]
[9, 51, 54]
[23, 51, 54]
[18, 51, 54]
[19, 51, 54]
[37, 51, 54]
[24, 51, 54]
[2, 51, 54]
[20, 51, 54]
[51, 54, 60]
[15, 51, 54]
[15, 27, 51]
[15, 20, 51]
[15, 51, 60]
[25, 51, 60]
[43, 47, 52]
[43, 52, 62]
[32, 43, 52]
[23, 30, 64]
[23, 30, 60]
[7, 23, 60]
[14, 23, 45]
[16, 27, 55]
[10, 16, 27]
[14, 16, 27]
[16, 27, 58]
[16, 38, 58]
[9, 23, 46]
[9, 46, 58]
[15, 30, 60]
[23, 35, 60]
[27, 39, 50]
[27, 39, 61]
[14, 23, 46]
[23, 31, 46]
[29, 30, 61]
[30, 60, 61]
[7, 60, 61]
[29, 60, 61]
[30, 34, 60]
[3, 56, 57]
[44, 56, 57]
[30, 56, 57]
[47, 56, 57]
[15, 56, 57]
[40, 56, 57]
[27, 56, 57]
[35, 56, 57]
[54, 56, 57]
[46, 56, 57]
[9, 56, 57]
[19, 56, 57]
[23, 56, 57]
[12, 56, 57]
[38, 52, 56]
[52, 56, 60]
[30, 38, 56]
[26, 30, 56]
[33, 56, 60]
[29, 56, 60]
[11, 45, 60]
[11, 21, 45]
[36, 45, 55]
[36, 45, 59]
[35, 36, 45]
[30, 34, 45]
[29, 41, 47]
[29, 41, 44]
[25, 41, 50]
[1, 25, 41]
[7, 8, 61]
[8, 15, 61]
[7, 8, 15]
[15, 20, 47]
[30, 31, 64]
[3, 15, 20]
[20, 26, 49]
[15, 20, 61]
[6, 8, 38]
[15, 47, 56]
[15, 20, 56]
[2, 6, 56]
[35, 38, 56]
[30, 35, 56]
[26, 35, 56]
[35, 45, 57]
[45, 55, 57]
[5, 26, 45]
[5, 30, 45]
[5, 11, 45]
[14, 25, 45]
[14, 29, 45]
[14, 16, 45]
[30, 45, 55]
[16, 45, 59]
[34, 35, 45]
[7, 14, 61]
[39, 44, 57]
[3, 39, 57]
[14, 20, 61]
[30, 57, 58]
[57, 58, 63]
[35, 57, 58]
[6, 25, 51]
[1, 6, 14]
[25, 43, 52]
[5, 53, 58]
[5, 26, 58]
[5, 31, 58]
[14, 29, 61]
[10, 55, 58]
[29, 55, 58]
[17, 55, 58]
[2, 35, 58]
[35, 38, 58]
[35, 53, 58]
[26, 35, 58]
[35, 44, 58]
[21, 35, 58]
[35, 40, 58]
[26, 49, 58]
[31, 44, 58]
[4, 43, 44]
[4, 42, 43]
[4, 11, 49]
[4, 16, 49]
[4, 8, 50]
[11, 18, 59]
[16, 18, 59]
[3, 18, 59]
[11, 20, 49]
[11, 44, 59]
[3, 11, 59]
[45, 54, 59]
[20, 25, 51]
[25, 43, 51]
[0, 12, 43]
[0, 11, 12]
[0, 12, 16]
[0, 12, 26]
[0, 12, 52]
[0, 12, 64]
[0, 6, 12]
[0, 12, 32]
[0, 12, 62]
[0, 12, 37]
[12, 26, 62]
[12, 49, 62]
[12, 24, 62]
[11, 12, 62]
[8, 11, 15]
[15, 16, 59]
[3, 15, 59]
[11, 15, 59]
[11, 38, 59]
[11, 38, 63]
[11, 18, 63]
[18, 42, 43]
[18, 19, 43]
[18, 48, 59]
[19, 29, 59]
[29, 44, 59]
[16, 19, 59]
[19, 44, 59]
[0, 43, 52]
[0, 7, 52]
[4, 8, 11]
[4, 11, 45]
[4, 11, 12]
[4, 11, 18]
[4, 8, 61]
[4, 6, 8]
[4, 16, 45]
[0, 52, 56]
[0, 23, 52]
[0, 19, 52]
[0, 38, 52]
[0, 14, 52]
[0, 41, 52]
[0, 19, 50]
[0, 19, 26]
[0, 19, 42]
[0, 19, 44]
[0, 19, 56]
[0, 19, 31]
[0, 19, 38]
[0, 42, 50]
[0, 7, 50]
[0, 1, 50]
[0, 26, 42]
[0, 17, 42]
[0, 17, 44]
[0, 3, 42]
[0, 1, 7]
[12, 32, 52]
[19, 34, 52]
[2, 13, 61]
[2, 51, 64]
[16, 45, 58]
[17, 51, 64]
[26, 51, 64]
[8, 11, 38]
[11, 40, 44]
[23, 42, 56]
[9, 23, 56]
[3, 9, 56]
[9, 29, 56]
[9, 32, 61]
[27, 32, 39]
[25, 27, 39]
[11, 25, 51]
[25, 26, 51]
[3, 25, 51]
[12, 35, 56]
[9, 12, 16]
[12, 16, 53]
[12, 26, 61]
[12, 26, 49]
[12, 33, 56]
[12, 16, 32]
[9, 12, 32]
[12, 32, 61]
[12, 32, 43]
[10, 12, 32]
[12, 32, 53]
[9, 32, 46]
[2, 9, 61]
[9, 29, 32]
[27, 32, 33]
[32, 45, 46]
[23, 30, 56]
[9, 27, 56]
[9, 40, 56]
[9, 14, 27]
[9, 31, 58]
[9, 23, 58]
[3, 18, 42]
[6, 14, 58]
[5, 8, 14]
[15, 27, 39]
[22, 45, 49]
[22, 23, 49]
[22, 26, 45]
[5, 22, 30]
[5, 22, 45]
[5, 49, 58]
[5, 47, 58]
[5, 30, 58]
[5, 39, 53]
[5, 22, 49]
[35, 40, 56]
[35, 44, 56]
[3, 35, 56]
[23, 35, 56]
[40, 44, 56]
[9, 40, 61]
[2, 30, 61]
[2, 35, 61]
[2, 26, 61]
[2, 7, 61]
[7, 40, 61]
[3, 40, 61]
[35, 40, 61]
[2, 8, 61]
[8, 35, 61]
[30, 38, 58]
[23, 57, 58]
[23, 49, 57]
[7, 49, 57]
[0, 9, 57]
[9, 36, 57]
[9, 55, 57]
[7, 23, 57]
[23, 45, 57]
[3, 47, 57]
[23, 30, 57]
[6, 35, 56]
[6, 40, 56]
[0, 6, 56]
[0, 6, 17]
[0, 6, 7]
[0, 6, 9]
[9, 13, 61]
[5, 13, 61]
[13, 14, 61]
[9, 60, 61]
[13, 15, 61]
[28, 55, 61]
[8, 28, 61]
[28, 45, 58]
[28, 45, 51]
[23, 28, 45]
[28, 29, 58]
[28, 44, 58]
[28, 49, 58]
[2, 28, 58]
[28, 31, 58]
[11, 28, 44]
[16, 38, 59]
[12, 24, 52]
[12, 24, 33]
[20, 24, 50]
[3, 20, 24]
[24, 50, 62]
[24, 47, 62]
[24, 41, 62]
[24, 33, 62]
[11, 24, 62]
[0, 41, 62]
[41, 50, 62]
[5, 38, 39]
[7, 31, 40]
[20, 31, 64]
[11, 20, 64]
[45, 48, 59]
[17, 48, 59]
[2, 35, 56]
[2, 56, 60]
[27, 35, 56]
[14, 27, 29]
[14, 27, 45]
[25, 27, 51]
[10, 52, 55]
[40, 55, 58]
[47, 55, 58]
[10, 40, 58]
[39, 49, 57]
[10, 15, 22]
[10, 22, 26]
[3, 10, 22]
[10, 22, 60]
[10, 22, 55]
[10, 22, 37]
[22, 26, 64]
[22, 42, 64]
[1, 22, 36]
[22, 36, 45]
[3, 22, 36]
[22, 36, 46]
[22, 36, 55]
[22, 36, 37]
[16, 22, 36]
[9, 22, 36]
[22, 36, 57]
[22, 27, 36]
[1, 7, 36]
[7, 36, 50]
[1, 25, 36]
[1, 31, 36]
[7, 34, 36]
[36, 50, 59]
[9, 36, 59]
[20, 34, 36]
[20, 36, 46]
[8, 36, 50]
[9, 25, 36]
[8, 13, 61]
[2, 8, 13]
[8, 13, 54]
[8, 13, 33]
[8, 13, 48]
[8, 13, 38]
[13, 54, 61]
[13, 43, 54]
[13, 49, 54]
[13, 15, 54]
[40, 58, 63]
[40, 49, 58]
[1, 20, 54]
[1, 13, 14]
[8, 13, 14]
[8, 13, 28]
[13, 28, 49]
[13, 28, 44]
[2, 13, 28]
[10, 13, 28]
[13, 28, 54]
[13, 28, 48]
[9, 13, 28]
[13, 27, 28]
[13, 28, 50]
[13, 28, 45]
[1, 13, 28]
[13, 18, 28]
[5, 13, 28]
[13, 28, 55]
[13, 23, 28]
[5, 8, 13]
[15, 22, 47]
[3, 15, 22]
[22, 30, 64]
[13, 27, 48]
[13, 15, 27]
[13, 27, 61]
[13, 27, 33]
[2, 10, 13]
[2, 10, 60]
[11, 46, 59]
[2, 16, 59]
[19, 46, 59]
[29, 46, 59]
[15, 19, 59]
[19, 59, 64]
[17, 59, 64]
[2, 59, 64]
[49, 58, 63]
[25, 34, 63]
[26, 58, 63]
[47, 58, 63]
[3, 47, 63]
[15, 47, 63]
[15, 25, 63]
[15, 58, 63]
[47, 51, 63]
[25, 51, 63]
[7, 51, 63]
[4, 13, 45]
[4, 8, 13]
[25, 46, 63]
[46, 58, 63]
[2, 13, 54]
[1, 13, 54]
[13, 17, 33]
[2, 13, 23]
[10, 13, 33]
[8, 13, 57]
[13, 44, 57]
[13, 30, 57]
[13, 49, 57]
[13, 15, 57]
[2, 13, 57]
[13, 54, 57]
[13, 33, 57]
[9, 13, 57]
[13, 45, 57]
[13, 18, 57]
[13, 55, 57]
[13, 23, 57]
[13, 28, 57]
[13, 33, 43]
[13, 43, 45]
[13, 27, 45]
[13, 15, 33]
[1, 13, 33]
[13, 33, 54]
[13, 48, 49]
[13, 45, 54]
[2, 13, 48]
[13, 33, 45]
[13, 45, 48]
[13, 33, 55]
[20, 21, 50]
[60, 62, 63]
[42, 43, 62]
[42, 46, 62]
[46, 49, 62]
[42, 62, 64]
[25, 62, 64]
[43, 62, 63]
[49, 52, 62]
[52, 53, 62]
[11, 62, 64]
[49, 62, 63]
[25, 45, 62]
[19, 27, 39]
[2, 26, 58]
[2, 26, 64]
[19, 29, 46]
[15, 19, 56]
[19, 29, 56]
[19, 42, 56]
[19, 26, 56]
[16, 18, 19]
[14, 22, 26]
[1, 14, 22]
[3, 14, 22]
[14, 22, 42]
[22, 42, 43]
[22, 30, 55]
[14, 22, 41]
[22, 41, 47]
[22, 41, 43]
[22, 26, 41]
[1, 22, 41]
[22, 42, 55]
[22, 47, 55]
[12, 52, 53]
[18, 19, 52]
[18, 19, 36]
[19, 34, 36]
[6, 23, 58]
[6, 23, 24]
[2, 6, 23]
[2, 23, 58]
[23, 49, 58]
[9, 23, 31]
[23, 31, 58]
[23, 45, 58]
[23, 40, 58]
[9, 22, 23]
[23, 46, 58]
[23, 35, 58]
[23, 42, 62]
[23, 30, 53]
[7, 23, 53]
[23, 25, 43]
[4, 39, 61]
[4, 18, 43]
[4, 12, 43]
[4, 16, 18]
[10, 24, 41]
[18, 43, 63]
[18, 34, 63]
[3, 18, 63]
[18, 26, 63]
[25, 61, 63]
[11, 20, 24]
[15, 20, 24]
[15, 24, 56]
[3, 24, 56]
[1, 13, 18]
[37, 52, 63]
[3, 37, 63]
[26, 37, 63]
[11, 15, 20]
[6, 13, 32]
[6, 13, 14]
[4, 6, 13]
[13, 18, 33]
[13, 17, 51]
[13, 30, 51]
[13, 15, 51]
[13, 18, 51]
[13, 39, 61]
[9, 12, 36]
[9, 36, 41]
[9, 13, 41]
[9, 13, 54]
[8, 9, 13]
[4, 9, 13]
[9, 13, 51]
[9, 13, 23]
[13, 32, 45]
[13, 14, 45]
[5, 13, 45]
[13, 33, 50]
[33, 45, 57]
[22, 45, 57]
[36, 45, 57]
[32, 45, 57]
[31, 33, 57]
[18, 33, 57]
[30, 57, 64]
[19, 46, 57]
[19, 44, 57]
[3, 15, 57]
[7, 15, 57]
[15, 16, 57]
[15, 19, 57]
[33, 39, 57]
[9, 39, 57]
[12, 33, 57]
[22, 33, 57]
[15, 47, 57]
[15, 30, 57]
[15, 19, 52]
[48, 52, 56]
[34, 48, 52]
[19, 38, 56]
[30, 38, 53]
[14, 25, 64]
[10, 41, 47]
[10, 29, 41]
[7, 10, 41]
[10, 26, 41]
[10, 40, 41]
[10, 31, 41]
[10, 41, 52]
[25, 41, 53]
[25, 41, 43]
[41, 43, 44]
[10, 13, 41]
[13, 26, 41]
[13, 41, 50]
[13, 41, 44]
[13, 14, 41]
[5, 13, 41]
[13, 14, 38]
[13, 14, 18]
[13, 14, 44]
[31, 36, 50]
[31, 34, 36]
[20, 36, 62]
[20, 26, 64]
[5, 13, 15]
[5, 13, 39]
[13, 32, 61]
[20, 46, 62]
[20, 31, 46]
[20, 31, 60]
[20, 24, 31]
[20, 21, 31]
[31, 46, 58]
[19, 31, 46]
[31, 46, 53]
[2, 35, 44]
[10, 24, 46]
[10, 46, 48]
[39, 46, 48]
[2, 46, 48]
[46, 48, 56]
[46, 48, 53]
[22, 46, 48]
[46, 48, 59]
[46, 48, 63]
[18, 46, 48]
[5, 46, 48]
[14, 22, 46]
[31, 40, 44]
[31, 40, 58]
[19, 26, 31]
[19, 31, 44]
[5, 24, 62]
[15, 24, 52]
[24, 38, 56]
[24, 47, 58]
[24, 38, 58]
[24, 45, 58]
[14, 24, 41]
[24, 25, 41]
[24, 41, 50]
[24, 31, 41]
[24, 31, 58]
[3, 24, 31]
[24, 31, 33]
[24, 31, 48]
[24, 31, 46]
[9, 31, 60]
[31, 33, 60]
[31, 33, 40]
[9, 31, 40]
[7, 31, 60]
[19, 31, 34]
[30, 31, 34]
[34, 52, 63]
[31, 51, 64]
[31, 41, 51]
[8, 12, 61]
[20, 47, 62]
[20, 34, 62]
[11, 20, 62]
[20, 49, 62]
[12, 53, 62]
[4, 12, 53]
[35, 47, 53]
[35, 53, 59]
[4, 53, 62]
[16, 32, 53]
[4, 32, 53]
[4, 16, 53]
[7, 38, 53]
[23, 31, 53]
[16, 53, 59]
[38, 53, 58]
[4, 53, 58]
[23, 35, 53]
[11, 12, 53]
[7, 53, 63]
[47, 53, 63]
[25, 53, 63]
[38, 53, 63]
[32, 53, 63]
[53, 58, 63]
[11, 53, 63]
[7, 38, 63]
[34, 38, 63]
[14, 45, 54]
[26, 45, 54]
[34, 45, 54]
[45, 49, 54]
[4, 45, 54]
[14, 20, 54]
[3, 20, 54]
[20, 50, 54]
[12, 16, 64]
[12, 26, 64]
[12, 32, 64]
[16, 32, 64]
[17, 32, 64]
[20, 49, 64]
[19, 26, 64]
[15, 16, 32]
[11, 25, 63]
[7, 8, 11]
[7, 11, 40]
[3, 11, 40]
[11, 40, 49]
[6, 10, 32]
[10, 19, 44]
[8, 11, 12]
[6, 38, 58]
[40, 44, 58]
[10, 19, 29]
[10, 15, 19]
[10, 19, 42]
[16, 22, 45]
[14, 22, 45]
[22, 45, 46]
[22, 45, 62]
[22, 27, 45]
[15, 22, 63]
[22, 42, 62]
[22, 47, 62]
[22, 49, 62]
[22, 36, 62]
[22, 46, 62]
[22, 27, 46]
[14, 22, 27]
[15, 22, 27]
[1, 22, 27]
[14, 22, 23]
[22, 23, 30]
[22, 23, 57]
[22, 47, 57]
[10, 22, 27]
[32, 59, 61]
[29, 32, 59]
[16, 32, 59]
[15, 32, 59]
[19, 38, 59]
[22, 43, 45]
[22, 43, 62]
[22, 23, 46]
[22, 23, 62]
[22, 23, 27]
[22, 23, 45]
[22, 23, 43]
[7, 40, 49]
[3, 40, 56]
[7, 10, 40]
[10, 40, 44]
[41, 44, 59]
[29, 41, 59]
[3, 10, 40]
[2, 59, 61]
[3, 9, 40]
[6, 12, 38]
[34, 36, 50]
[40, 61, 63]
[4, 10, 32]
[4, 32, 61]
[4, 16, 32]
[4, 10, 16]
[4, 9, 16]
[4, 9, 61]
[0, 14, 16]
[0, 16, 38]
[0, 3, 14]
[0, 7, 14]
[0, 17, 60]
[0, 25, 60]
[0, 52, 62]
[0, 42, 62]
[0, 7, 62]
[0, 56, 60]
[0, 17, 62]
[0, 2, 60]
[0, 33, 62]
[0, 43, 62]
[0, 25, 43]
[0, 14, 25]
[0, 3, 25]
[0, 14, 44]
[0, 14, 38]
[0, 3, 56]
[0, 44, 56]
[0, 38, 56]
[2, 9, 28]
[9, 23, 28]
[9, 28, 31]
[23, 28, 31]
[10, 23, 28]
[26, 28, 31]
[7, 28, 31]
[3, 28, 31]
[28, 31, 44]
[11, 28, 49]
[10, 27, 28]
[7, 27, 28]
[27, 28, 58]
[27, 28, 50]
[27, 28, 39]
[2, 10, 28]
[10, 26, 28]
[3, 10, 28]
[7, 10, 28]
[25, 26, 28]
[26, 28, 49]
[28, 29, 49]
[47, 55, 63]
[15, 57, 63]
[32, 57, 63]
[8, 9, 57]
[15, 49, 57]
[6, 33, 43]
[38, 52, 59]
[9, 29, 59]
[27, 33, 57]
[24, 33, 56]
[17, 33, 43]
[1, 8, 33]
[9, 46, 59]
[9, 46, 53]
[9, 28, 46]
[9, 21, 46]
[9, 37, 46]
[9, 27, 58]
[9, 27, 40]
[9, 27, 39]
[9, 12, 56]
[9, 56, 60]
[9, 25, 63]
[9, 58, 63]
[8, 9, 61]
[6, 9, 23]
[9, 28, 54]
[9, 28, 58]
[6, 9, 28]
[9, 28, 60]
[9, 28, 57]
[9, 28, 55]
[9, 28, 51]
[9, 14, 22]
[10, 32, 52]
[32, 52, 63]
[5, 15, 22]
[5, 22, 61]
[9, 53, 58]
[9, 16, 53]
[9, 36, 53]
[36, 52, 53]
[32, 53, 64]
[5, 22, 64]
[5, 22, 62]
[5, 22, 27]
[5, 22, 41]
[5, 22, 63]
[22, 62, 64]
[22, 60, 62]
[14, 22, 64]
[3, 9, 22]
[9, 22, 60]
[22, 47, 60]
[35, 56, 60]
[34, 35, 60]
[35, 47, 60]
[35, 60, 61]
[35, 45, 60]
[7, 34, 60]
[9, 29, 60]
[19, 52, 56]
[2, 30, 60]
[2, 47, 60]
[1, 18, 33]
[15, 33, 60]
[17, 33, 60]
[33, 45, 60]
[33, 43, 45]
[31, 33, 64]
[6, 12, 33]
[18, 24, 33]
[8, 12, 33]
[12, 33, 43]
[18, 33, 64]
[33, 40, 56]
[12, 33, 64]
[6, 33, 62]
[1, 33, 62]
[17, 33, 62]
[33, 43, 62]
[26, 33, 62]
[33, 45, 62]
[33, 60, 62]
[12, 33, 62]
[6, 35, 38]
[20, 35, 56]
[20, 35, 44]
[3, 20, 36]
[20, 36, 50]
[20, 21, 56]
[20, 21, 34]
[15, 20, 21]
[20, 21, 39]
[20, 21, 36]
[20, 21, 35]
[20, 21, 64]
[4, 20, 21]
[1, 20, 21]
[20, 24, 49]
[20, 34, 35]
[24, 25, 51]
[38, 58, 63]
[38, 49, 63]
[13, 14, 49]
[19, 36, 52]
[19, 35, 56]
[22, 41, 62]
[4, 32, 45]
[32, 43, 45]
[4, 6, 32]
[2, 13, 32]
[4, 13, 32]
[4, 9, 32]
[4, 12, 32]
[4, 32, 43]
[6, 32, 43]
[10, 32, 43]
[13, 32, 43]
[10, 32, 45]
[32, 52, 53]
[13, 15, 32]
[32, 46, 53]
[10, 32, 46]
[4, 32, 46]
[16, 27, 32]
[13, 27, 32]
[13, 27, 50]
[13, 14, 27]
[13, 27, 39]
[13, 23, 27]
[13, 27, 51]
[13, 27, 55]
[27, 29, 55]
[27, 55, 61]
[9, 27, 55]
[1, 27, 55]
[19, 27, 55]
[27, 55, 58]
[27, 52, 55]
[15, 27, 55]
[27, 36, 55]
[27, 40, 55]
[27, 45, 55]
[27, 35, 45]
[16, 27, 45]
[27, 36, 45]
[27, 37, 45]
[27, 45, 58]
[27, 28, 45]
[27, 45, 48]
[27, 48, 50]
[27, 39, 48]
[27, 33, 48]
[27, 35, 48]
[27, 48, 52]
[27, 40, 48]
[23, 27, 48]
[10, 27, 48]
[27, 28, 48]
[5, 27, 48]
[27, 48, 63]
[27, 46, 48]
[22, 27, 48]
[9, 22, 27]
[22, 27, 37]
[22, 27, 55]
[27, 28, 55]
[27, 55, 57]
[27, 36, 57]
[27, 36, 50]
[27, 36, 39]
[27, 36, 51]
[27, 51, 52]
[19, 27, 51]
[19, 27, 29]
[19, 27, 50]
[15, 19, 27]
[19, 27, 56]
[19, 27, 35]
[19, 27, 52]
[15, 16, 27]
[23, 27, 35]
[23, 27, 58]
[27, 29, 58]
[15, 27, 58]
[27, 35, 58]
[10, 27, 58]
[10, 27, 29]
[7, 10, 27]
[10, 27, 39]
[10, 27, 35]
[10, 27, 52]
[10, 19, 27]
[27, 28, 51]
[23, 27, 28]
[23, 27, 40]
[14, 23, 27]
[7, 14, 27]
[14, 27, 61]
[14, 25, 27]
[14, 27, 58]
[14, 27, 52]
[1, 14, 27]
[1, 27, 36]
[7, 27, 40]
[27, 40, 56]
[7, 33, 40]
[18, 19, 34]
[34, 36, 52]
[16, 36, 53]
[47, 52, 55]
[13, 14, 55]
[11, 36, 53]
[11, 20, 36]
[1, 8, 36]
[7, 36, 52]
[7, 28, 49]
[7, 28, 50]
[19, 31, 64]
[26, 45, 58]
[14, 45, 58]
[23, 49, 64]
[14, 23, 64]
[23, 53, 64]
[23, 31, 64]
[13, 23, 49]
[8, 13, 23]
[13, 14, 23]
[23, 28, 49]
[7, 23, 28]
[23, 28, 58]
[23, 30, 31]
[13, 23, 45]
[23, 45, 46]
[23, 46, 53]
[23, 46, 49]
[23, 42, 46]
[23, 28, 46]
[11, 46, 49]
[7, 23, 31]
[2, 23, 28]
[2, 42, 64]
[7, 28, 37]
[7, 37, 38]
[7, 27, 37]
[6, 7, 28]
[1, 6, 36]
[1, 6, 28]
[6, 25, 36]
[6, 9, 36]
[6, 8, 36]
[32, 57, 64]
[2, 11, 28]
[5, 11, 24]
[5, 24, 47]
[5, 8, 24]
[5, 24, 52]
[30, 31, 57]
[15, 32, 57]
[12, 52, 56]
[5, 11, 38]
[30, 37, 57]
[5, 27, 50]
[5, 13, 27]
[5, 26, 31]
[12, 43, 52]
[15, 22, 33]
[19, 43, 44]
[10, 19, 43]
[19, 43, 52]
[11, 18, 33]
[6, 7, 23]
[6, 23, 56]
[10, 13, 55]
[9, 55, 58]
[16, 55, 58]
[19, 52, 55]
[10, 12, 55]
[12, 30, 55]
[8, 12, 55]
[9, 12, 55]
[12, 52, 55]
[12, 33, 55]
[22, 55, 64]
[22, 45, 55]
[9, 22, 55]
[22, 33, 55]
[28, 55, 58]
[13, 23, 43]
[6, 14, 23]
[6, 8, 23]
[5, 11, 28]
[6, 13, 23]
[22, 23, 64]
[6, 28, 58]
[6, 23, 28]
[6, 10, 28]
[3, 6, 28]
[5, 45, 58]
[5, 38, 58]
[6, 28, 29]
[6, 8, 28]
[10, 28, 55]
[6, 13, 28]
[11, 12, 36]
[12, 16, 36]
[12, 36, 53]
[8, 12, 36]
[12, 36, 52]
[6, 12, 36]
[18, 19, 64]
[18, 19, 42]
[18, 19, 26]
[28, 29, 55]
[6, 18, 28]
[6, 14, 18]
[3, 18, 28]
[11, 18, 28]
[1, 18, 36]
[6, 18, 36]
[18, 19, 59]
[18, 52, 59]
[9, 32, 59]
[32, 52, 59]
[9, 21, 39]
[21, 38, 39]
[21, 34, 39]
[17, 21, 39]
[21, 30, 39]
[21, 39, 61]
[21, 39, 50]
[15, 21, 39]
[21, 32, 39]
[21, 30, 38]
[21, 38, 56]
[11, 21, 38]
[11, 20, 21]
[11, 12, 21]
[18, 21, 64]
[11, 21, 64]
[21, 31, 64]
[12, 21, 64]
[21, 30, 64]
[21, 26, 64]
[21, 32, 64]
[21, 23, 64]
[21, 40, 64]
[21, 35, 64]
[9, 21, 31]
[9, 12, 21]
[21, 31, 34]
[12, 21, 38]
[21, 31, 58]
[21, 29, 58]
[9, 21, 56]
[21, 29, 56]
[12, 21, 56]
[21, 30, 56]
[21, 30, 34]
[21, 38, 58]
[15, 21, 61]
[12, 21, 30]
[21, 45, 58]
[21, 30, 31]
[21, 35, 56]
[21, 34, 35]
[21, 35, 61]
[21, 35, 38]
[12, 21, 35]
[21, 35, 45]
[21, 30, 35]
[21, 26, 35]
[21, 23, 35]
[21, 35, 40]
[21, 35, 41]
[21, 35, 36]
[21, 34, 36]
[21, 36, 50]
[3, 36, 57]
[16, 36, 57]
[16, 49, 57]
[39, 47, 57]
[10, 22, 41]
[8, 9, 54]
[3, 9, 54]
[53, 54, 59]
[50, 54, 59]
[3, 9, 59]
[19, 54, 59]
[0, 1, 43]
[0, 1, 22]
[5, 24, 58]
[24, 49, 58]
[2, 6, 24]
[2, 7, 60]
[2, 7, 54]
[2, 47, 54]
[5, 27, 58]
[7, 11, 60]
[7, 10, 60]
[2, 26, 28]
[26, 49, 54]
[14, 26, 54]
[26, 54, 61]
[21, 26, 58]
[21, 26, 30]
[21, 26, 56]
[21, 26, 31]
[18, 21, 26]
[12, 21, 26]
[20, 21, 26]
[21, 26, 28]
[21, 26, 41]
[11, 21, 30]
[18, 21, 39]
[21, 29, 32]
[21, 32, 61]
[15, 21, 32]
[7, 21, 31]
[11, 18, 21]
[18, 21, 34]
[7, 36, 40]
[10, 27, 40]
[11, 24, 49]
[15, 24, 49]
[8, 15, 57]
[18, 57, 64]
[4, 45, 58]
[45, 48, 49]
[23, 45, 48]
[33, 45, 48]
[30, 45, 48]
[22, 45, 48]
[4, 45, 48]
[4, 45, 49]
[4, 43, 45]
[4, 34, 45]
[4, 13, 49]
[23, 40, 64]
[1, 14, 41]
[14, 29, 41]
[14, 41, 44]
[7, 14, 41]
[9, 16, 41]
[9, 29, 41]
[9, 14, 41]
[9, 31, 41]
[31, 41, 50]
[31, 41, 44]
[4, 42, 55]
[4, 8, 55]
[4, 16, 55]
[2, 54, 60]
[40, 57, 63]
[4, 6, 43]
[4, 6, 12]
[4, 20, 49]
[2, 30, 57]
[2, 37, 59]
[2, 23, 59]
[2, 23, 35]
[2, 35, 47]
[2, 35, 59]
[2, 30, 35]
[2, 47, 57]
[2, 32, 57]
[2, 37, 57]
[2, 37, 43]
[2, 10, 37]
[2, 9, 60]
[2, 11, 60]
[11, 33, 63]
[22, 57, 63]
[22, 55, 57]
[16, 18, 57]
[3, 18, 57]
[16, 55, 57]
[55, 58, 63]
[18, 58, 63]
[35, 45, 58]
[15, 32, 63]
[33, 43, 63]
[31, 34, 48]
[17, 34, 48]
[13, 48, 50]
[1, 22, 48]
[22, 33, 48]
[10, 33, 48]
[10, 39, 48]
[25, 39, 48]
[39, 48, 50]
[17, 39, 48]
[34, 39, 48]
[35, 45, 59]
[35, 38, 59]
[19, 35, 59]
[3, 35, 59]
[35, 44, 59]
[16, 35, 59]
[35, 48, 59]
[23, 35, 59]
[18, 59, 64]
[10, 31, 48]
[1, 7, 54]
[1, 14, 54]
[1, 33, 54]
[1, 49, 54]
[7, 8, 54]
[8, 14, 54]
[8, 50, 54]
[19, 34, 54]
[7, 34, 54]
[7, 14, 54]
[10, 48, 52]
[8, 54, 61]
[14, 54, 61]
[38, 48, 52]
[24, 45, 49]
[6, 10, 24]
[6, 24, 56]
[18, 26, 54]
[12, 24, 49]
[34, 50, 54]
[19, 43, 54]
[9, 36, 55]
[48, 52, 53]
[39, 48, 61]
[13, 48, 61]
[8, 36, 55]
[19, 36, 55]
[8, 48, 50]
[16, 36, 55]
[36, 52, 55]
[12, 36, 55]
[8, 24, 36]
[24, 36, 50]
[24, 36, 52]
[30, 39, 48]
[9, 53, 54]
[30, 38, 48]
[30, 31, 48]
[55, 62, 64]
[1, 25, 48]
[18, 48, 52]
[1, 48, 49]
[12, 48, 52]
[12, 48, 53]
[8, 12, 48]
[12, 38, 48]
[12, 24, 48]
[24, 48, 52]
[48, 49, 52]
[39, 48, 49]
[13, 39, 48]
[9, 22, 37]
[38, 48, 49]
[24, 45, 48]
[35, 48, 56]
[30, 34, 48]
[19, 52, 59]
[9, 16, 59]
[32, 59, 64]
[20, 24, 33]
[38, 39, 48]
[13, 38, 48]
[19, 39, 57]
[8, 38, 48]
[39, 48, 53]
[31, 48, 53]
[5, 8, 38]
[5, 8, 50]
[38, 48, 53]
[30, 48, 53]
[30, 48, 61]
[8, 48, 61]
[10, 12, 48]
[52, 55, 62]
[45, 55, 62]
[36, 52, 62]
[25, 36, 62]
[12, 36, 62]
[36, 55, 62]
[6, 36, 62]
[6, 42, 62]
[6, 28, 62]
[25, 28, 62]
[28, 50, 62]
[28, 49, 62]
[26, 28, 62]
[11, 28, 62]
[7, 28, 62]
[7, 11, 62]
[11, 25, 62]
[22, 33, 62]
[12, 43, 62]
[12, 62, 64]
[20, 62, 64]
[20, 33, 62]
[42, 55, 62]
[17, 55, 62]
[50, 55, 62]
[22, 55, 62]
[28, 55, 62]
[12, 55, 62]
[28, 45, 62]
[33, 62, 63]
[4, 25, 62]
[4, 42, 62]
[4, 43, 62]
[4, 50, 62]
[4, 49, 62]
[4, 34, 62]
[4, 11, 62]
[4, 12, 62]
[4, 20, 62]
[4, 55, 62]
[4, 45, 62]
[0, 50, 62]
[0, 26, 62]
[0, 1, 62]
[0, 22, 62]
[0, 11, 62]
[0, 62, 64]
[0, 6, 62]
[0, 36, 62]
[0, 46, 62]
[46, 53, 62]
[28, 46, 62]
[11, 46, 62]
[4, 46, 62]
[36, 46, 62]
[5, 46, 62]
[5, 47, 62]
[5, 50, 62]
[5, 49, 62]
[5, 53, 62]
[5, 62, 64]
[5, 61, 62]
[5, 52, 62]
[5, 11, 62]
[5, 28, 62]
[4, 5, 62]
[4, 60, 62]
[42, 59, 62]
[17, 59, 62]
[33, 59, 62]
[59, 62, 64]
[52, 59, 62]
[46, 59, 62]
[5, 59, 62]
[24, 49, 62]
[24, 36, 62]
[24, 46, 62]
[41, 47, 62]
[25, 41, 62]
[41, 43, 62]
[26, 41, 62]
[41, 53, 62]
[1, 41, 62]
[41, 52, 62]
[5, 41, 62]
[41, 59, 62]
[23, 41, 62]
[23, 43, 62]
[6, 23, 62]
[0, 23, 62]
[23, 52, 62]
[7, 23, 62]
[23, 28, 62]
[23, 46, 62]
[23, 24, 62]
[24, 37, 62]
[37, 47, 62]
[37, 43, 62]
[22, 37, 62]
[12, 37, 62]
[20, 37, 62]
[0, 37, 62]
[37, 52, 62]
[11, 20, 46]
[25, 50, 51]
[24, 31, 51]
[9, 25, 51]
[19, 26, 51]
[13, 43, 51]
[19, 43, 51]
[13, 26, 51]
[6, 13, 51]
[25, 46, 51]
[19, 46, 51]
[1, 13, 51]
[13, 50, 51]
[2, 13, 51]
[13, 23, 51]
[23, 25, 51]
[18, 19, 51]
[25, 40, 51]
[25, 45, 51]
[24, 45, 51]
[13, 45, 51]
[4, 13, 51]
[43, 51, 63]
[51, 59, 64]
[20, 51, 64]
[30, 51, 64]
[11, 51, 64]
[19, 51, 64]
[23, 51, 64]
[40, 51, 64]
[46, 51, 63]
[46, 49, 58]
[20, 46, 49]
[27, 39, 46]
[27, 46, 58]
[8, 35, 38]
[30, 34, 35]
[45, 46, 59]
[18, 39, 57]
[0, 25, 64]
[0, 25, 42]
[0, 9, 25]
[0, 1, 25]
[0, 25, 44]
[0, 6, 25]
[0, 25, 50]
[20, 35, 61]
[3, 35, 36]
[34, 35, 47]
[2, 26, 35]
[2, 10, 35]
[18, 34, 48]
[18, 46, 57]
[18, 19, 57]
[18, 19, 46]
[4, 18, 58]
[4, 18, 42]
[4, 18, 46]
[10, 12, 37]
[10, 37, 47]
[22, 30, 37]
[30, 37, 38]
[16, 22, 37]
[18, 43, 54]
[43, 52, 63]
[5, 48, 52]
[5, 27, 52]
[5, 47, 52]
[5, 52, 53]
[5, 38, 52]
[5, 15, 52]
[5, 52, 59]
[15, 52, 59]
[6, 23, 60]
[6, 23, 35]
[8, 23, 35]
[23, 52, 60]
[34, 52, 60]
[20, 34, 60]
[15, 20, 60]
[21, 30, 58]
[30, 31, 60]
[23, 24, 31]
[3, 35, 40]
[9, 40, 58]
[35, 40, 44]
[7, 23, 40]
[23, 30, 35]
[5, 13, 14]
[2, 7, 28]
[7, 51, 52]
[47, 51, 52]
[2, 24, 48]
[2, 24, 51]
[11, 24, 51]
[20, 24, 51]
[18, 24, 51]
[6, 24, 51]
[25, 51, 52]
[21, 51, 63]
[9, 51, 63]
[15, 51, 63]
[3, 51, 63]
[26, 51, 63]
[11, 51, 63]
[51, 52, 63]
[18, 51, 63]
[37, 51, 63]
[43, 51, 52]
[13, 32, 57]
[13, 39, 57]
[15, 55, 57]
[20, 56, 60]
[20, 60, 61]
[20, 35, 60]
[10, 20, 60]
[11, 20, 60]
[10, 29, 60]
[10, 31, 60]
[31, 34, 60]
[2, 60, 61]
[2, 35, 60]
[29, 45, 60]
[34, 45, 60]
[20, 33, 60]
[15, 60, 61]
[4, 60, 61]
[4, 17, 60]
[22, 60, 61]
[22, 45, 60]
[22, 33, 60]
[15, 22, 60]
[4, 34, 60]
[4, 9, 60]
[35, 48, 53]
[12, 35, 48]
[34, 35, 48]
[35, 38, 48]
[48, 53, 59]
[38, 48, 59]
[24, 48, 50]
[5, 48, 59]
[5, 38, 48]
[5, 48, 53]
[5, 38, 53]
[5, 8, 48]
[4, 10, 20]
[4, 11, 20]
[4, 20, 50]
[24, 38, 48]
[32, 45, 59]
[7, 21, 41]
[4, 20, 34]
[8, 35, 48]
[1, 13, 48]
[48, 52, 59]
[24, 37, 52]
[37, 47, 52]
[47, 52, 63]
[7, 52, 63]
[52, 55, 63]
[52, 53, 63]
[38, 52, 63]
[25, 52, 63]
[48, 52, 63]
[49, 52, 63]
[18, 52, 63]
[5, 52, 63]
[15, 52, 63]
[33, 55, 63]
[33, 40, 63]
[33, 48, 63]
[9, 53, 63]
[2, 48, 59]
[17, 18, 48]
[13, 18, 48]
[48, 59, 61]
[18, 39, 48]
[18, 21, 58]
[22, 30, 48]
[30, 48, 56]
[2, 30, 48]
[1, 48, 56]
[2, 48, 56]
[38, 48, 56]
[19, 46, 56]
[14, 45, 46]
[20, 35, 36]
[10, 19, 35]
[10, 19, 46]
[10, 27, 46]
[31, 33, 48]
[12, 33, 48]
[8, 33, 48]
[14, 27, 46]
[23, 59, 64]
[35, 36, 59]
[19, 36, 59]
[16, 36, 59]
[3, 36, 59]
[11, 36, 59]
[35, 36, 53]
[6, 35, 36]
[34, 35, 36]
[12, 35, 36]
[19, 35, 36]
[6, 24, 36]
[12, 24, 36]
[9, 36, 40]
[3, 36, 40]
[11, 36, 40]
[36, 40, 55]
[35, 36, 40]
[6, 36, 40]
[11, 40, 64]
[27, 40, 58]
[27, 35, 40]
[9, 36, 51]
[25, 36, 51]
[17, 36, 51]
[36, 52, 59]
[36, 55, 57]
[18, 36, 57]
[18, 36, 59]
[18, 24, 36]
[36, 46, 59]
[24, 36, 46]
[11, 46, 53]
[19, 42, 46]
[32, 46, 59]
[23, 31, 57]
[8, 23, 57]
[23, 57, 64]
[23, 35, 57]
[32, 39, 57]
[10, 40, 48]
[2, 10, 48]
[24, 33, 48]
[1, 33, 48]
[13, 33, 48]
[33, 48, 50]
[33, 48, 59]
[21, 36, 46]
[4, 45, 55]
[4, 5, 53]
[40, 48, 61]
[40, 48, 49]
[12, 48, 61]
[2, 48, 61]
[22, 48, 49]
[10, 19, 37]
[12, 48, 49]
[10, 35, 48]
[35, 45, 48]
[22, 37, 43]
[3, 22, 37]
[22, 37, 42]
[22, 26, 37]
[14, 22, 37]
[20, 26, 37]
[3, 20, 37]
[12, 26, 37]
[19, 37, 43]
[12, 37, 43]
[12, 16, 37]
[12, 37, 38]
[37, 43, 47]
[20, 37, 46]
[22, 37, 46]
[40, 55, 57]
[19, 27, 46]
[10, 15, 60]
[15, 52, 60]
[10, 47, 60]
[20, 47, 60]
[24, 46, 48]
[24, 46, 49]
[20, 24, 46]
[33, 39, 48]
[18, 33, 48]
[12, 48, 56]
[33, 48, 56]
[31, 40, 48]
[40, 48, 56]
[35, 40, 48]
[1, 54, 62]
[25, 48, 63]
[33, 40, 48]
[34, 36, 41]
[7, 36, 41]
[16, 36, 41]
[36, 41, 50]
[22, 36, 41]
[25, 36, 41]
[36, 41, 53]
[14, 26, 41]
[14, 25, 41]
[14, 41, 53]
[7, 41, 53]
[16, 41, 53]
[9, 22, 41]
[31, 34, 41]
[7, 31, 41]
[26, 31, 41]
[31, 36, 41]
[36, 41, 52]
[34, 41, 52]
[7, 41, 52]
[41, 43, 52]
[41, 47, 52]
[14, 41, 52]
[41, 52, 53]
[41, 52, 59]
[41, 50, 59]
[16, 41, 59]
[41, 53, 59]
[9, 41, 59]
[14, 41, 59]
[35, 41, 59]
[26, 35, 41]
[35, 36, 41]
[55, 61, 63]
[8, 55, 63]
[22, 55, 63]
[55, 63, 64]
[22, 63, 64]
[18, 46, 63]
[4, 20, 46]
[4, 13, 17]
[4, 13, 50]
[4, 13, 44]
[4, 8, 42]
[4, 20, 44]
[4, 8, 12]
[4, 13, 55]
[28, 50, 55]
[2, 28, 44]
[28, 57, 58]
[30, 35, 57]
[19, 35, 57]
[35, 47, 57]
[0, 32, 43]
[0, 43, 44]
[0, 6, 43]
[0, 17, 43]
[0, 42, 43]
[0, 33, 43]
[0, 22, 43]
[0, 19, 43]
[0, 38, 43]
[0, 16, 32]
[0, 17, 32]
[0, 32, 52]
[2, 6, 28]
[8, 28, 55]
[28, 45, 55]
[6, 23, 40]
[23, 31, 40]
[23, 35, 40]
[23, 40, 56]
[9, 23, 40]
[23, 40, 49]
[20, 26, 54]
[15, 20, 54]
[20, 54, 62]
[20, 34, 54]
[20, 35, 54]
[20, 49, 54]
[20, 54, 61]
[54, 59, 62]
[27, 58, 63]
[4, 44, 58]
[24, 48, 49]
[2, 35, 48]
[9, 54, 56]
[2, 9, 54]
[9, 54, 59]
[9, 54, 61]
[3, 15, 54]
[7, 15, 54]
[47, 54, 62]
[34, 54, 62]
[7, 50, 54]
[7, 54, 62]
[26, 54, 62]
[8, 15, 54]
[15, 19, 54]
[19, 26, 54]
[3, 14, 54]
[33, 54, 62]
[10, 24, 48]
[38, 48, 63]
[48, 53, 63]
[39, 48, 63]
[22, 48, 63]
[48, 49, 63]
[4, 12, 48]
[4, 34, 48]
[4, 17, 48]
[27, 39, 63]
[18, 24, 48]
[12, 21, 32]
[15, 21, 30]
[11, 21, 40]
[4, 13, 18]
[53, 54, 62]
[4, 10, 44]
[2, 28, 48]
[1, 28, 48]
[43, 54, 62]
[14, 53, 54]
[41, 54, 62]
[1, 41, 54]
[13, 14, 54]
[2, 26, 54]
[34, 41, 54]
[34, 35, 54]
[3, 35, 54]
[26, 41, 54]
[26, 35, 54]
[8, 35, 54]
[35, 53, 54]
[19, 35, 54]
[14, 35, 54]
[49, 54, 62]
[15, 49, 54]
[18, 21, 63]
[31, 46, 48]
[46, 48, 49]
[30, 45, 60]
[10, 52, 60]
[47, 52, 60]
[15, 60, 63]
[30, 56, 60]
[15, 21, 56]
[21, 40, 56]
[36, 40, 51]
[21, 46, 56]
[7, 21, 36]
[24, 45, 46]
[23, 40, 48]
[2, 46, 59]
[8, 23, 48]
[15, 39, 57]
[8, 55, 57]
[55, 57, 64]
[35, 40, 57]
[55, 57, 63]
[47, 55, 57]
[5, 13, 49]
[7, 52, 60]
[5, 24, 48]
[5, 6, 24]
[5, 24, 45]
[5, 53, 63]
[5, 11, 63]
[5, 38, 63]
[5, 47, 63]
[5, 26, 63]
[5, 30, 48]
[5, 30, 39]
[5, 30, 64]
[5, 30, 61]
[18, 48, 63]
[4, 10, 42]
[4, 10, 43]
[4, 10, 13]
[22, 60, 63]
[4, 9, 12]
[4, 10, 55]
[4, 9, 55]
[4, 55, 58]
[4, 9, 53]
[23, 30, 48]
[23, 48, 52]
[4, 8, 9]
[4, 16, 58]
[4, 17, 58]
[4, 13, 61]
[4, 12, 61]
[4, 10, 58]
[4, 18, 48]
[4, 48, 53]
[4, 8, 48]
[4, 13, 48]
[4, 10, 48]
[4, 48, 50]
[4, 39, 48]
[4, 48, 61]
[4, 12, 49]
[4, 49, 58]
[4, 48, 49]
[4, 11, 46]
[4, 42, 46]
[4, 46, 53]
[4, 45, 46]
[4, 10, 46]
[4, 9, 46]
[4, 46, 58]
[4, 46, 48]
[4, 46, 49]
[5, 15, 63]
[5, 58, 63]
[5, 39, 61]
[5, 8, 61]
[5, 39, 47]
[5, 53, 64]
[5, 39, 50]
[5, 6, 39]
[5, 15, 39]
[5, 8, 15]
[5, 13, 38]
[5, 13, 50]
[5, 6, 13]
[5, 26, 64]
[5, 27, 39]
[5, 15, 58]
[5, 15, 61]
[5, 31, 64]
[5, 31, 53]
[5, 39, 48]
[5, 27, 45]
[5, 22, 48]
[2, 5, 47]
[2, 5, 30]
[5, 30, 31]
[5, 49, 63]
[5, 49, 64]
[5, 39, 49]
[4, 5, 45]
[4, 5, 50]
[4, 5, 61]
[4, 5, 11]
[5, 59, 61]
[5, 59, 64]
[5, 50, 59]
[5, 15, 59]
[5, 38, 59]
[5, 11, 59]
[5, 31, 48]
[5, 45, 48]
[5, 48, 61]
[5, 48, 49]
[5, 13, 48]
[33, 60, 63]
[52, 60, 63]
[47, 60, 63]
[9, 60, 63]
[60, 61, 63]
[4, 5, 6]
[4, 5, 8]
[4, 5, 58]
[4, 5, 39]
[4, 5, 49]
[23, 24, 49]
[12, 32, 57]
[16, 32, 57]
[18, 57, 63]
[39, 57, 63]
[57, 63, 64]
[19, 55, 57]
[30, 55, 57]
[30, 39, 57]
[36, 39, 57]
[8, 36, 57]
[36, 40, 57]
[35, 36, 57]
[31, 36, 57]
[19, 36, 57]
[22, 30, 57]
[4, 20, 60]
[4, 45, 60]
[4, 5, 48]
[4, 5, 13]
[5, 13, 51]
[51, 52, 60]
[6, 36, 51]
[3, 36, 51]
[7, 36, 51]
[1, 36, 51]
[36, 50, 51]
[31, 36, 51]
[11, 36, 51]
[20, 36, 51]
[36, 51, 52]
[36, 45, 51]
[24, 36, 51]
[36, 46, 51]
[22, 46, 57]
[5, 22, 46]
[5, 46, 58]
[10, 23, 48]
[23, 48, 53]
[23, 51, 52]
[23, 24, 51]
[23, 35, 48]
[23, 48, 49]
[5, 31, 46]
[5, 46, 53]
[5, 46, 49]
[31, 40, 41]
[5, 11, 46]
[5, 46, 59]
[5, 27, 46]
[5, 45, 46]
[4, 5, 46]
[46, 49, 57]
[23, 45, 60]
[2, 23, 60]
[9, 23, 60]
[23, 56, 60]
[23, 31, 60]
[2, 28, 60]
[28, 29, 60]
[28, 45, 48]
[28, 45, 60]
[28, 51, 60]
[25, 28, 51]
[25, 40, 41]
[35, 40, 41]
[36, 40, 41]
[36, 41, 59]
[24, 41, 52]
[24, 36, 41]
[5, 26, 41]
[5, 41, 53]
[5, 41, 50]
[5, 39, 41]
[5, 41, 52]
[13, 41, 51]
[24, 41, 51]
[36, 37, 51]
[37, 45, 51]
[3, 37, 51]
[5, 41, 59]
[5, 31, 41]
[15, 21, 58]
[5, 24, 41]
[3, 37, 42]
[20, 37, 47]
[3, 37, 47]
[37, 47, 63]
[10, 27, 37]
[19, 27, 37]
[27, 37, 52]
[16, 27, 37]
[14, 27, 37]
[3, 37, 59]
[16, 37, 59]
[3, 9, 37]
[9, 16, 37]
[9, 37, 59]
[19, 37, 59]
[19, 37, 42]
[19, 37, 52]
[0, 9, 32]
[9, 54, 60]
[19, 37, 57]
[37, 39, 57]
[9, 27, 37]
[9, 37, 63]
[0, 9, 56]
[0, 2, 9]
[0, 9, 13]
[0, 9, 16]
[24, 37, 46]
[37, 42, 46]
[2, 37, 46]
[27, 37, 46]
[19, 37, 46]
[37, 46, 59]
[37, 45, 46]
[37, 46, 63]
[27, 37, 39]
[37, 52, 59]
[13, 23, 48]
[23, 40, 41]
[37, 38, 59]
[14, 37, 45]
[23, 48, 56]
[23, 41, 53]
[23, 35, 41]
[23, 31, 48]
[2, 23, 48]
[23, 54, 62]
[23, 53, 54]
[22, 23, 48]
[22, 23, 60]
[10, 23, 41]
[13, 23, 41]
[22, 23, 41]
[23, 25, 41]
[23, 41, 43]
[23, 41, 52]
[21, 23, 41]
[21, 23, 58]
[23, 31, 41]
[21, 23, 31]
[21, 31, 41]
[21, 31, 40]
[21, 23, 56]
[14, 23, 41]
[21, 23, 30]
[21, 23, 40]
[21, 30, 45]
[4, 21, 45]
[21, 32, 45]
[1, 18, 21]
[1, 21, 50]
[9, 21, 40]
[9, 21, 58]
[4, 9, 21]
[4, 21, 50]
[4, 18, 21]
[21, 40, 61]
[21, 40, 58]
[23, 24, 45]
[23, 24, 48]
[23, 48, 59]
[22, 37, 45]
[16, 37, 45]
[30, 37, 45]
[24, 37, 47]
[20, 24, 37]
[24, 37, 38]
[12, 24, 37]
[24, 37, 45]
[4, 21, 39]
[21, 39, 63]
[4, 21, 58]
[4, 12, 21]
[0, 12, 56]
[0, 48, 56]
[0, 14, 64]
[0, 6, 14]
[0, 14, 26]
[0, 14, 42]
[0, 13, 14]
[0, 6, 33]
[0, 3, 6]
[0, 6, 23]
[0, 23, 43]
[0, 2, 23]
[0, 23, 25]
[0, 23, 64]
[0, 23, 42]
[0, 13, 23]
[0, 14, 23]
[0, 23, 31]
[0, 9, 23]
[0, 22, 23]
[0, 23, 57]
[0, 23, 27]
[0, 7, 23]
[0, 23, 56]
[0, 23, 60]
[0, 23, 48]
[0, 23, 46]
[0, 23, 41]
[0, 25, 52]
[0, 12, 38]
[0, 26, 64]
[0, 19, 64]
[0, 16, 64]
[0, 17, 64]
[0, 11, 64]
[0, 33, 64]
[0, 32, 64]
[0, 16, 19]
[18, 28, 51]
[21, 58, 63]
[7, 21, 40]
[18, 21, 51]
[20, 21, 51]
[21, 30, 51]
[9, 21, 36]
[12, 21, 36]
[21, 31, 36]
[21, 36, 40]
[4, 21, 32]
[4, 21, 61]
[21, 36, 39]
[4, 21, 34]
[5, 27, 28]
[5, 8, 28]
[5, 28, 49]
[5, 26, 28]
[5, 28, 58]
[23, 46, 59]
[5, 28, 39]
[5, 28, 45]
[7, 28, 60]
[10, 28, 60]
[23, 28, 60]
[28, 48, 49]
[10, 28, 48]
[8, 28, 48]
[28, 48, 50]
[18, 28, 48]
[28, 49, 57]
[23, 41, 59]
[24, 46, 56]
[5, 46, 63]
[6, 28, 60]
[11, 28, 60]
[28, 31, 60]
[28, 39, 48]
[28, 31, 48]
[5, 6, 28]
[5, 28, 50]
[2, 5, 28]
[23, 24, 41]
[5, 28, 48]
[23, 28, 48]
[5, 28, 46]
[18, 28, 46]
[23, 24, 46]
[23, 46, 48]
[4, 11, 21]
[11, 21, 36]
[1, 21, 41]
[21, 36, 41]
[21, 29, 41]
[21, 41, 50]
[9, 21, 41]
[21, 39, 41]
[21, 46, 58]
[7, 21, 51]
[21, 51, 64]
[17, 21, 51]
[21, 40, 51]
[21, 26, 51]
[28, 44, 57]
[32, 46, 57]
[39, 46, 57]
[4, 21, 46]
[20, 21, 46]
[7, 21, 28]
[28, 55, 57]
[0, 3, 22]
[0, 3, 9]
[0, 3, 11]
[0, 3, 37]
[0, 17, 38]
[0, 7, 38]
[0, 38, 48]
[0, 6, 38]
[0, 22, 64]
[0, 42, 64]
[0, 22, 48]
[0, 48, 52]
[0, 12, 48]
[0, 17, 48]
[0, 48, 50]
[0, 6, 42]
[1, 21, 51]
[9, 21, 51]
[21, 45, 51]
[21, 23, 51]
[11, 21, 51]
[21, 31, 51]
[9, 21, 28]
[13, 28, 51]
[21, 28, 58]
[21, 28, 29]
[18, 28, 57]
[21, 28, 39]
[1, 21, 28]
[1, 28, 51]
[21, 23, 28]
[21, 28, 45]
[4, 50, 54]
[5, 50, 54]
[24, 50, 54]
[41, 50, 54]
[4, 5, 54]
[4, 43, 54]
[4, 53, 54]
[4, 34, 54]
[4, 54, 62]
[4, 8, 54]
[4, 20, 54]
[4, 9, 54]
[4, 54, 61]
[4, 49, 54]
[4, 54, 60]
[34, 54, 60]
[35, 54, 60]
[46, 57, 63]
[21, 29, 46]
[21, 32, 46]
[21, 23, 46]
[21, 39, 46]
[11, 21, 46]
[21, 31, 46]
[37, 38, 63]
[22, 37, 63]
[36, 37, 46]
[9, 36, 37]
[16, 36, 37]
[3, 36, 37]
[12, 36, 37]
[27, 36, 37]
[36, 37, 52]
[19, 36, 37]
[36, 37, 59]
[24, 36, 37]
[20, 36, 37]
[7, 36, 37]
[36, 37, 45]
[36, 37, 57]
[37, 57, 63]
[2, 37, 51]
[30, 37, 51]
[37, 47, 51]
[26, 37, 51]
[37, 43, 51]
[9, 37, 51]
[37, 51, 52]
[19, 37, 51]
[37, 46, 51]
[27, 37, 51]
[24, 37, 51]
[20, 37, 51]
[21, 46, 51]
[21, 36, 51]
[7, 37, 51]
[23, 28, 57]
[28, 39, 57]
[28, 31, 57]
[0, 14, 22]
[0, 1, 14]
[0, 16, 22]
[0, 1, 6]
[0, 1, 17]
[0, 22, 33]
[0, 41, 43]
[0, 17, 33]
[0, 1, 33]
[0, 12, 33]
[0, 7, 33]
[0, 33, 60]
[0, 1, 48]
[0, 25, 48]
[0, 19, 57]
[0, 32, 57]
[0, 57, 64]
[21, 28, 50]
[2, 28, 51]
[5, 28, 51]
[2, 28, 57]
[3, 28, 51]
[21, 28, 51]
[6, 28, 51]
[23, 28, 51]
[15, 54, 57]
[8, 54, 57]
[45, 54, 57]
[18, 54, 57]
[8, 24, 54]
[2, 28, 54]
[28, 45, 54]
[28, 50, 54]
[2, 35, 54]
[35, 54, 61]
[9, 41, 54]
[2, 54, 59]
[2, 54, 61]
[15, 54, 59]
[14, 54, 59]
[4, 13, 54]
[54, 61, 62]
[41, 53, 54]
[14, 41, 54]
[15, 54, 61]
[3, 54, 61]
[41, 43, 54]
[14, 23, 54]
[9, 23, 54]
[8, 23, 54]
[23, 45, 54]
[13, 41, 54]
[7, 49, 54]
[7, 41, 54]
[23, 24, 54]
[15, 24, 54]
[24, 54, 62]
[19, 54, 56]
[1, 54, 56]
[2, 54, 56]
[15, 54, 56]
[33, 45, 54]
[23, 35, 54]
[7, 23, 54]
[13, 23, 54]
[23, 41, 54]
[23, 49, 54]
[23, 54, 60]
[0, 23, 54]
[23, 54, 59]
[23, 54, 57]
[23, 28, 54]
[7, 54, 60]
[47, 54, 60]
[5, 45, 54]
[45, 54, 60]
[15, 54, 60]
[7, 33, 54]
[33, 54, 60]
[54, 60, 61]
[20, 54, 60]
[5, 14, 54]
[5, 54, 62]
[5, 53, 54]
[5, 26, 54]
[5, 8, 54]
[5, 54, 61]
[5, 15, 54]
[5, 13, 54]
[5, 49, 54]
[5, 41, 54]
[33, 54, 56]
[54, 56, 60]
[13, 51, 54]
[13, 18, 54]
[3, 18, 54]
[4, 18, 54]
[18, 34, 54]
[18, 19, 54]
[18, 33, 54]
[14, 18, 54]
[9, 54, 57]
[47, 54, 57]
[11, 21, 28]
[35, 45, 54]
[24, 45, 54]
[24, 33, 54]
[19, 54, 57]
[7, 54, 57]
[14, 24, 54]
[49, 54, 57]
[2, 24, 54]
[3, 54, 57]
[35, 54, 57]
[37, 54, 57]
[18, 24, 54]
[24, 54, 61]
[35, 54, 56]
[28, 46, 57]
[28, 46, 49]
[28, 37, 51]
[10, 28, 37]
[27, 28, 37]
[2, 28, 37]
[28, 37, 62]
[26, 28, 37]
[9, 28, 37]
[28, 37, 57]
[3, 28, 37]
[0, 2, 37]
[0, 37, 42]
[0, 37, 38]
[0, 16, 37]
[2, 37, 54]
[28, 37, 54]
[20, 37, 54]
[37, 47, 54]
[21, 28, 31]
[28, 31, 51]
[11, 28, 51]
[28, 50, 51]
[28, 29, 46]
[10, 28, 46]
[26, 28, 51]
[7, 28, 51]
[28, 54, 57]
[3, 54, 59]
[28, 31, 46]
[21, 28, 46]
[28, 46, 58]
[28, 45, 46]
[54, 59, 61]
[33, 54, 59]
[35, 54, 59]
[18, 54, 59]
[20, 24, 54]
[24, 49, 54]
[5, 24, 54]
[3, 24, 54]
[5, 54, 59]
[35, 41, 54]
[24, 41, 54]
[7, 28, 54]
[26, 28, 54]
[28, 54, 62]
[28, 46, 48]
[2, 28, 46]
[28, 46, 51]
[28, 51, 54]
[18, 28, 54]
[5, 28, 54]
[28, 49, 54]
[8, 28, 54]
[28, 54, 60]
[3, 28, 54]
[37, 54, 59]
[41, 54, 59]
[26, 37, 54]
[7, 37, 54]
[24, 37, 54]
[37, 45, 54]
[19, 37, 54]
[14, 37, 54]
[37, 54, 62]
[3, 37, 54]
[9, 37, 54]
[0, 27, 46]
[0, 52, 60]
[0, 33, 50]
[0, 13, 17]
[0, 13, 32]
[0, 13, 43]
[0, 13, 42]
[0, 13, 33]
[0, 1, 3]
[0, 1, 13]
[0, 25, 56]
[0, 42, 56]
[0, 1, 56]
[0, 33, 56]
[0, 11, 25]
[0, 7, 11]
[0, 1, 11]
[0, 1, 54]
[0, 1, 31]
[0, 2, 11]
[0, 9, 41]
[0, 9, 60]
[0, 9, 22]
[0, 9, 12]
[0, 9, 27]
[0, 9, 37]
[0, 9, 36]
[0, 9, 31]
[0, 9, 14]
[0, 9, 54]
[0, 9, 46]
[0, 25, 27]
[0, 7, 27]
[0, 1, 27]
[0, 2, 48]
[0, 2, 7]
[0, 2, 44]
[0, 27, 33]
[0, 11, 33]
[0, 26, 33]
[0, 11, 44]
[0, 11, 38]
[0, 25, 26]
[0, 26, 56]
[0, 7, 54]
[0, 43, 54]
[0, 54, 60]
[0, 54, 62]
[0, 13, 54]
[0, 19, 54]
[0, 54, 56]
[0, 14, 54]
[0, 3, 54]
[0, 33, 54]
[0, 50, 54]
[0, 41, 54]
[0, 2, 54]
[0, 37, 54]
[0, 54, 57]
[0, 26, 54]
[0, 31, 48]
[0, 39, 48]
[0, 13, 48]
[0, 2, 43]
[0, 2, 42]
[0, 2, 56]
[0, 2, 6]
[0, 2, 16]
[0, 2, 26]
[0, 26, 37]
[0, 37, 43]
[0, 11, 46]
[0, 25, 46]
[0, 42, 46]
[0, 32, 46]
[0, 46, 56]
[0, 2, 46]
[0, 46, 48]
[0, 22, 46]
[0, 19, 46]
[0, 14, 46]
[0, 36, 46]
[0, 37, 46]
[0, 14, 37]
[0, 19, 37]
[0, 7, 37]
[0, 27, 37]
[0, 37, 52]
[0, 22, 37]
[0, 37, 57]
[0, 36, 37]
[0, 33, 48]
[0, 31, 33]
[0, 14, 27]
[0, 2, 32]
[0, 27, 32]
[0, 27, 50]
[0, 41, 50]
[0, 2, 64]
[0, 22, 27]
[0, 27, 48]
[0, 19, 27]
[0, 27, 52]
[0, 16, 27]
[0, 13, 27]
[0, 2, 13]
[0, 25, 41]
[0, 7, 41]
[0, 1, 41]
[0, 27, 39]
[0, 41, 44]
[0, 22, 41]
[0, 26, 41]
[0, 14, 41]
[0, 16, 41]
[0, 44, 57]
[0, 46, 57]
[0, 16, 57]
[0, 3, 57]
[0, 56, 57]
[0, 12, 57]
[0, 22, 57]
[0, 13, 57]
[0, 13, 41]
[0, 7, 57]
[0, 39, 57]
[0, 33, 57]
[0, 2, 57]
[0, 31, 46]
[0, 31, 57]
[0, 31, 44]
[0, 31, 41]
[0, 31, 50]
[0, 16, 36]
[0, 3, 36]
[0, 7, 36]
[0, 11, 36]
[0, 17, 36]
[0, 25, 36]
[0, 1, 36]
[0, 19, 36]
[0, 22, 36]
[0, 27, 36]
[0, 12, 36]
[0, 31, 36]
[0, 36, 41]
[0, 36, 50]
[0, 36, 52]
[0, 36, 57]
[0, 6, 36]
