[1, 6, 14, 39]
[4, 6, 14, 39]
[15, 23, 31, 36]
[6, 15, 23, 28]
[6, 15, 16, 23]
[6, 15, 19, 23]
[11, 15, 20, 36]
[3, 15, 20, 36]
[4, 15, 23, 36]
[4, 6, 15, 23]
[4, 6, 13, 15]
[2, 4, 6, 15]
[4, 6, 15, 26]
[4, 13, 15, 32]
[4, 11, 15, 32]
[15, 20, 32, 34]
[15, 19, 20, 34]
[15, 20, 26, 34]
[13, 15, 32, 34]
[15, 19, 32, 34]
[15, 32, 34, 35]
[2, 15, 32, 34]
[6, 13, 15, 28]
[3, 6, 13, 15]
[2, 12, 15, 44]
[12, 15, 35, 44]
[12, 15, 16, 35]
[12, 15, 16, 19]
[3, 15, 16, 35]
[15, 16, 17, 35]
[3, 15, 16, 17]
[12, 15, 16, 17]
[16, 21, 37, 40]
[5, 16, 37, 40]
[11, 20, 37, 40]
[5, 20, 37, 40]
[16, 20, 37, 40]
[16, 20, 21, 40]
[14, 20, 21, 40]
[14, 20, 25, 40]
[10, 20, 25, 34]
[5, 10, 20, 34]
[5, 20, 29, 34]
[10, 20, 34, 37]
[5, 20, 34, 37]
[5, 14, 20, 40]
[14, 20, 30, 40]
[14, 20, 21, 25]
[3, 14, 20, 21]
[3, 14, 20, 25]
[3, 5, 14, 20]
[3, 14, 20, 30]
[7, 12, 14, 25]
[7, 12, 25, 35]
[10, 20, 31, 34]
[10, 17, 20, 37]
[5, 17, 20, 37]
[20, 21, 37, 40]
[3, 17, 20, 37]
[17, 20, 30, 37]
[3, 10, 20, 37]
[3, 20, 37, 42]
[3, 5, 20, 37]
[3, 20, 21, 37]
[20, 21, 37, 42]
[5, 10, 20, 37]
[5, 11, 20, 37]
[5, 20, 37, 44]
[20, 29, 31, 34]
[3, 10, 17, 20]
[3, 5, 17, 20]
[5, 10, 17, 20]
[10, 17, 20, 30]
[3, 17, 20, 30]
[3, 10, 20, 31]
[3, 5, 10, 20]
[15, 20, 31, 36]
[15, 20, 36, 44]
[23, 24, 36, 43]
[23, 31, 33, 36]
[4, 7, 23, 36]
[4, 7, 13, 36]
[21, 28, 39, 42]
[13, 21, 28, 39]
[9, 13, 21, 39]
[13, 21, 39, 43]
[9, 21, 39, 42]
[2, 12, 22, 31]
[2, 10, 22, 31]
[2, 3, 22, 31]
[4, 23, 36, 43]
[5, 11, 20, 31]
[5, 20, 29, 31]
[5, 10, 20, 31]
[5, 19, 20, 31]
[11, 19, 20, 31]
[5, 12, 17, 22]
[5, 12, 17, 35]
[5, 12, 18, 35]
[12, 18, 24, 38]
[18, 24, 38, 42]
[18, 24, 38, 41]
[18, 25, 35, 42]
[24, 30, 42, 43]
[24, 25, 42, 43]
[27, 33, 35, 44]
[1, 21, 29, 41]
[13, 21, 27, 43]
[17, 27, 33, 35]
[13, 25, 39, 43]
[25, 39, 42, 43]
[14, 24, 25, 43]
[1, 14, 21, 39]
[1, 13, 21, 39]
[1, 6, 13, 39]
[1, 6, 33, 39]
[8, 11, 20, 31]
[8, 11, 20, 40]
[8, 20, 25, 40]
[8, 10, 20, 31]
[8, 10, 20, 25]
[8, 20, 31, 36]
[8, 11, 20, 36]
[1, 6, 13, 28]
[1, 13, 28, 39]
[1, 28, 39, 41]
[1, 21, 28, 39]
[1, 6, 28, 39]
[1, 21, 39, 41]
[1, 21, 33, 39]
[2, 8, 12, 18]
[2, 8, 11, 12]
[2, 8, 12, 44]
[2, 8, 12, 31]
[2, 4, 8, 10]
[2, 4, 8, 11]
[2, 4, 6, 8]
[2, 6, 8, 33]
[2, 6, 8, 38]
[6, 8, 19, 33]
[6, 8, 33, 38]
[4, 6, 8, 38]
[6, 8, 13, 38]
[4, 6, 8, 13]
[6, 28, 39, 42]
[6, 13, 28, 39]
[6, 33, 39, 42]
[6, 26, 33, 39]
[6, 14, 26, 39]
[4, 6, 26, 39]
[12, 18, 25, 35]
[12, 18, 24, 25]
[5, 12, 18, 31]
[1, 7, 12, 14]
[3, 10, 22, 37]
[3, 17, 22, 37]
[30, 37, 39, 40]
[30, 37, 39, 42]
[30, 37, 39, 43]
[17, 30, 37, 39]
[10, 17, 30, 37]
[10, 30, 37, 43]
[30, 37, 42, 43]
[11, 30, 37, 40]
[3, 10, 30, 37]
[10, 22, 30, 37]
[22, 30, 37, 43]
[17, 22, 30, 37]
[3, 22, 30, 37]
[13, 22, 30, 37]
[3, 17, 30, 37]
[3, 30, 37, 42]
[10, 20, 30, 37]
[20, 30, 37, 42]
[5, 17, 22, 37]
[5, 10, 22, 37]
[10, 17, 22, 37]
[10, 22, 37, 43]
[23, 28, 38, 42]
[18, 23, 28, 38]
[18, 28, 38, 41]
[2, 12, 17, 22]
[2, 10, 17, 22]
[2, 18, 34, 41]
[2, 18, 31, 34]
[5, 9, 18, 35]
[5, 9, 18, 29]
[5, 9, 18, 31]
[5, 18, 29, 31]
[5, 8, 10, 18]
[8, 10, 18, 25]
[14, 19, 20, 40]
[16, 19, 23, 43]
[15, 16, 19, 23]
[16, 17, 22, 37]
[5, 16, 22, 37]
[16, 22, 37, 43]
[3, 16, 22, 37]
[3, 5, 22, 37]
[2, 12, 15, 31]
[2, 8, 27, 33]
[8, 27, 33, 44]
[2, 8, 27, 44]
[2, 8, 27, 31]
[8, 27, 31, 33]
[5, 8, 10, 22]
[2, 8, 10, 22]
[8, 10, 22, 31]
[8, 10, 22, 25]
[2, 8, 12, 22]
[8, 12, 22, 31]
[2, 8, 22, 31]
[8, 27, 35, 44]
[8, 27, 32, 40]
[8, 25, 32, 40]
[8, 32, 35, 40]
[8, 11, 32, 40]
[8, 11, 19, 40]
[5, 8, 11, 40]
[8, 11, 12, 19]
[8, 11, 19, 33]
[8, 11, 19, 31]
[2, 8, 11, 33]
[2, 8, 33, 44]
[2, 8, 31, 33]
[8, 12, 35, 44]
[5, 8, 12, 44]
[5, 8, 12, 31]
[5, 8, 35, 44]
[5, 8, 12, 35]
[5, 8, 19, 40]
[5, 8, 35, 40]
[5, 8, 20, 40]
[8, 19, 27, 40]
[8, 19, 35, 40]
[5, 8, 10, 19]
[5, 8, 12, 19]
[5, 8, 19, 31]
[5, 8, 19, 35]
[2, 8, 27, 38]
[8, 27, 33, 38]
[8, 27, 35, 40]
[8, 25, 35, 40]
[5, 8, 10, 31]
[5, 8, 11, 12]
[5, 8, 11, 31]
[5, 8, 13, 35]
[5, 8, 13, 22]
[5, 8, 12, 22]
[5, 8, 22, 31]
[5, 8, 18, 31]
[5, 8, 12, 18]
[5, 8, 18, 35]
[5, 8, 20, 44]
[5, 8, 20, 31]
[5, 8, 11, 20]
[5, 8, 10, 20]
[5, 8, 10, 34]
[5, 8, 13, 34]
[5, 8, 31, 34]
[5, 8, 34, 35]
[5, 8, 18, 34]
[5, 8, 20, 34]
[0, 5, 8, 12]
[0, 5, 8, 13]
[0, 5, 8, 31]
[0, 5, 8, 35]
[0, 5, 8, 40]
[0, 5, 8, 18]
[0, 5, 8, 11]
[0, 8, 11, 12]
[0, 8, 11, 31]
[0, 8, 11, 33]
[0, 8, 11, 40]
[0, 8, 11, 30]
[0, 8, 13, 30]
[0, 8, 30, 33]
[0, 8, 30, 40]
[0, 8, 35, 40]
[0, 8, 12, 35]
[0, 8, 13, 35]
[0, 8, 12, 31]
[0, 12, 15, 31]
[0, 9, 15, 31]
[0, 9, 29, 31]
[0, 16, 24, 43]
[0, 16, 21, 43]
[0, 9, 21, 29]
[9, 21, 37, 42]
[21, 37, 42, 43]
[16, 21, 37, 43]
[2, 15, 31, 41]
[2, 8, 10, 31]
[0, 5, 29, 31]
[0, 5, 9, 31]
[0, 5, 9, 29]
[5, 9, 29, 31]
[5, 16, 17, 37]
[0, 5, 16, 40]
[0, 5, 35, 40]
[5, 16, 35, 40]
[0, 12, 16, 24]
[24, 29, 34, 41]
[29, 31, 34, 41]
[15, 31, 34, 41]
[13, 34, 37, 43]
[2, 31, 34, 41]
[2, 15, 34, 41]
[2, 8, 31, 34]
[2, 15, 31, 34]
[0, 7, 9, 13]
[0, 9, 13, 15]
[0, 14, 24, 43]
[0, 14, 21, 43]
[0, 9, 13, 21]
[4, 10, 22, 43]
[4, 8, 10, 22]
[4, 10, 22, 37]
[13, 22, 37, 43]
[0, 8, 31, 33]
[2, 8, 10, 34]
[10, 18, 25, 34]
[12, 16, 22, 25]
[7, 12, 22, 25]
[1, 12, 16, 22]
[1, 7, 12, 22]
[12, 16, 17, 22]
[1, 16, 22, 37]
[3, 16, 17, 37]
[3, 13, 21, 37]
[3, 21, 37, 42]
[3, 16, 21, 37]
[1, 16, 21, 37]
[1, 21, 37, 41]
[0, 1, 21, 29]
[0, 14, 21, 40]
[0, 1, 14, 21]
[0, 1, 13, 21]
[0, 13, 21, 43]
[0, 16, 21, 40]
[0, 1, 16, 21]
[13, 21, 37, 43]
[13, 21, 25, 43]
[14, 21, 25, 43]
[13, 21, 25, 39]
[14, 21, 25, 39]
[1, 30, 33, 39]
[6, 13, 26, 39]
[8, 10, 18, 30]
[3, 10, 18, 30]
[10, 18, 30, 38]
[10, 19, 20, 30]
[8, 10, 19, 30]
[11, 12, 15, 32]
[0, 11, 12, 32]
[8, 11, 12, 32]
[0, 11, 12, 31]
[0, 11, 12, 26]
[11, 12, 15, 31]
[11, 12, 15, 26]
[0, 11, 12, 15]
[8, 11, 12, 31]
[11, 12, 26, 31]
[2, 11, 12, 15]
[2, 11, 12, 31]
[8, 11, 12, 38]
[11, 12, 26, 38]
[0, 11, 15, 31]
[0, 11, 15, 26]
[11, 15, 26, 31]
[11, 15, 26, 41]
[4, 11, 15, 26]
[4, 11, 26, 40]
[4, 8, 11, 40]
[4, 5, 11, 40]
[4, 5, 8, 11]
[4, 5, 11, 26]
[4, 5, 26, 40]
[4, 5, 13, 26]
[12, 16, 32, 35]
[7, 12, 32, 35]
[9, 21, 29, 32]
[0, 9, 21, 32]
[8, 31, 33, 36]
[8, 33, 36, 44]
[13, 34, 38, 43]
[34, 37, 39, 43]
[16, 24, 38, 43]
[8, 13, 34, 38]
[2, 8, 34, 38]
[24, 34, 38, 43]
[24, 34, 38, 41]
[24, 38, 42, 43]
[2, 34, 38, 41]
[16, 19, 24, 43]
[2, 12, 15, 17]
[2, 12, 17, 38]
[12, 16, 17, 38]
[12, 16, 24, 38]
[0, 12, 14, 24]
[12, 16, 19, 24]
[12, 14, 19, 24]
[7, 12, 14, 19]
[8, 19, 31, 33]
[15, 19, 34, 41]
[19, 31, 34, 41]
[13, 34, 37, 39]
[13, 34, 39, 43]
[34, 37, 39, 41]
[13, 37, 39, 43]
[37, 39, 42, 43]
[9, 37, 39, 42]
[15, 19, 31, 41]
[14, 19, 24, 43]
[8, 19, 31, 34]
[15, 19, 31, 34]
[19, 24, 34, 43]
[25, 34, 39, 43]
[18, 28, 39, 41]
[18, 34, 39, 41]
[18, 29, 31, 41]
[18, 29, 34, 41]
[19, 24, 34, 41]
[8, 19, 20, 40]
[8, 20, 36, 44]
[5, 12, 35, 44]
[37, 39, 43, 44]
[9, 13, 37, 39]
[7, 9, 13, 39]
[1, 7, 13, 39]
[1, 7, 14, 39]
[1, 37, 39, 41]
[1, 28, 29, 41]
[1, 13, 22, 37]
[1, 13, 37, 39]
[1, 7, 13, 22]
[1, 7, 13, 36]
[0, 1, 7, 13]
[0, 1, 7, 14]
[1, 7, 14, 19]
[15, 19, 23, 31]
[0, 15, 23, 31]
[0, 15, 16, 23]
[0, 23, 29, 31]
[0, 16, 23, 43]
[0, 23, 24, 43]
[16, 23, 24, 43]
[23, 24, 42, 43]
[19, 23, 24, 43]
[16, 19, 23, 24]
[0, 16, 23, 24]
[0, 23, 24, 29]
[0, 21, 23, 29]
[0, 21, 23, 43]
[0, 16, 21, 23]
[16, 21, 23, 43]
[21, 23, 42, 43]
[21, 23, 28, 42]
[21, 23, 28, 29]
[23, 38, 42, 43]
[16, 23, 38, 43]
[23, 24, 38, 43]
[23, 24, 38, 42]
[16, 23, 24, 38]
[21, 39, 42, 43]
[21, 37, 39, 43]
[21, 37, 39, 41]
[13, 21, 37, 39]
[0, 27, 29, 31]
[0, 23, 27, 31]
[0, 8, 27, 31]
[23, 27, 29, 31]
[21, 37, 39, 42]
[1, 13, 21, 37]
[1, 21, 37, 39]
[19, 27, 35, 40]
[0, 27, 35, 40]
[0, 13, 27, 35]
[0, 8, 27, 35]
[8, 13, 27, 35]
[0, 15, 16, 35]
[0, 13, 15, 35]
[0, 9, 15, 35]
[3, 14, 19, 24]
[3, 16, 19, 24]
[3, 16, 19, 35]
[3, 13, 22, 37]
[3, 15, 19, 35]
[14, 21, 39, 40]
[18, 28, 38, 42]
[8, 12, 18, 38]
[0, 12, 18, 24]
[8, 10, 19, 31]
[8, 10, 19, 20]
[1, 7, 19, 35]
[0, 1, 7, 35]
[0, 7, 13, 35]
[0, 7, 9, 35]
[1, 7, 13, 35]
[7, 9, 13, 35]
[0, 1, 16, 35]
[0, 1, 13, 35]
[0, 9, 13, 35]
[1, 16, 19, 35]
[15, 16, 19, 35]
[9, 13, 15, 35]
[0, 16, 35, 40]
[16, 19, 35, 40]
[0, 13, 26, 35]
[0, 1, 12, 35]
[0, 12, 16, 35]
[0, 8, 18, 35]
[18, 28, 29, 41]
[18, 23, 28, 29]
[0, 9, 18, 35]
[9, 18, 35, 42]
[18, 28, 39, 42]
[1, 13, 34, 39]
[1, 34, 39, 41]
[4, 14, 26, 39]
[4, 6, 14, 26]
[0, 1, 6, 14]
[8, 13, 34, 35]
[8, 18, 34, 35]
[18, 23, 28, 42]
[6, 23, 28, 42]
[14, 21, 39, 43]
[18, 23, 31, 34]
[23, 29, 31, 34]
[18, 31, 34, 41]
[18, 29, 31, 34]
[8, 18, 31, 34]
[13, 15, 34, 35]
[1, 13, 34, 35]
[3, 13, 15, 35]
[4, 13, 22, 37]
[4, 13, 37, 43]
[4, 6, 13, 22]
[4, 6, 13, 37]
[4, 13, 15, 36]
[4, 11, 15, 36]
[11, 15, 32, 41]
[0, 9, 13, 32]
[7, 9, 13, 32]
[9, 13, 32, 37]
[9, 13, 32, 35]
[7, 9, 32, 35]
[4, 23, 27, 43]
[23, 24, 27, 29]
[23, 24, 27, 43]
[24, 27, 29, 32]
[24, 29, 32, 41]
[4, 13, 27, 32]
[13, 27, 32, 35]
[7, 13, 32, 35]
[1, 16, 32, 35]
[1, 13, 32, 35]
[3, 13, 32, 35]
[3, 16, 32, 35]
[3, 16, 17, 35]
[3, 16, 19, 32]
[0, 16, 24, 25]
[0, 24, 25, 32]
[0, 13, 25, 32]
[0, 16, 25, 32]
[0, 7, 25, 32]
[0, 7, 13, 25]
[0, 16, 25, 43]
[0, 13, 25, 43]
[3, 24, 25, 42]
[3, 16, 24, 25]
[3, 24, 25, 32]
[3, 16, 22, 25]
[3, 13, 22, 25]
[3, 13, 25, 32]
[3, 16, 25, 32]
[3, 13, 25, 35]
[3, 25, 32, 35]
[3, 16, 25, 35]
[3, 25, 35, 42]
[3, 16, 17, 22]
[3, 13, 32, 37]
[3, 16, 32, 37]
[3, 16, 24, 32]
[3, 14, 24, 25]
[2, 11, 12, 32]
[17, 26, 37, 39]
[2, 17, 27, 38]
[12, 17, 26, 38]
[4, 14, 39, 40]
[4, 7, 14, 39]
[4, 37, 39, 40]
[4, 11, 39, 40]
[11, 37, 39, 40]
[3, 10, 19, 30]
[3, 14, 19, 30]
[14, 30, 39, 40]
[11, 30, 39, 40]
[7, 14, 30, 39]
[7, 13, 30, 39]
[1, 7, 30, 39]
[13, 30, 37, 39]
[1, 30, 37, 39]
[1, 13, 30, 39]
[1, 14, 30, 39]
[13, 30, 39, 43]
[14, 19, 20, 30]
[19, 20, 30, 40]
[3, 19, 20, 30]
[3, 16, 19, 20]
[3, 14, 19, 20]
[3, 10, 19, 20]
[3, 19, 20, 32]
[10, 19, 20, 32]
[19, 20, 32, 40]
[16, 19, 20, 32]
[8, 19, 20, 32]
[11, 19, 20, 32]
[11, 19, 20, 40]
[8, 11, 19, 20]
[16, 19, 20, 40]
[19, 23, 24, 27]
[5, 11, 19, 26]
[11, 15, 19, 26]
[2, 11, 15, 26]
[1, 13, 32, 39]
[1, 32, 39, 41]
[1, 7, 32, 39]
[7, 13, 32, 39]
[7, 9, 32, 39]
[9, 13, 32, 39]
[13, 32, 37, 39]
[32, 37, 39, 41]
[9, 32, 37, 39]
[15, 32, 34, 41]
[15, 19, 34, 35]
[0, 5, 13, 35]
[0, 5, 16, 35]
[0, 13, 32, 35]
[0, 27, 32, 35]
[0, 16, 32, 35]
[0, 9, 32, 35]
[0, 7, 32, 35]
[0, 32, 35, 40]
[0, 8, 32, 35]
[0, 13, 27, 32]
[0, 27, 29, 32]
[0, 9, 29, 32]
[0, 7, 13, 32]
[0, 7, 9, 32]
[0, 13, 30, 43]
[0, 14, 30, 43]
[0, 24, 30, 43]
[0, 24, 29, 30]
[0, 14, 24, 30]
[0, 7, 13, 30]
[0, 7, 14, 30]
[0, 14, 30, 40]
[11, 19, 32, 40]
[11, 32, 39, 40]
[0, 11, 32, 40]
[0, 8, 11, 32]
[0, 24, 29, 32]
[11, 32, 37, 39]
[11, 32, 37, 41]
[23, 24, 27, 38]
[0, 23, 27, 29]
[0, 23, 24, 27]
[2, 8, 12, 38]
[12, 16, 17, 35]
[19, 23, 31, 34]
[2, 10, 17, 38]
[0, 7, 12, 14]
[0, 1, 12, 14]
[2, 11, 31, 41]
[2, 11, 38, 41]
[2, 4, 11, 38]
[3, 10, 19, 31]
[2, 3, 10, 31]
[3, 10, 22, 31]
[2, 3, 10, 22]
[2, 3, 17, 22]
[3, 10, 18, 31]
[2, 3, 18, 31]
[10, 18, 31, 34]
[18, 28, 30, 38]
[18, 28, 30, 42]
[18, 28, 29, 30]
[18, 30, 38, 42]
[18, 30, 39, 42]
[18, 28, 30, 39]
[3, 18, 30, 42]
[18, 24, 30, 42]
[18, 24, 29, 30]
[18, 24, 30, 38]
[3, 18, 24, 30]
[8, 18, 30, 38]
[18, 24, 29, 41]
[9, 18, 29, 31]
[10, 17, 26, 38]
[9, 26, 29, 31]
[26, 29, 31, 41]
[2, 10, 17, 26]
[8, 10, 18, 34]
[18, 34, 38, 41]
[10, 18, 34, 38]
[8, 18, 34, 38]
[7, 9, 13, 26]
[9, 13, 26, 39]
[4, 13, 32, 39]
[13, 32, 34, 39]
[4, 7, 13, 32]
[4, 8, 13, 36]
[3, 6, 22, 37]
[1, 6, 22, 37]
[2, 4, 8, 38]
[2, 4, 10, 38]
[2, 4, 26, 38]
[2, 10, 31, 34]
[4, 8, 13, 38]
[4, 13, 26, 38]
[0, 26, 29, 31]
[0, 9, 26, 29]
[0, 9, 26, 31]
[0, 14, 21, 25]
[0, 21, 25, 40]
[0, 12, 14, 25]
[0, 8, 12, 25]
[0, 7, 12, 25]
[0, 12, 16, 25]
[0, 12, 25, 26]
[0, 12, 25, 35]
[8, 12, 22, 25]
[8, 13, 22, 25]
[0, 8, 13, 25]
[7, 13, 22, 25]
[3, 10, 17, 22]
[4, 8, 11, 38]
[4, 23, 38, 43]
[4, 13, 38, 43]
[23, 27, 38, 43]
[0, 23, 27, 43]
[0, 7, 9, 26]
[4, 8, 27, 40]
[4, 8, 27, 38]
[0, 8, 27, 40]
[4, 23, 27, 38]
[4, 27, 38, 43]
[0, 1, 7, 30]
[0, 1, 14, 30]
[0, 14, 26, 40]
[0, 7, 14, 26]
[4, 7, 14, 26]
[0, 1, 12, 16]
[0, 1, 7, 12]
[0, 8, 13, 27]
[0, 13, 27, 43]
[8, 13, 27, 38]
[13, 27, 38, 43]
[4, 8, 13, 27]
[4, 7, 13, 22]
[4, 13, 27, 38]
[4, 13, 27, 43]
[4, 8, 13, 22]
[4, 8, 10, 38]
[8, 11, 31, 36]
[4, 8, 11, 36]
[0, 24, 27, 29]
[23, 24, 29, 34]
[23, 24, 34, 38]
[1, 29, 34, 41]
[8, 10, 34, 38]
[8, 10, 31, 34]
[10, 34, 38, 43]
[23, 34, 38, 43]
[23, 24, 34, 43]
[24, 27, 38, 43]
[0, 24, 27, 43]
[4, 13, 22, 43]
[4, 13, 36, 43]
[4, 10, 38, 43]
[4, 10, 37, 43]
[4, 22, 37, 43]
[10, 34, 37, 43]
[1, 34, 37, 41]
[1, 13, 34, 37]
[4, 11, 37, 40]
[3, 10, 17, 37]
[3, 13, 15, 36]
[3, 15, 31, 36]
[11, 15, 31, 36]
[11, 15, 31, 41]
[0, 12, 15, 16]
[15, 23, 31, 34]
[12, 15, 17, 35]
[0, 12, 15, 35]
[0, 7, 12, 35]
[1, 7, 12, 35]
[1, 12, 16, 35]
[11, 37, 39, 41]
[1, 34, 37, 39]
[4, 13, 37, 39]
[4, 11, 37, 39]
[4, 37, 39, 43]
[4, 14, 39, 43]
[4, 13, 39, 43]
[4, 7, 13, 39]
[13, 28, 30, 39]
[28, 30, 39, 40]
[28, 30, 39, 42]
[17, 28, 30, 39]
[14, 30, 39, 43]
[30, 39, 42, 43]
[11, 30, 37, 39]
[7, 12, 19, 35]
[12, 15, 19, 35]
[12, 16, 19, 35]
[11, 15, 19, 41]
[11, 15, 19, 31]
[3, 15, 17, 35]
[8, 10, 19, 34]
[3, 15, 16, 19]
[1, 19, 34, 41]
[1, 19, 34, 35]
[10, 19, 31, 34]
[11, 12, 15, 19]
[8, 19, 27, 35]
[6, 23, 28, 38]
[8, 12, 19, 35]
[8, 12, 19, 31]
[19, 24, 27, 43]
[8, 19, 27, 31]
[3, 15, 19, 31]
[8, 12, 18, 31]
[8, 12, 18, 35]
[19, 21, 23, 33]
[21, 23, 27, 33]
[21, 23, 33, 42]
[19, 21, 27, 33]
[0, 7, 23, 33]
[0, 23, 31, 33]
[23, 33, 38, 42]
[7, 23, 33, 36]
[18, 23, 25, 34]
[7, 19, 23, 33]
[19, 23, 31, 33]
[19, 23, 27, 31]
[19, 23, 27, 43]
[12, 15, 19, 31]
[1, 12, 14, 19]
[1, 7, 12, 19]
[1, 12, 16, 19]
[1, 12, 19, 35]
[18, 23, 38, 42]
[18, 23, 24, 42]
[18, 23, 24, 38]
[18, 23, 24, 29]
[18, 23, 29, 31]
[0, 18, 23, 31]
[4, 7, 14, 25]
[23, 25, 42, 43]
[16, 23, 25, 43]
[11, 19, 31, 41]
[6, 16, 23, 38]
[6, 23, 38, 42]
[6, 16, 19, 23]
[11, 12, 19, 31]
[21, 28, 39, 40]
[14, 25, 39, 43]
[7, 14, 25, 39]
[7, 13, 25, 39]
[19, 23, 34, 43]
[4, 23, 25, 43]
[4, 25, 39, 43]
[8, 19, 34, 35]
[19, 23, 24, 34]
[5, 16, 19, 40]
[0, 12, 24, 25]
[12, 16, 25, 35]
[8, 12, 25, 35]
[12, 16, 24, 25]
[12, 14, 24, 25]
[16, 25, 35, 40]
[21, 25, 39, 40]
[21, 25, 39, 42]
[4, 8, 25, 40]
[4, 8, 22, 25]
[4, 7, 26, 39]
[4, 26, 37, 39]
[13, 26, 37, 39]
[7, 13, 26, 39]
[11, 26, 37, 39]
[2, 3, 10, 17]
[2, 8, 11, 38]
[2, 8, 10, 38]
[2, 8, 11, 31]
[16, 21, 23, 25]
[21, 23, 25, 42]
[0, 21, 23, 25]
[21, 23, 27, 43]
[2, 3, 15, 17]
[2, 3, 15, 31]
[3, 18, 24, 42]
[3, 18, 35, 42]
[3, 18, 25, 42]
[3, 18, 25, 35]
[3, 18, 24, 25]
[8, 12, 18, 25]
[0, 12, 18, 25]
[18, 24, 25, 42]
[8, 18, 25, 35]
[0, 18, 24, 25]
[0, 14, 25, 43]
[16, 21, 32, 40]
[16, 21, 32, 37]
[1, 16, 21, 32]
[21, 32, 37, 40]
[10, 22, 25, 43]
[0, 14, 24, 25]
[2, 10, 34, 38]
[14, 24, 30, 43]
[24, 30, 38, 43]
[8, 10, 18, 38]
[2, 8, 18, 38]
[2, 8, 18, 31]
[2, 8, 18, 34]
[2, 8, 10, 18]
[2, 10, 18, 34]
[2, 10, 18, 31]
[2, 10, 18, 38]
[2, 18, 34, 38]
[20, 26, 37, 40]
[14, 20, 26, 40]
[5, 20, 26, 40]
[17, 28, 30, 38]
[24, 30, 38, 42]
[2, 4, 8, 22]
[14, 24, 25, 26]
[12, 24, 25, 26]
[8, 10, 22, 30]
[8, 10, 30, 38]
[10, 17, 22, 30]
[10, 17, 30, 38]
[7, 13, 22, 30]
[8, 13, 22, 30]
[8, 13, 30, 38]
[13, 28, 30, 38]
[28, 30, 38, 42]
[3, 14, 24, 30]
[3, 17, 22, 30]
[3, 24, 30, 42]
[3, 13, 22, 30]
[3, 10, 22, 30]
[3, 10, 17, 30]
[3, 13, 30, 37]
[1, 13, 22, 30]
[1, 7, 14, 30]
[1, 13, 30, 37]
[1, 22, 30, 37]
[3, 15, 17, 20]
[1, 7, 22, 30]
[8, 25, 34, 35]
[8, 10, 25, 34]
[0, 8, 25, 35]
[0, 8, 25, 40]
[2, 11, 15, 31]
[2, 11, 15, 41]
[2, 11, 12, 38]
[8, 11, 30, 38]
[8, 11, 30, 40]
[0, 11, 30, 40]
[2, 4, 11, 15]
[2, 4, 10, 22]
[2, 4, 27, 38]
[2, 4, 8, 27]
[2, 3, 15, 32]
[13, 32, 34, 35]
[0, 13, 21, 27]
[2, 11, 32, 41]
[2, 32, 34, 41]
[2, 10, 32, 34]
[24, 32, 34, 41]
[32, 34, 39, 41]
[32, 34, 37, 39]
[13, 32, 34, 37]
[9, 13, 15, 32]
[3, 10, 32, 37]
[2, 8, 32, 34]
[0, 8, 27, 33]
[8, 27, 33, 35]
[17, 30, 33, 39]
[2, 27, 33, 44]
[2, 27, 31, 33]
[0, 27, 33, 35]
[0, 27, 31, 33]
[0, 7, 33, 35]
[2, 27, 33, 38]
[0, 23, 27, 33]
[30, 38, 42, 43]
[23, 27, 33, 38]
[2, 11, 33, 38]
[2, 11, 31, 33]
[0, 11, 31, 33]
[23, 27, 31, 33]
[1, 7, 33, 35]
[8, 33, 35, 44]
[0, 8, 33, 35]
[2, 8, 33, 38]
[16, 17, 20, 37]
[1, 7, 33, 36]
[0, 1, 7, 33]
[0, 1, 33, 35]
[12, 16, 19, 21]
[12, 14, 19, 21]
[16, 19, 21, 40]
[14, 19, 21, 40]
[19, 21, 27, 40]
[3, 16, 19, 21]
[8, 11, 33, 36]
[8, 11, 31, 33]
[11, 30, 33, 39]
[30, 33, 39, 42]
[7, 30, 33, 39]
[1, 28, 30, 39]
[0, 1, 21, 33]
[1, 21, 28, 29]
[1, 21, 28, 41]
[21, 33, 39, 42]
[21, 28, 39, 41]
[1, 7, 33, 39]
[9, 21, 37, 39]
[21, 37, 39, 40]
[13, 21, 32, 39]
[9, 18, 39, 42]
[21, 32, 39, 41]
[21, 32, 39, 40]
[7, 32, 33, 39]
[1, 32, 33, 39]
[17, 27, 33, 38]
[2, 17, 27, 33]
[2, 17, 33, 38]
[10, 22, 30, 43]
[10, 30, 38, 43]
[8, 11, 33, 38]
[11, 31, 33, 36]
[2, 12, 18, 38]
[2, 18, 31, 41]
[2, 18, 38, 41]
[18, 24, 29, 34]
[18, 24, 34, 38]
[18, 24, 34, 41]
[18, 23, 34, 38]
[18, 23, 29, 34]
[2, 3, 10, 18]
[3, 20, 31, 36]
[3, 16, 17, 20]
[6, 28, 38, 42]
[2, 4, 6, 22]
[2, 4, 6, 38]
[4, 6, 23, 38]
[1, 28, 29, 30]
[1, 7, 13, 30]
[13, 30, 38, 43]
[6, 23, 33, 38]
[1, 13, 28, 30]
[0, 1, 13, 30]
[0, 1, 29, 30]
[13, 22, 30, 43]
[1, 7, 30, 33]
[30, 33, 38, 42]
[0, 1, 30, 33]
[2, 26, 38, 41]
[2, 17, 26, 38]
[2, 10, 26, 38]
[4, 10, 26, 38]
[7, 14, 26, 39]
[7, 9, 26, 39]
[9, 26, 37, 39]
[26, 37, 39, 40]
[0, 7, 26, 35]
[26, 37, 39, 41]
[11, 26, 37, 40]
[10, 17, 26, 37]
[4, 13, 26, 37]
[4, 26, 37, 40]
[9, 13, 26, 37]
[4, 11, 26, 37]
[11, 26, 37, 41]
[0, 9, 15, 26]
[0, 15, 26, 31]
[0, 12, 15, 26]
[0, 12, 14, 26]
[0, 26, 35, 40]
[0, 9, 26, 35]
[0, 12, 26, 35]
[0, 12, 26, 31]
[0, 14, 24, 26]
[0, 26, 31, 33]
[0, 26, 33, 35]
[0, 7, 26, 33]
[0, 15, 26, 35]
[15, 26, 31, 41]
[9, 15, 26, 31]
[15, 19, 26, 35]
[19, 27, 33, 35]
[8, 19, 33, 35]
[19, 26, 34, 35]
[14, 19, 26, 40]
[19, 26, 35, 40]
[15, 19, 26, 41]
[15, 19, 26, 31]
[5, 12, 19, 31]
[19, 26, 31, 41]
[2, 15, 26, 41]
[14, 26, 39, 40]
[12, 15, 17, 26]
[12, 15, 26, 31]
[2, 26, 31, 41]
[2, 15, 26, 31]
[24, 26, 38, 41]
[7, 14, 19, 26]
[7, 19, 26, 35]
[0, 9, 13, 26]
[24, 26, 29, 41]
[19, 24, 26, 41]
[14, 19, 24, 26]
[4, 14, 26, 40]
[4, 26, 39, 40]
[4, 11, 26, 39]
[4, 11, 26, 38]
[2, 4, 11, 26]
[2, 11, 26, 38]
[2, 11, 26, 31]
[2, 11, 26, 41]
[11, 26, 31, 41]
[11, 26, 38, 41]
[11, 26, 39, 41]
[11, 26, 39, 40]
[11, 19, 26, 40]
[11, 19, 26, 31]
[11, 19, 26, 41]
[11, 19, 30, 40]
[8, 11, 19, 30]
[11, 12, 19, 26]
[2, 11, 12, 26]
[0, 11, 26, 31]
[0, 11, 26, 40]
[11, 20, 26, 40]
[11, 20, 26, 31]
[11, 20, 31, 36]
[11, 20, 26, 37]
[11, 19, 20, 26]
[11, 19, 20, 30]
[11, 20, 30, 37]
[8, 11, 20, 30]
[11, 20, 30, 40]
[11, 15, 20, 31]
[11, 15, 20, 26]
[11, 15, 19, 20]
[15, 19, 20, 31]
[15, 16, 19, 20]
[3, 15, 19, 20]
[15, 19, 20, 26]
[15, 20, 26, 31]
[15, 17, 20, 26]
[15, 16, 17, 20]
[3, 15, 16, 20]
[3, 15, 20, 31]
[15, 20, 31, 34]
[15, 16, 20, 32]
[3, 15, 20, 32]
[15, 19, 20, 32]
[11, 15, 20, 32]
[2, 11, 15, 32]
[0, 11, 15, 32]
[11, 15, 19, 32]
[15, 19, 32, 41]
[15, 19, 32, 35]
[15, 16, 19, 32]
[12, 15, 19, 32]
[3, 15, 19, 32]
[3, 15, 32, 35]
[3, 15, 16, 32]
[15, 16, 32, 35]
[9, 15, 32, 35]
[0, 9, 15, 32]
[4, 6, 8, 22]
[4, 6, 22, 37]
[2, 4, 10, 26]
[2, 26, 31, 34]
[4, 6, 13, 39]
[17, 30, 33, 38]
[11, 30, 33, 38]
[8, 30, 33, 38]
[8, 11, 30, 33]
[20, 30, 37, 40]
[0, 7, 30, 33]
[0, 11, 30, 33]
[0, 7, 14, 25]
[6, 33, 38, 42]
[6, 23, 33, 42]
[6, 37, 39, 42]
[1, 6, 37, 39]
[1, 6, 16, 37]
[2, 6, 33, 38]
[0, 7, 25, 35]
[0, 16, 25, 35]
[0, 1, 6, 33]
[0, 6, 23, 33]
[0, 25, 35, 40]
[0, 7, 23, 25]
[0, 23, 25, 43]
[0, 16, 23, 25]
[0, 16, 25, 40]
[0, 14, 25, 40]
[0, 6, 15, 16]
[0, 6, 15, 23]
[3, 6, 15, 19]
[6, 15, 16, 19]
[0, 21, 27, 29]
[0, 21, 27, 43]
[8, 20, 31, 34]
[8, 19, 27, 33]
[11, 19, 31, 33]
[15, 19, 26, 34]
[0, 24, 25, 26]
[0, 7, 25, 26]
[4, 7, 25, 26]
[4, 14, 25, 26]
[0, 13, 15, 26]
[13, 30, 37, 43]
[24, 25, 34, 43]
[10, 25, 34, 43]
[13, 25, 34, 43]
[21, 25, 42, 43]
[21, 25, 39, 43]
[14, 21, 25, 40]
[12, 14, 21, 25]
[16, 21, 25, 40]
[16, 21, 25, 43]
[12, 16, 21, 25]
[0, 13, 21, 25]
[19, 21, 23, 27]
[1, 14, 19, 21]
[14, 25, 26, 40]
[7, 14, 25, 26]
[14, 25, 26, 39]
[14, 20, 25, 26]
[12, 14, 25, 26]
[14, 25, 39, 40]
[8, 19, 30, 40]
[1, 7, 19, 30]
[3, 19, 24, 30]
[1, 19, 30, 33]
[15, 19, 23, 34]
[3, 16, 20, 37]
[16, 20, 25, 40]
[3, 16, 20, 25]
[1, 7, 19, 33]
[4, 14, 25, 40]
[16, 23, 24, 25]
[16, 24, 25, 43]
[3, 5, 16, 37]
[5, 10, 19, 31]
[19, 27, 31, 33]
[5, 10, 18, 31]
[3, 5, 18, 31]
[5, 18, 28, 29]
[3, 5, 18, 35]
[3, 5, 10, 18]
[5, 18, 34, 35]
[5, 10, 18, 34]
[5, 18, 29, 34]
[5, 18, 31, 34]
[5, 18, 23, 29]
[5, 18, 23, 28]
[5, 18, 23, 31]
[5, 18, 23, 34]
[0, 5, 18, 29]
[0, 5, 9, 18]
[0, 5, 18, 35]
[0, 5, 12, 18]
[5, 10, 17, 37]
[4, 10, 25, 43]
[4, 14, 25, 43]
[4, 14, 25, 39]
[4, 7, 25, 39]
[4, 25, 39, 40]
[0, 23, 24, 25]
[0, 24, 25, 43]
[4, 8, 10, 25]
[14, 19, 30, 43]
[4, 10, 22, 25]
[4, 7, 22, 25]
[4, 22, 25, 43]
[16, 22, 25, 43]
[3, 10, 22, 25]
[23, 24, 25, 43]
[23, 24, 25, 42]
[4, 7, 23, 25]
[23, 25, 34, 43]
[23, 24, 25, 34]
[8, 13, 25, 34]
[13, 25, 34, 39]
[0, 13, 25, 35]
[18, 24, 25, 34]
[8, 18, 25, 34]
[13, 25, 34, 35]
[4, 7, 13, 25]
[4, 13, 22, 25]
[4, 13, 25, 39]
[7, 19, 33, 35]
[1, 19, 33, 35]
[7, 13, 25, 35]
[8, 13, 25, 35]
[13, 22, 25, 43]
[4, 8, 13, 25]
[4, 13, 25, 43]
[10, 19, 30, 43]
[14, 19, 30, 40]
[1, 14, 19, 30]
[19, 24, 30, 43]
[8, 19, 30, 33]
[19, 23, 27, 33]
[14, 19, 24, 30]
[7, 14, 19, 30]
[7, 19, 30, 33]
[11, 19, 30, 33]
[1, 19, 21, 41]
[7, 19, 26, 33]
[7, 12, 19, 26]
[11, 19, 26, 33]
[19, 26, 31, 33]
[2, 15, 17, 26]
[9, 13, 15, 26]
[2, 4, 15, 26]
[0, 11, 26, 33]
[19, 26, 33, 35]
[12, 19, 26, 35]
[19, 20, 31, 34]
[10, 19, 20, 34]
[10, 19, 20, 31]
[8, 19, 20, 30]
[8, 19, 20, 31]
[19, 20, 26, 40]
[19, 20, 26, 31]
[14, 19, 20, 26]
[10, 19, 20, 26]
[3, 19, 20, 31]
[2, 26, 31, 33]
[11, 26, 31, 33]
[17, 26, 33, 39]
[7, 26, 33, 39]
[17, 26, 33, 38]
[11, 26, 33, 38]
[4, 13, 15, 26]
[2, 11, 26, 33]
[2, 26, 33, 38]
[2, 17, 26, 33]
[11, 26, 33, 39]
[18, 29, 32, 41]
[18, 24, 29, 32]
[18, 24, 32, 41]
[4, 7, 13, 26]
[4, 13, 26, 39]
[15, 17, 26, 35]
[13, 15, 26, 35]
[3, 13, 15, 32]
[1, 13, 32, 37]
[8, 13, 25, 32]
[7, 13, 25, 32]
[4, 13, 25, 32]
[4, 7, 25, 32]
[7, 13, 26, 35]
[5, 23, 29, 31]
[5, 23, 28, 29]
[5, 11, 37, 40]
[5, 16, 17, 22]
[5, 10, 17, 22]
[5, 10, 22, 31]
[21, 23, 27, 29]
[21, 28, 29, 41]
[1, 12, 19, 21]
[16, 19, 21, 23]
[19, 21, 23, 43]
[16, 19, 21, 43]
[1, 12, 16, 21]
[9, 13, 21, 37]
[1, 13, 21, 28]
[0, 21, 27, 33]
[0, 21, 27, 40]
[0, 5, 11, 40]
[0, 5, 14, 40]
[0, 5, 9, 13]
[0, 6, 8, 13]
[0, 6, 8, 33]
[0, 6, 13, 15]
[0, 1, 6, 13]
[0, 18, 24, 29]
[0, 18, 24, 30]
[0, 18, 29, 30]
[0, 8, 18, 30]
[0, 9, 18, 29]
[0, 1, 6, 16]
[0, 5, 9, 35]
[0, 5, 23, 29]
[0, 5, 18, 23]
[0, 18, 23, 24]
[0, 18, 23, 29]
[0, 5, 16, 23]
[0, 6, 16, 23]
[0, 21, 23, 27]
[0, 21, 23, 33]
[0, 1, 12, 21]
[0, 12, 14, 21]
[0, 5, 12, 14]
[0, 5, 11, 12]
[0, 5, 12, 35]
[0, 12, 18, 35]
[0, 8, 12, 18]
[0, 5, 12, 16]
[0, 12, 16, 21]
[0, 16, 21, 25]
[0, 21, 25, 43]
[0, 12, 21, 25]
[0, 8, 18, 25]
[0, 18, 25, 35]
[0, 18, 23, 25]
[0, 18, 25, 32]
[0, 8, 25, 32]
[0, 25, 32, 40]
[0, 25, 32, 35]
[0, 12, 25, 32]
[0, 21, 25, 32]
[13, 21, 25, 32]
[21, 25, 32, 39]
[20, 21, 25, 32]
[3, 21, 25, 32]
[16, 21, 25, 32]
[21, 25, 32, 40]
[12, 21, 25, 32]
[7, 12, 25, 32]
[12, 24, 25, 32]
[8, 12, 25, 32]
[12, 16, 25, 32]
[16, 24, 25, 32]
[16, 25, 32, 40]
[16, 25, 32, 35]
[7, 25, 32, 35]
[25, 32, 35, 40]
[13, 25, 32, 35]
[8, 25, 32, 35]
[12, 25, 32, 35]
[8, 10, 25, 32]
[2, 8, 10, 32]
[8, 10, 19, 32]
[8, 11, 19, 32]
[8, 19, 27, 32]
[8, 19, 32, 40]
[19, 27, 32, 40]
[16, 19, 32, 40]
[16, 19, 24, 32]
[19, 24, 32, 41]
[19, 24, 27, 32]
[11, 19, 32, 41]
[2, 15, 32, 41]
[6, 16, 22, 37]
[7, 13, 25, 26]
[2, 10, 26, 31]
[10, 19, 26, 31]
[0, 14, 25, 26]
[4, 10, 25, 26]
[4, 13, 25, 26]
[4, 25, 26, 40]
[4, 10, 26, 37]
[0, 13, 25, 26]
[0, 18, 29, 31]
[0, 8, 18, 31]
[0, 9, 18, 31]
[0, 25, 26, 40]
[0, 7, 13, 26]
[0, 24, 26, 29]
[18, 23, 24, 25]
[7, 25, 26, 39]
[25, 26, 39, 40]
[13, 25, 26, 39]
[4, 25, 26, 39]
[18, 25, 39, 42]
[3, 10, 18, 25]
[0, 6, 15, 26]
[0, 13, 15, 32]
[0, 8, 13, 32]
[0, 6, 13, 26]
[0, 6, 14, 26]
[8, 10, 18, 31]
[18, 23, 25, 42]
[1, 6, 16, 22]
[2, 6, 8, 22]
[2, 12, 18, 31]
[8, 20, 30, 40]
[18, 23, 24, 34]
[8, 10, 20, 30]
[18, 25, 34, 39]
[8, 20, 25, 34]
[8, 10, 20, 34]
[8, 19, 20, 34]
[10, 19, 34, 43]
[1, 6, 14, 19]
[1, 6, 19, 33]
[1, 6, 16, 19]
[6, 19, 23, 33]
[3, 6, 16, 19]
[3, 6, 16, 22]
[2, 3, 6, 22]
[18, 25, 34, 35]
[4, 6, 13, 38]
[4, 6, 37, 39]
[3, 20, 30, 42]
[3, 6, 15, 16]
[2, 3, 6, 15]
[3, 6, 14, 19]
[3, 6, 37, 42]
[3, 6, 16, 37]
[3, 6, 13, 37]
[3, 6, 13, 22]
[0, 1, 32, 35]
[0, 12, 18, 31]
[3, 20, 30, 37]
[6, 13, 37, 39]
[1, 6, 13, 37]
[3, 10, 20, 30]
[3, 10, 20, 25]
[3, 20, 25, 42]
[20, 21, 25, 40]
[20, 21, 25, 42]
[16, 20, 21, 25]
[16, 20, 21, 37]
[14, 19, 21, 43]
[14, 19, 20, 21]
[16, 19, 20, 21]
[19, 20, 21, 40]
[19, 21, 27, 43]
[21, 23, 25, 43]
[0, 6, 26, 33]
[3, 14, 21, 25]
[7, 25, 26, 35]
[7, 26, 33, 35]
[9, 15, 26, 35]
[12, 15, 19, 26]
[19, 26, 31, 34]
[7, 9, 26, 35]
[1, 12, 14, 21]
[1, 19, 21, 33]
[1, 16, 19, 21]
[17, 26, 33, 35]
[12, 15, 26, 35]
[12, 14, 24, 26]
[7, 12, 14, 26]
[0, 12, 24, 26]
[2, 12, 26, 31]
[12, 19, 26, 31]
[12, 19, 24, 26]
[2, 12, 15, 26]
[12, 24, 26, 38]
[12, 14, 19, 26]
[2, 12, 17, 26]
[0, 7, 12, 26]
[10, 26, 31, 34]
[26, 31, 34, 41]
[26, 29, 31, 34]
[15, 26, 31, 34]
[2, 12, 26, 38]
[6, 13, 22, 37]
[6, 13, 28, 38]
[6, 13, 26, 38]
[2, 6, 26, 38]
[7, 12, 25, 26]
[3, 20, 21, 25]
[12, 17, 26, 35]
[7, 12, 26, 35]
[9, 13, 26, 35]
[5, 12, 16, 35]
[5, 16, 17, 35]
[5, 9, 13, 35]
[3, 5, 17, 35]
[3, 5, 16, 35]
[3, 5, 13, 35]
[5, 11, 20, 40]
[5, 16, 20, 40]
[5, 9, 26, 35]
[5, 12, 26, 35]
[3, 5, 16, 20]
[3, 16, 20, 21]
[3, 20, 21, 42]
[3, 21, 25, 42]
[3, 13, 21, 25]
[3, 16, 21, 25]
[1, 6, 13, 22]
[6, 8, 13, 22]
[3, 5, 16, 17]
[3, 5, 16, 22]
[5, 16, 20, 37]
[5, 16, 17, 20]
[5, 12, 16, 17]
[5, 12, 16, 22]
[3, 5, 17, 22]
[3, 5, 10, 17]
[3, 5, 10, 22]
[3, 5, 10, 37]
[3, 5, 17, 37]
[3, 5, 13, 22]
[3, 5, 13, 37]
[3, 5, 10, 31]
[3, 5, 22, 31]
[3, 5, 20, 31]
[5, 9, 13, 37]
[5, 13, 22, 37]
[5, 12, 22, 31]
[0, 5, 11, 31]
[5, 11, 12, 31]
[0, 5, 12, 31]
[0, 5, 23, 31]
[0, 5, 18, 31]
[5, 10, 31, 34]
[5, 29, 31, 34]
[5, 13, 34, 35]
[5, 23, 29, 34]
[4, 5, 11, 37]
[4, 5, 22, 37]
[4, 5, 37, 40]
[5, 13, 34, 37]
[4, 5, 8, 13]
[5, 12, 16, 19]
[5, 12, 14, 19]
[4, 5, 13, 37]
[4, 5, 10, 37]
[4, 5, 13, 22]
[4, 5, 8, 10]
[5, 14, 19, 40]
[3, 14, 19, 21]
[3, 19, 20, 21]
[5, 16, 19, 23]
[5, 16, 19, 20]
[5, 19, 20, 40]
[3, 5, 19, 20]
[3, 5, 16, 19]
[5, 14, 19, 20]
[5, 16, 19, 35]
[4, 5, 10, 22]
[4, 5, 8, 22]
[4, 5, 8, 40]
[4, 5, 14, 40]
[5, 13, 26, 37]
[4, 5, 10, 26]
[4, 5, 26, 37]
[4, 6, 26, 38]
[13, 25, 26, 35]
[10, 20, 26, 37]
[10, 20, 25, 26]
[10, 17, 20, 26]
[25, 26, 35, 40]
[0, 25, 26, 35]
[12, 25, 26, 35]
[10, 20, 26, 31]
[20, 26, 29, 31]
[6, 15, 19, 26]
[20, 25, 26, 40]
[17, 20, 26, 37]
[2, 6, 15, 26]
[6, 26, 37, 39]
[4, 6, 26, 37]
[2, 4, 6, 26]
[6, 14, 19, 26]
[6, 19, 26, 33]
[6, 13, 15, 26]
[6, 13, 26, 37]
[4, 6, 13, 26]
[2, 6, 26, 33]
[6, 26, 33, 38]
[24, 26, 29, 34]
[10, 26, 34, 37]
[26, 34, 37, 39]
[26, 34, 37, 41]
[24, 26, 34, 38]
[26, 34, 38, 41]
[19, 26, 34, 41]
[13, 25, 26, 34]
[13, 25, 32, 34]
[13, 25, 32, 39]
[25, 26, 34, 39]
[24, 26, 34, 41]
[4, 7, 32, 39]
[4, 11, 32, 39]
[4, 32, 37, 39]
[4, 32, 39, 40]
[11, 32, 33, 39]
[11, 32, 39, 41]
[21, 32, 33, 39]
[1, 21, 32, 39]
[1, 7, 12, 32]
[1, 7, 32, 33]
[1, 21, 32, 33]
[1, 21, 32, 41]
[1, 21, 29, 32]
[0, 1, 21, 32]
[1, 12, 21, 32]
[1, 13, 21, 32]
[0, 12, 21, 32]
[12, 16, 21, 32]
[3, 13, 21, 32]
[3, 16, 21, 32]
[0, 21, 32, 33]
[21, 27, 32, 33]
[21, 29, 32, 41]
[21, 27, 29, 32]
[0, 21, 32, 40]
[21, 27, 32, 40]
[0, 21, 29, 32]
[0, 21, 27, 32]
[0, 13, 21, 32]
[0, 16, 21, 32]
[13, 21, 27, 32]
[9, 13, 21, 32]
[9, 21, 32, 37]
[21, 32, 37, 41]
[1, 21, 32, 37]
[5, 9, 26, 31]
[2, 8, 18, 32]
[2, 18, 32, 41]
[9, 18, 32, 35]
[9, 18, 29, 32]
[8, 18, 32, 35]
[18, 32, 34, 41]
[18, 24, 32, 34]
[8, 18, 32, 34]
[18, 29, 32, 34]
[18, 32, 34, 35]
[2, 18, 32, 34]
[2, 10, 18, 32]
[8, 10, 18, 32]
[10, 18, 32, 34]
[12, 18, 24, 32]
[12, 18, 32, 35]
[8, 12, 18, 32]
[18, 32, 39, 41]
[9, 18, 32, 39]
[2, 12, 18, 32]
[3, 18, 32, 35]
[2, 3, 18, 32]
[3, 10, 18, 32]
[5, 14, 26, 40]
[4, 5, 14, 26]
[5, 14, 20, 26]
[5, 11, 20, 26]
[5, 20, 26, 31]
[5, 17, 20, 26]
[5, 11, 26, 31]
[5, 11, 26, 40]
[5, 9, 13, 26]
[5, 20, 26, 29]
[5, 26, 29, 31]
[5, 26, 35, 40]
[5, 9, 26, 29]
[5, 13, 26, 35]
[5, 10, 17, 26]
[5, 26, 37, 40]
[5, 17, 26, 37]
[5, 19, 35, 40]
[5, 12, 17, 26]
[5, 19, 23, 31]
[5, 11, 26, 37]
[3, 5, 19, 31]
[3, 5, 14, 19]
[5, 8, 11, 19]
[5, 11, 19, 40]
[5, 8, 19, 34]
[5, 12, 19, 26]
[5, 9, 26, 37]
[5, 19, 31, 34]
[5, 23, 31, 34]
[13, 26, 34, 37]
[24, 25, 26, 34]
[13, 26, 34, 38]
[13, 15, 26, 34]
[13, 26, 34, 39]
[15, 26, 34, 41]
[10, 25, 26, 34]
[10, 26, 34, 38]
[2, 10, 26, 34]
[5, 10, 26, 34]
[5, 10, 34, 37]
[10, 19, 26, 34]
[5, 10, 19, 34]
[5, 26, 29, 34]
[5, 13, 26, 34]
[5, 26, 31, 34]
[10, 20, 26, 34]
[20, 26, 29, 34]
[20, 25, 26, 34]
[20, 26, 34, 37]
[20, 26, 31, 34]
[5, 20, 26, 34]
[5, 20, 31, 34]
[19, 20, 26, 34]
[15, 26, 34, 35]
[0, 5, 26, 40]
[0, 5, 9, 26]
[5, 10, 20, 26]
[5, 20, 26, 37]
[5, 10, 26, 37]
[5, 10, 26, 31]
[26, 34, 39, 41]
[2, 26, 34, 41]
[2, 15, 26, 34]
[2, 26, 34, 38]
[26, 29, 34, 41]
[5, 26, 34, 37]
[5, 11, 12, 26]
[5, 12, 14, 26]
[5, 11, 19, 20]
[13, 26, 34, 35]
[5, 17, 26, 35]
[5, 12, 26, 31]
[25, 26, 34, 35]
[5, 26, 34, 35]
[5, 19, 34, 35]
[5, 19, 20, 34]
[5, 19, 23, 34]
[19, 24, 26, 34]
[5, 19, 26, 34]
[0, 5, 13, 26]
[0, 5, 12, 26]
[16, 32, 37, 40]
[32, 37, 39, 40]
[2, 4, 15, 32]
[2, 27, 32, 33]
[2, 3, 10, 32]
[29, 32, 34, 41]
[11, 32, 37, 40]
[20, 32, 37, 40]
[20, 25, 32, 40]
[3, 16, 20, 32]
[3, 10, 20, 32]
[16, 20, 32, 37]
[12, 18, 25, 32]
[2, 8, 12, 32]
[12, 19, 24, 32]
[3, 18, 24, 32]
[3, 20, 32, 37]
[10, 20, 32, 37]
[16, 20, 32, 40]
[1, 7, 13, 32]
[21, 32, 37, 39]
[1, 32, 37, 41]
[1, 16, 32, 37]
[12, 15, 16, 32]
[8, 13, 27, 32]
[8, 10, 20, 32]
[1, 29, 32, 41]
[16, 32, 35, 40]
[12, 16, 24, 32]
[2, 8, 27, 32]
[8, 20, 32, 40]
[11, 20, 32, 37]
[1, 32, 37, 39]
[11, 20, 32, 40]
[32, 34, 37, 41]
[8, 11, 20, 32]
[1, 7, 32, 35]
[13, 15, 32, 35]
[2, 8, 11, 32]
[19, 32, 35, 40]
[3, 21, 32, 37]
[0, 24, 27, 32]
[4, 10, 32, 37]
[13, 21, 32, 37]
[4, 11, 32, 37]
[20, 21, 32, 37]
[10, 32, 34, 37]
[2, 12, 15, 32]
[1, 12, 16, 32]
[2, 11, 32, 33]
[27, 32, 35, 40]
[20, 21, 32, 40]
[16, 20, 21, 32]
[3, 20, 21, 32]
[9, 21, 32, 39]
[20, 21, 29, 32]
[1, 32, 34, 35]
[1, 32, 34, 39]
[0, 32, 33, 35]
[0, 5, 26, 35]
[0, 15, 16, 32]
[19, 32, 34, 35]
[1, 19, 32, 35]
[19, 27, 32, 35]
[19, 32, 33, 35]
[7, 19, 32, 33]
[0, 5, 14, 26]
[0, 5, 26, 29]
[0, 5, 26, 31]
[0, 5, 11, 26]
[0, 27, 32, 40]
[20, 32, 34, 37]
[10, 20, 32, 34]
[25, 32, 34, 35]
[18, 25, 32, 35]
[12, 15, 32, 35]
[27, 32, 33, 35]
[4, 11, 32, 40]
[4, 27, 32, 40]
[4, 13, 32, 37]
[25, 32, 39, 40]
[24, 29, 32, 34]
[24, 25, 32, 34]
[20, 29, 32, 34]
[4, 32, 37, 40]
[2, 4, 27, 32]
[2, 4, 11, 32]
[4, 10, 25, 32]
[4, 25, 32, 40]
[3, 20, 25, 32]
[1, 12, 32, 35]
[1, 32, 34, 37]
[1, 32, 34, 41]
[1, 29, 32, 34]
[1, 13, 32, 34]
[7, 32, 33, 35]
[1, 32, 33, 35]
[18, 32, 34, 39]
[2, 4, 10, 32]
[10, 19, 32, 34]
[10, 20, 25, 32]
[3, 10, 25, 32]
[8, 10, 32, 34]
[10, 18, 25, 32]
[19, 27, 32, 33]
[3, 19, 24, 32]
[3, 19, 32, 35]
[0, 1, 13, 32]
[5, 19, 26, 40]
[11, 19, 32, 33]
[0, 12, 24, 32]
[16, 19, 32, 35]
[16, 20, 25, 32]
[20, 25, 32, 34]
[10, 25, 32, 34]
[25, 32, 34, 39]
[7, 25, 32, 39]
[0, 7, 32, 33]
[18, 24, 25, 32]
[3, 18, 25, 32]
[18, 25, 32, 39]
[8, 18, 25, 32]
[18, 25, 32, 34]
[0, 16, 32, 40]
[16, 19, 21, 32]
[5, 11, 19, 31]
[19, 24, 32, 34]
[19, 32, 34, 41]
[5, 19, 20, 26]
[8, 19, 32, 33]
[1, 19, 32, 33]
[1, 19, 21, 32]
[1, 7, 19, 32]
[0, 1, 7, 32]
[0, 1, 32, 33]
[0, 1, 29, 32]
[1, 12, 19, 32]
[0, 1, 12, 32]
[1, 16, 19, 32]
[0, 1, 16, 32]
[1, 19, 32, 34]
[1, 19, 32, 41]
[19, 20, 32, 34]
[19, 21, 27, 32]
[5, 8, 19, 20]
[8, 19, 32, 34]
[8, 19, 32, 35]
[5, 10, 19, 20]
[3, 10, 19, 32]
[19, 21, 32, 40]
[19, 21, 32, 41]
[0, 16, 24, 32]
[0, 8, 27, 32]
[0, 8, 32, 40]
[0, 18, 24, 32]
[4, 25, 32, 39]
[4, 8, 11, 32]
[0, 18, 29, 32]
[8, 13, 32, 34]
[4, 8, 13, 32]
[4, 8, 27, 32]
[3, 19, 21, 32]
[3, 5, 10, 19]
[19, 20, 21, 32]
[5, 14, 19, 26]
[5, 10, 19, 26]
[5, 19, 26, 31]
[4, 8, 10, 32]
[0, 9, 18, 32]
[8, 20, 32, 34]
[8, 20, 25, 32]
[8, 25, 32, 34]
[12, 19, 21, 32]
[11, 12, 19, 32]
[8, 12, 19, 32]
[19, 21, 32, 33]
[12, 19, 32, 35]
[5, 12, 19, 35]
[7, 19, 32, 35]
[3, 5, 19, 35]
[5, 19, 26, 35]
[8, 32, 33, 35]
[8, 32, 34, 35]
[8, 27, 32, 35]
[8, 13, 32, 35]
[0, 18, 32, 35]
[0, 12, 32, 35]
[8, 12, 32, 35]
[0, 15, 32, 35]
[0, 27, 32, 33]
[0, 11, 32, 33]
[2, 4, 8, 32]
[0, 8, 32, 33]
[8, 11, 32, 33]
[8, 27, 32, 33]
[4, 8, 32, 40]
[4, 8, 25, 32]
[2, 8, 32, 33]
[0, 7, 12, 32]
[7, 12, 19, 32]
[12, 16, 19, 32]
[5, 11, 12, 19]
[0, 12, 15, 32]
[0, 12, 16, 32]
[0, 8, 12, 32]
[0, 12, 18, 32]
[0, 8, 18, 32]
