[19, 20]
[9, 20]
[1, 20]
[10, 20]
[12, 20]
[14, 20]
[16, 20]
[18, 20]
[4, 19]
[2, 19]
[20, 21]
[5, 18]
[3, 18]
[1, 18]
[6, 21]
[6, 19]
[1, 19]
[7, 19]
[8, 19]
[10, 19]
[11, 19]
[13, 19]
[16, 19]
[4, 6]
[3, 6]
[4, 65]
[3, 65]
[5, 21]
[11, 21]
[12, 21]
[15, 21]
[18, 21]
[6, 11]
[3, 11]
[2, 3]
[3, 4]
[2, 5]
[5, 7]
[2, 7]
[6, 7]
[4, 18]
[6, 18]
[1, 65]
[19, 65]
[5, 65]
[9, 65]
[11, 65]
[12, 65]
[15, 65]
[16, 65]
[17, 65]
[2, 11]
[3, 8]
[4, 8]
[5, 8]
[5, 22]
[1, 22]
[19, 22]
[7, 22]
[7, 63]
[3, 63]
[7, 11]
[11, 22]
[13, 22]
[14, 22]
[1, 63]
[10, 11]
[16, 22]
[21, 22]
[21, 132]
[19, 26]
[19, 59]
[19, 124]
[19, 54]
[19, 95]
[19, 84]
[19, 115]
[19, 105]
[19, 94]
[19, 32]
[19, 28]
[19, 31]
[19, 48]
[19, 58]
[19, 64]
[19, 110]
[19, 135]
[19, 136]
[19, 134]
[19, 131]
[19, 66]
[19, 61]
[19, 39]
[19, 74]
[19, 92]
[19, 116]
[19, 111]
[19, 103]
[19, 98]
[19, 88]
[19, 138]
[19, 125]
[19, 41]
[19, 40]
[19, 46]
[19, 45]
[19, 42]
[19, 104]
[19, 89]
[19, 81]
[19, 72]
[19, 67]
[19, 34]
[19, 29]
[8, 79]
[5, 79]
[1, 79]
[6, 79]
[7, 79]
[10, 79]
[12, 79]
[79, 132]
[79, 80]
[79, 82]
[68, 79]
[52, 79]
[71, 79]
[79, 109]
[79, 137]
[79, 106]
[11, 79]
[51, 79]
[79, 91]
[79, 113]
[63, 79]
[75, 79]
[18, 79]
[24, 79]
[79, 121]
[79, 93]
[5, 119]
[2, 119]
[7, 119]
[12, 119]
[55, 119]
[49, 119]
[14, 119]
[5, 10]
[5, 23]
[4, 23]
[22, 27]
[18, 27]
[7, 18]
[21, 80]
[21, 37]
[118, 119]
[4, 118]
[6, 118]
[1, 118]
[8, 118]
[49, 118]
[14, 118]
[118, 132]
[9, 118]
[35, 118]
[82, 118]
[109, 118]
[15, 118]
[44, 118]
[91, 118]
[113, 118]
[90, 118]
[21, 118]
[63, 118]
[38, 118]
[17, 118]
[27, 118]
[6, 10]
[1, 10]
[7, 8]
[8, 17]
[5, 17]
[21, 35]
[20, 61]
[7, 61]
[17, 61]
[11, 61]
[17, 22]
[18, 22]
[10, 18]
[21, 68]
[21, 71]
[61, 79]
[10, 61]
[12, 61]
[4, 12]
[7, 12]
[41, 65]
[37, 65]
[15, 18]
[12, 18]
[21, 44]
[21, 96]
[7, 10]
[65, 82]
[6, 9]
[21, 90]
[21, 63]
[3, 10]
[21, 126]
[21, 102]
[9, 119]
[9, 12]
[8, 12]
[65, 87]
[4, 9]
[21, 77]
[21, 75]
[9, 55]
[9, 49]
[21, 56]
[21, 54]
[9, 14]
[14, 30]
[9, 91]
[20, 30]
[9, 80]
[2, 30]
[9, 90]
[6, 30]
[9, 96]
[7, 30]
[9, 114]
[10, 14]
[9, 82]
[14, 55]
[9, 137]
[5, 49]
[1, 49]
[18, 49]
[8, 18]
[21, 134]
[21, 131]
[21, 39]
[8, 30]
[22, 77]
[9, 77]
[14, 77]
[10, 77]
[30, 77]
[77, 119]
[2, 77]
[55, 77]
[77, 80]
[77, 90]
[49, 77]
[77, 137]
[13, 77]
[77, 113]
[77, 132]
[77, 85]
[11, 113]
[6, 113]
[1, 113]
[30, 113]
[10, 113]
[8, 113]
[55, 113]
[14, 113]
[12, 113]
[91, 113]
[80, 113]
[90, 113]
[96, 113]
[113, 114]
[82, 113]
[113, 137]
[9, 113]
[51, 113]
[7, 55]
[4, 55]
[3, 30]
[21, 26]
[2, 55]
[12, 30]
[2, 49]
[18, 55]
[21, 81]
[21, 127]
[12, 55]
[63, 132]
[9, 63]
[4, 49]
[14, 49]
[7, 49]
[10, 49]
[8, 49]
[49, 55]
[3, 49]
[49, 91]
[49, 80]
[49, 90]
[49, 96]
[12, 14]
[30, 64]
[2, 64]
[21, 109]
[9, 18]
[18, 51]
[4, 91]
[5, 91]
[22, 79]
[2, 91]
[22, 118]
[6, 91]
[21, 107]
[10, 137]
[20, 137]
[5, 137]
[7, 137]
[119, 137]
[3, 137]
[80, 137]
[8, 137]
[55, 137]
[12, 137]
[114, 137]
[85, 137]
[82, 137]
[11, 91]
[21, 38]
[21, 33]
[52, 119]
[20, 52]
[2, 52]
[18, 52]
[18, 113]
[3, 12]
[91, 119]
[21, 93]
[14, 91]
[10, 80]
[20, 80]
[5, 80]
[4, 80]
[7, 80]
[80, 119]
[3, 80]
[3, 55]
[21, 25]
[55, 91]
[22, 85]
[22, 126]
[55, 80]
[8, 63]
[20, 63]
[6, 63]
[11, 63]
[7, 87]
[6, 87]
[5, 87]
[14, 87]
[10, 87]
[3, 87]
[87, 91]
[8, 87]
[55, 87]
[12, 87]
[87, 90]
[77, 87]
[85, 87]
[82, 87]
[87, 132]
[77, 118]
[21, 53]
[61, 119]
[30, 61]
[3, 61]
[61, 114]
[61, 77]
[61, 85]
[51, 61]
[13, 61]
[8, 51]
[9, 51]
[2, 90]
[21, 128]
[18, 132]
[21, 120]
[21, 59]
[21, 105]
[21, 95]
[21, 84]
[21, 31]
[21, 135]
[21, 111]
[21, 103]
[21, 42]
[21, 89]
[21, 72]
[90, 119]
[119, 126]
[82, 119]
[115, 119]
[48, 119]
[58, 119]
[110, 119]
[5, 90]
[22, 24]
[77, 86]
[77, 115]
[73, 77]
[48, 77]
[77, 110]
[63, 77]
[77, 136]
[66, 77]
[74, 77]
[77, 134]
[39, 77]
[35, 77]
[59, 77]
[77, 105]
[77, 94]
[77, 95]
[77, 84]
[32, 77]
[31, 77]
[77, 92]
[77, 135]
[68, 77]
[77, 138]
[40, 77]
[34, 77]
[29, 77]
[17, 77]
[20, 107]
[2, 107]
[6, 107]
[9, 107]
[107, 113]
[107, 137]
[30, 107]
[3, 107]
[107, 132]
[51, 107]
[107, 126]
[107, 115]
[28, 107]
[48, 107]
[58, 107]
[107, 110]
[87, 107]
[27, 107]
[52, 107]
[106, 107]
[107, 136]
[74, 107]
[107, 131]
[39, 107]
[107, 109]
[14, 117]
[20, 117]
[1, 117]
[6, 117]
[11, 117]
[7, 117]
[113, 117]
[8, 117]
[12, 117]
[117, 137]
[114, 117]
[117, 119]
[48, 117]
[27, 117]
[63, 117]
[7, 52]
[14, 103]
[2, 103]
[1, 103]
[20, 103]
[6, 103]
[11, 103]
[9, 103]
[10, 103]
[12, 103]
[91, 103]
[80, 103]
[55, 103]
[79, 103]
[96, 103]
[90, 103]
[49, 103]
[103, 137]
[30, 103]
[3, 103]
[103, 114]
[51, 103]
[86, 103]
[73, 103]
[28, 103]
[87, 103]
[27, 103]
[52, 103]
[63, 103]
[103, 136]
[61, 103]
[103, 124]
[64, 103]
[66, 103]
[74, 103]
[103, 131]
[35, 103]
[103, 109]
[103, 107]
[38, 103]
[94, 103]
[32, 103]
[92, 103]
[28, 118]
[58, 118]
[110, 118]
[118, 136]
[118, 124]
[74, 118]
[61, 87]
[52, 61]
[61, 106]
[61, 117]
[44, 61]
[61, 63]
[27, 61]
[11, 126]
[5, 126]
[9, 126]
[8, 126]
[14, 126]
[80, 126]
[55, 126]
[96, 126]
[126, 132]
[52, 126]
[113, 126]
[11, 90]
[65, 79]
[65, 137]
[65, 86]
[52, 65]
[65, 106]
[65, 107]
[65, 109]
[35, 65]
[65, 71]
[38, 65]
[17, 18]
[18, 73]
[14, 63]
[8, 96]
[24, 119]
[114, 119]
[5, 96]
[22, 46]
[22, 36]
[11, 13]
[2, 13]
[21, 98]
[21, 23]
[23, 137]
[12, 91]
[6, 82]
[61, 75]
[5, 82]
[65, 94]
[32, 65]
[49, 63]
[10, 17]
[18, 86]
[79, 115]
[11, 51]
[1, 51]
[10, 51]
[30, 51]
[8, 48]
[10, 48]
[11, 48]
[2, 48]
[14, 48]
[30, 48]
[48, 55]
[48, 91]
[48, 132]
[48, 96]
[48, 126]
[48, 115]
[7, 90]
[5, 64]
[22, 75]
[22, 121]
[14, 90]
[80, 90]
[22, 120]
[22, 123]
[90, 91]
[22, 25]
[22, 56]
[10, 90]
[14, 96]
[6, 96]
[3, 90]
[65, 68]
[65, 92]
[55, 90]
[30, 90]
[7, 96]
[11, 96]
[91, 96]
[3, 96]
[55, 96]
[30, 96]
[48, 137]
[51, 80]
[51, 119]
[51, 90]
[51, 96]
[48, 51]
[20, 86]
[5, 86]
[9, 86]
[6, 86]
[4, 86]
[49, 86]
[86, 91]
[21, 88]
[14, 86]
[63, 91]
[22, 26]
[22, 81]
[3, 86]
[10, 86]
[63, 113]
[22, 127]
[22, 104]
[8, 86]
[86, 137]
[30, 86]
[48, 86]
[51, 86]
[28, 48]
[14, 28]
[5, 28]
[22, 67]
[117, 124]
[39, 117]
[9, 27]
[9, 28]
[4, 28]
[20, 71]
[28, 51]
[21, 138]
[26, 27]
[12, 27]
[2, 27]
[1, 27]
[4, 27]
[14, 27]
[27, 113]
[8, 27]
[27, 119]
[27, 90]
[27, 96]
[27, 48]
[27, 51]
[27, 86]
[27, 28]
[27, 82]
[27, 106]
[27, 52]
[27, 39]
[27, 124]
[27, 59]
[27, 136]
[27, 66]
[27, 63]
[27, 35]
[27, 38]
[27, 92]
[27, 116]
[27, 45]
[27, 109]
[9, 132]
[7, 132]
[5, 132]
[49, 132]
[113, 132]
[55, 132]
[12, 132]
[10, 132]
[132, 137]
[96, 132]
[51, 132]
[28, 132]
[2, 28]
[6, 28]
[18, 106]
[11, 28]
[7, 28]
[28, 91]
[22, 139]
[21, 40]
[21, 29]
[21, 62]
[21, 129]
[21, 83]
[21, 70]
[21, 43]
[21, 69]
[21, 108]
[21, 78]
[21, 60]
[21, 101]
[21, 130]
[21, 133]
[21, 57]
[21, 122]
[21, 76]
[21, 65]
[65, 116]
[65, 125]
[45, 65]
[65, 105]
[65, 103]
[65, 111]
[65, 123]
[65, 139]
[65, 128]
[33, 65]
[65, 93]
[25, 65]
[40, 65]
[65, 112]
[34, 65]
[65, 98]
[65, 88]
[65, 138]
[47, 65]
[50, 65]
[65, 83]
[23, 65]
[43, 65]
[29, 65]
[65, 69]
[65, 108]
[65, 78]
[60, 65]
[65, 130]
[65, 122]
[65, 76]
[65, 100]
[0, 65]
[62, 65]
[65, 97]
[65, 129]
[22, 65]
[65, 133]
[57, 65]
[1, 57]
[5, 57]
[20, 57]
[6, 57]
[19, 57]
[14, 57]
[49, 57]
[57, 113]
[57, 61]
[57, 119]
[30, 57]
[57, 90]
[57, 96]
[48, 57]
[28, 57]
[57, 132]
[57, 115]
[57, 58]
[57, 114]
[57, 82]
[52, 57]
[54, 57]
[39, 57]
[57, 124]
[57, 59]
[57, 134]
[57, 131]
[57, 117]
[57, 63]
[57, 74]
[57, 84]
[57, 95]
[57, 126]
[57, 118]
[36, 57]
[57, 104]
[57, 67]
[57, 81]
[56, 57]
[18, 57]
[53, 57]
[57, 106]
[57, 102]
[57, 89]
[57, 70]
[57, 101]
[57, 107]
[35, 57]
[57, 79]
[32, 57]
[16, 57]
[45, 57]
[41, 57]
[15, 57]
[37, 57]
[57, 128]
[57, 68]
[57, 71]
[33, 57]
[57, 103]
[57, 112]
[47, 57]
[50, 57]
[43, 57]
[29, 57]
[57, 69]
[57, 78]
[57, 130]
[57, 122]
[57, 100]
[57, 62]
[57, 97]
[57, 129]
[22, 57]
[22, 53]
[22, 102]
[22, 42]
[22, 89]
[22, 72]
[22, 70]
[22, 101]
[22, 128]
[22, 33]
[22, 93]
[22, 112]
[22, 50]
[22, 83]
[22, 23]
[22, 43]
[22, 69]
[22, 108]
[22, 78]
[22, 60]
[22, 130]
[22, 122]
[22, 76]
[22, 100]
[0, 22]
[22, 97]
[22, 129]
[1, 129]
[2, 129]
[6, 129]
[4, 129]
[19, 129]
[7, 129]
[14, 129]
[49, 129]
[113, 129]
[55, 129]
[80, 129]
[119, 129]
[30, 129]
[90, 129]
[12, 129]
[129, 137]
[51, 129]
[129, 132]
[58, 129]
[114, 129]
[110, 129]
[52, 129]
[54, 129]
[44, 129]
[59, 129]
[129, 136]
[63, 129]
[74, 129]
[107, 129]
[109, 129]
[105, 129]
[41, 129]
[111, 129]
[37, 129]
[68, 129]
[71, 129]
[103, 129]
[88, 129]
[129, 138]
[36, 129]
[46, 129]
[121, 129]
[120, 129]
[123, 129]
[81, 129]
[127, 129]
[62, 129]
[16, 129]
[53, 129]
[47, 129]
[42, 129]
[89, 129]
[72, 129]
[128, 129]
[33, 129]
[83, 129]
[23, 129]
[43, 129]
[69, 129]
[108, 129]
[60, 129]
[76, 129]
[100, 129]
[0, 129]
[0, 1]
[0, 5]
[0, 2]
[0, 20]
[0, 6]
[0, 19]
[0, 91]
[0, 9]
[0, 14]
[0, 49]
[0, 113]
[0, 3]
[0, 55]
[0, 8]
[0, 80]
[0, 119]
[0, 30]
[0, 90]
[0, 96]
[0, 12]
[0, 137]
[0, 48]
[0, 51]
[0, 86]
[0, 132]
[0, 87]
[0, 54]
[0, 136]
[0, 134]
[0, 117]
[0, 84]
[0, 31]
[0, 95]
[0, 135]
[0, 107]
[0, 35]
[0, 38]
[0, 125]
[0, 116]
[0, 32]
[0, 45]
[0, 41]
[0, 37]
[0, 68]
[0, 71]
[0, 103]
[0, 77]
[0, 118]
[0, 85]
[0, 75]
[0, 98]
[0, 88]
[0, 138]
[0, 29]
[0, 121]
[0, 13]
[0, 120]
[0, 104]
[0, 127]
[0, 62]
[0, 16]
[0, 139]
[0, 101]
[0, 112]
[0, 50]
[0, 83]
[0, 23]
[0, 69]
[0, 108]
[0, 76]
[0, 100]
[1, 100]
[5, 100]
[4, 100]
[19, 100]
[91, 100]
[49, 100]
[3, 100]
[10, 100]
[61, 100]
[90, 100]
[48, 100]
[100, 132]
[100, 115]
[100, 114]
[54, 100]
[39, 100]
[100, 124]
[59, 100]
[100, 117]
[64, 100]
[66, 100]
[74, 100]
[31, 100]
[100, 109]
[35, 100]
[38, 100]
[100, 105]
[45, 100]
[15, 100]
[40, 100]
[77, 100]
[100, 118]
[98, 100]
[88, 100]
[100, 138]
[29, 100]
[36, 100]
[100, 121]
[24, 100]
[56, 100]
[17, 100]
[79, 100]
[18, 100]
[47, 100]
[100, 102]
[72, 100]
[70, 100]
[100, 139]
[63, 90]
[49, 102]
[77, 102]
[63, 137]
[63, 96]
[86, 87]
[63, 86]
[7, 82]
[18, 117]
[82, 91]
[49, 82]
[8, 82]
[51, 82]
[55, 82]
[82, 132]
[63, 82]
[82, 96]
[20, 114]
[14, 114]
[11, 114]
[11, 17]
[1, 17]
[9, 89]
[20, 47]
[4, 114]
[19, 23]
[55, 114]
[2, 114]
[8, 114]
[10, 59]
[114, 132]
[96, 114]
[63, 114]
[82, 114]
[14, 92]
[5, 92]
[5, 24]
[4, 24]
[7, 115]
[7, 92]
[3, 92]
[4, 92]
[17, 133]
[115, 133]
[12, 133]
[5, 133]
[19, 133]
[30, 133]
[6, 133]
[14, 133]
[10, 133]
[2, 133]
[61, 133]
[49, 133]
[0, 133]
[55, 133]
[80, 133]
[107, 133]
[90, 133]
[96, 133]
[86, 133]
[63, 133]
[28, 133]
[85, 133]
[45, 133]
[112, 133]
[76, 133]
[43, 133]
[73, 133]
[18, 133]
[15, 133]
[59, 133]
[88, 133]
[25, 133]
[133, 135]
[97, 133]
[102, 133]
[38, 133]
[133, 138]
[99, 133]
[121, 133]
[31, 133]
[67, 133]
[84, 133]
[105, 133]
[95, 133]
[133, 137]
[114, 133]
[125, 133]
[26, 133]
[74, 133]
[13, 133]
[71, 133]
[5, 47]
[19, 47]
[30, 47]
[47, 77]
[10, 47]
[3, 47]
[47, 61]
[47, 48]
[7, 47]
[47, 117]
[47, 87]
[12, 47]
[47, 96]
[47, 86]
[47, 63]
[47, 82]
[47, 92]
[28, 47]
[45, 47]
[36, 47]
[47, 112]
[47, 76]
[44, 47]
[47, 124]
[1, 92]
[11, 23]
[48, 92]
[18, 124]
[6, 92]
[30, 92]
[11, 92]
[10, 92]
[2, 92]
[61, 92]
[19, 50]
[5, 50]
[17, 24]
[14, 17]
[17, 119]
[7, 17]
[17, 117]
[17, 80]
[17, 126]
[17, 113]
[17, 107]
[17, 87]
[12, 17]
[17, 90]
[17, 27]
[17, 92]
[17, 56]
[17, 45]
[17, 76]
[17, 124]
[17, 128]
[15, 17]
[17, 59]
[17, 88]
[17, 23]
[17, 46]
[17, 135]
[17, 42]
[17, 115]
[17, 33]
[17, 38]
[17, 64]
[17, 138]
[17, 99]
[17, 122]
[17, 31]
[17, 94]
[17, 137]
[17, 26]
[13, 17]
[17, 81]
[17, 98]
[17, 54]
[17, 116]
[17, 127]
[91, 92]
[3, 23]
[49, 92]
[5, 102]
[23, 100]
[23, 119]
[23, 103]
[23, 48]
[23, 118]
[7, 23]
[23, 91]
[23, 117]
[23, 80]
[23, 126]
[23, 132]
[23, 90]
[23, 27]
[23, 63]
[23, 82]
[23, 92]
[23, 76]
[23, 44]
[23, 124]
[23, 47]
[23, 73]
[23, 128]
[8, 92]
[49, 64]
[3, 64]
[92, 117]
[23, 59]
[12, 92]
[51, 92]
[87, 92]
[92, 96]
[86, 92]
[63, 92]
[82, 92]
[28, 79]
[28, 55]
[28, 80]
[28, 126]
[28, 92]
[12, 56]
[7, 56]
[4, 56]
[4, 123]
[5, 123]
[1, 123]
[30, 123]
[2, 123]
[103, 123]
[48, 123]
[7, 123]
[91, 123]
[49, 123]
[8, 123]
[55, 123]
[9, 123]
[113, 123]
[87, 123]
[96, 123]
[63, 123]
[82, 123]
[92, 123]
[85, 123]
[45, 123]
[112, 123]
[76, 123]
[43, 123]
[44, 123]
[123, 124]
[83, 123]
[123, 128]
[59, 123]
[50, 123]
[24, 123]
[25, 123]
[52, 123]
[38, 123]
[123, 138]
[99, 123]
[3, 56]
[10, 56]
[2, 56]
[56, 61]
[20, 56]
[18, 87]
[56, 91]
[49, 56]
[56, 117]
[51, 56]
[56, 107]
[56, 87]
[56, 90]
[56, 96]
[56, 86]
[56, 63]
[56, 82]
[28, 56]
[12, 85]
[5, 85]
[4, 85]
[28, 85]
[3, 85]
[54, 124]
[20, 54]
[2, 54]
[6, 54]
[1, 54]
[54, 61]
[48, 54]
[49, 54]
[8, 54]
[54, 80]
[54, 113]
[12, 54]
[54, 96]
[54, 86]
[54, 82]
[54, 56]
[54, 85]
[36, 54]
[43, 54]
[54, 83]
[54, 128]
[15, 54]
[54, 88]
[23, 54]
[24, 54]
[25, 54]
[54, 97]
[54, 115]
[38, 54]
[54, 123]
[54, 137]
[54, 125]
[39, 54]
[26, 54]
[54, 60]
[54, 133]
[54, 109]
[54, 81]
[54, 98]
[11, 85]
[14, 85]
[51, 85]
[85, 118]
[85, 91]
[18, 63]
[55, 85]
[14, 50]
[1, 50]
[24, 30]
[6, 24]
[24, 77]
[11, 24]
[14, 24]
[2, 24]
[3, 24]
[24, 61]
[20, 24]
[24, 103]
[24, 118]
[7, 24]
[24, 91]
[24, 80]
[24, 126]
[24, 113]
[24, 107]
[85, 90]
[85, 96]
[85, 92]
[5, 45]
[1, 45]
[4, 45]
[30, 45]
[6, 45]
[45, 118]
[12, 45]
[11, 45]
[18, 47]
[14, 45]
[3, 45]
[2, 45]
[18, 76]
[18, 43]
[18, 44]
[18, 83]
[45, 119]
[14, 15]
[11, 15]
[6, 15]
[10, 15]
[15, 119]
[15, 48]
[8, 15]
[15, 55]
[15, 107]
[15, 132]
[15, 27]
[15, 82]
[15, 90]
[15, 96]
[12, 112]
[45, 61]
[2, 16]
[4, 16]
[45, 79]
[45, 80]
[45, 107]
[28, 45]
[45, 56]
[45, 117]
[45, 92]
[19, 36]
[1, 36]
[20, 36]
[30, 36]
[6, 36]
[36, 77]
[10, 36]
[3, 36]
[36, 61]
[36, 79]
[36, 118]
[7, 36]
[36, 49]
[36, 51]
[36, 126]
[36, 107]
[36, 96]
[28, 36]
[36, 85]
[36, 45]
[19, 112]
[1, 112]
[20, 112]
[30, 112]
[6, 112]
[11, 112]
[14, 112]
[2, 112]
[112, 119]
[61, 112]
[48, 112]
[112, 118]
[49, 112]
[8, 112]
[55, 112]
[80, 112]
[107, 112]
[112, 132]
[90, 112]
[28, 112]
[112, 117]
[36, 112]
[85, 86]
[45, 86]
[36, 86]
[86, 112]
[36, 87]
[87, 112]
[63, 85]
[36, 63]
[45, 63]
[20, 128]
[10, 128]
[4, 128]
[1, 128]
[30, 128]
[77, 128]
[11, 128]
[100, 128]
[119, 128]
[7, 128]
[91, 128]
[8, 128]
[126, 128]
[128, 132]
[27, 128]
[117, 128]
[85, 128]
[45, 128]
[112, 128]
[63, 128]
[15, 56]
[12, 15]
[15, 87]
[15, 45]
[15, 112]
[15, 128]
[50, 77]
[10, 50]
[2, 50]
[3, 50]
[50, 100]
[50, 61]
[50, 79]
[48, 50]
[50, 118]
[50, 91]
[50, 51]
[50, 126]
[50, 132]
[27, 50]
[50, 82]
[50, 90]
[50, 96]
[50, 117]
[50, 92]
[50, 56]
[50, 85]
[36, 50]
[45, 50]
[50, 112]
[50, 86]
[50, 128]
[15, 50]
[11, 134]
[30, 134]
[9, 64]
[12, 134]
[14, 134]
[1, 134]
[7, 134]
[91, 134]
[51, 134]
[55, 134]
[126, 134]
[113, 134]
[132, 134]
[23, 134]
[28, 134]
[92, 134]
[128, 134]
[24, 132]
[23, 24]
[24, 56]
[24, 87]
[24, 36]
[24, 112]
[24, 63]
[24, 128]
[24, 134]
[8, 46]
[4, 46]
[1, 46]
[46, 77]
[14, 46]
[46, 61]
[46, 48]
[7, 46]
[46, 51]
[46, 80]
[46, 126]
[46, 113]
[46, 107]
[46, 132]
[27, 46]
[46, 82]
[46, 90]
[23, 46]
[46, 96]
[46, 92]
[12, 46]
[45, 46]
[46, 112]
[46, 128]
[46, 50]
[20, 69]
[19, 69]
[5, 69]
[4, 69]
[69, 77]
[10, 69]
[69, 100]
[61, 69]
[69, 79]
[48, 69]
[7, 69]
[49, 69]
[51, 69]
[55, 69]
[69, 80]
[69, 113]
[69, 107]
[69, 132]
[27, 69]
[28, 69]
[69, 117]
[56, 69]
[69, 112]
[69, 86]
[69, 128]
[15, 69]
[69, 134]
[24, 69]
[46, 69]
[10, 75]
[6, 75]
[4, 75]
[48, 75]
[75, 77]
[11, 75]
[3, 75]
[48, 81]
[75, 119]
[75, 103]
[7, 75]
[75, 91]
[51, 75]
[75, 80]
[75, 113]
[75, 132]
[27, 75]
[75, 96]
[28, 75]
[75, 92]
[36, 75]
[45, 75]
[75, 112]
[50, 75]
[75, 134]
[69, 75]
[25, 128]
[20, 25]
[10, 25]
[14, 25]
[25, 77]
[6, 25]
[3, 25]
[15, 25]
[25, 100]
[25, 119]
[25, 61]
[25, 79]
[25, 48]
[25, 118]
[7, 25]
[25, 91]
[25, 80]
[25, 126]
[25, 113]
[25, 107]
[25, 132]
[25, 82]
[25, 90]
[25, 28]
[25, 92]
[25, 87]
[25, 36]
[25, 45]
[25, 112]
[25, 86]
[24, 25]
[25, 69]
[20, 115]
[3, 115]
[6, 115]
[1, 115]
[14, 115]
[8, 115]
[55, 115]
[15, 115]
[9, 115]
[113, 115]
[90, 115]
[23, 115]
[96, 115]
[85, 115]
[36, 115]
[45, 115]
[112, 115]
[63, 115]
[24, 115]
[69, 115]
[15, 52]
[9, 52]
[3, 52]
[52, 91]
[23, 52]
[49, 52]
[51, 52]
[52, 80]
[125, 135]
[11, 135]
[4, 135]
[1, 135]
[30, 135]
[6, 135]
[10, 135]
[3, 135]
[79, 135]
[49, 135]
[27, 135]
[90, 135]
[28, 135]
[92, 135]
[12, 135]
[87, 135]
[36, 135]
[45, 135]
[50, 135]
[134, 135]
[24, 135]
[46, 135]
[75, 135]
[25, 135]
[94, 135]
[131, 135]
[58, 135]
[47, 135]
[76, 135]
[83, 135]
[18, 135]
[59, 135]
[110, 135]
[135, 139]
[106, 135]
[88, 135]
[32, 135]
[44, 56]
[5, 44]
[30, 44]
[11, 44]
[14, 44]
[2, 44]
[3, 44]
[7, 44]
[8, 44]
[44, 80]
[28, 44]
[44, 92]
[12, 44]
[44, 87]
[44, 85]
[44, 45]
[44, 86]
[44, 128]
[15, 44]
[44, 46]
[44, 94]
[44, 105]
[44, 125]
[39, 44]
[26, 44]
[44, 81]
[44, 131]
[44, 58]
[43, 44]
[44, 124]
[76, 117]
[76, 82]
[76, 77]
[116, 117]
[20, 116]
[10, 116]
[11, 116]
[6, 116]
[61, 116]
[79, 116]
[116, 118]
[49, 116]
[51, 116]
[55, 116]
[80, 116]
[113, 116]
[116, 132]
[82, 116]
[96, 116]
[28, 116]
[87, 116]
[85, 116]
[36, 116]
[45, 116]
[112, 116]
[63, 116]
[116, 124]
[116, 128]
[50, 116]
[116, 134]
[24, 116]
[75, 116]
[115, 116]
[52, 116]
[33, 116]
[38, 116]
[94, 116]
[105, 116]
[116, 137]
[114, 116]
[116, 125]
[109, 116]
[81, 116]
[116, 136]
[58, 116]
[10, 76]
[14, 76]
[6, 76]
[20, 76]
[2, 76]
[15, 76]
[76, 119]
[15, 43]
[61, 76]
[76, 103]
[7, 76]
[49, 76]
[8, 76]
[76, 80]
[76, 90]
[28, 76]
[76, 92]
[56, 76]
[12, 76]
[76, 85]
[45, 76]
[76, 112]
[63, 76]
[19, 43]
[5, 43]
[1, 43]
[30, 43]
[6, 43]
[43, 77]
[11, 43]
[14, 43]
[10, 43]
[2, 43]
[3, 43]
[43, 48]
[43, 51]
[43, 80]
[43, 82]
[43, 90]
[28, 43]
[43, 117]
[43, 45]
[43, 86]
[6, 124]
[5, 124]
[1, 124]
[5, 26]
[4, 26]
[12, 94]
[30, 124]
[6, 72]
[11, 72]
[5, 66]
[5, 53]
[1, 53]
[76, 128]
[50, 76]
[24, 76]
[69, 76]
[25, 76]
[43, 128]
[43, 134]
[25, 43]
[10, 124]
[2, 124]
[91, 124]
[80, 124]
[124, 126]
[82, 124]
[90, 124]
[96, 124]
[28, 124]
[92, 124]
[85, 124]
[56, 124]
[87, 124]
[124, 128]
[50, 124]
[124, 134]
[24, 124]
[115, 124]
[43, 124]
[52, 113]
[20, 60]
[4, 60]
[52, 90]
[52, 87]
[45, 52]
[5, 60]
[50, 52]
[24, 52]
[25, 52]
[52, 76]
[12, 33]
[9, 33]
[7, 33]
[30, 60]
[4, 33]
[6, 33]
[11, 33]
[33, 77]
[14, 33]
[10, 33]
[33, 49]
[10, 64]
[2, 33]
[33, 119]
[33, 61]
[11, 60]
[33, 103]
[33, 48]
[33, 118]
[33, 91]
[33, 51]
[33, 55]
[33, 80]
[33, 113]
[33, 107]
[33, 90]
[2, 60]
[33, 96]
[28, 33]
[33, 117]
[33, 92]
[33, 56]
[23, 33]
[33, 45]
[33, 112]
[33, 128]
[15, 33]
[33, 134]
[33, 46]
[11, 64]
[33, 69]
[33, 115]
[33, 43]
[1, 64]
[33, 124]
[11, 38]
[4, 38]
[1, 38]
[6, 38]
[14, 38]
[10, 38]
[38, 91]
[38, 49]
[8, 38]
[38, 51]
[38, 80]
[9, 38]
[38, 113]
[38, 107]
[38, 132]
[38, 96]
[28, 38]
[38, 92]
[38, 56]
[12, 38]
[23, 38]
[38, 85]
[36, 38]
[38, 45]
[38, 112]
[38, 86]
[15, 38]
[38, 50]
[38, 134]
[24, 38]
[38, 69]
[38, 115]
[38, 76]
[33, 38]
[7, 94]
[5, 94]
[30, 94]
[14, 94]
[26, 30]
[6, 26]
[2, 26]
[26, 79]
[26, 48]
[7, 26]
[26, 49]
[26, 51]
[26, 55]
[26, 80]
[26, 126]
[26, 107]
[26, 132]
[26, 82]
[26, 90]
[26, 96]
[26, 117]
[26, 56]
[23, 26]
[10, 94]
[26, 85]
[26, 63]
[2, 94]
[26, 46]
[26, 69]
[26, 76]
[26, 43]
[26, 124]
[26, 94]
[26, 137]
[26, 114]
[26, 125]
[26, 39]
[3, 94]
[94, 96]
[90, 94]
[94, 119]
[48, 94]
[94, 118]
[49, 94]
[51, 94]
[55, 94]
[9, 94]
[94, 113]
[94, 132]
[28, 94]
[36, 94]
[94, 112]
[86, 94]
[63, 94]
[94, 128]
[50, 94]
[94, 134]
[69, 94]
[76, 94]
[43, 94]
[94, 124]
[75, 94]
[38, 94]
[14, 105]
[30, 105]
[7, 64]
[60, 100]
[105, 115]
[5, 105]
[105, 119]
[79, 105]
[48, 105]
[105, 118]
[7, 105]
[49, 105]
[80, 105]
[9, 105]
[105, 113]
[105, 107]
[105, 132]
[27, 105]
[82, 105]
[90, 105]
[96, 105]
[28, 105]
[92, 105]
[12, 105]
[87, 105]
[85, 105]
[36, 105]
[63, 105]
[62, 77]
[19, 62]
[5, 62]
[4, 62]
[105, 128]
[105, 134]
[30, 62]
[14, 62]
[46, 105]
[25, 105]
[10, 62]
[2, 62]
[75, 105]
[52, 105]
[3, 62]
[61, 62]
[94, 105]
[36, 114]
[114, 128]
[15, 114]
[114, 134]
[46, 114]
[25, 114]
[76, 114]
[43, 114]
[114, 124]
[52, 114]
[33, 114]
[94, 114]
[105, 114]
[87, 125]
[4, 125]
[1, 125]
[6, 125]
[11, 125]
[3, 125]
[48, 125]
[51, 125]
[55, 125]
[80, 125]
[125, 132]
[82, 125]
[90, 125]
[96, 125]
[12, 125]
[86, 125]
[36, 125]
[123, 125]
[45, 125]
[112, 125]
[15, 125]
[50, 125]
[125, 134]
[24, 125]
[69, 125]
[115, 125]
[43, 125]
[124, 125]
[52, 125]
[33, 125]
[38, 125]
[105, 125]
[125, 137]
[20, 39]
[5, 39]
[11, 39]
[14, 39]
[2, 39]
[39, 119]
[39, 49]
[8, 39]
[39, 51]
[39, 55]
[39, 132]
[12, 39]
[39, 82]
[39, 96]
[39, 87]
[28, 39]
[39, 86]
[39, 56]
[23, 39]
[39, 85]
[39, 112]
[39, 63]
[39, 46]
[25, 39]
[38, 39]
[39, 137]
[39, 114]
[20, 109]
[2, 109]
[5, 16]
[6, 109]
[1, 109]
[109, 119]
[64, 79]
[3, 109]
[7, 109]
[51, 109]
[55, 109]
[80, 109]
[9, 109]
[109, 132]
[90, 109]
[109, 117]
[87, 109]
[28, 109]
[92, 109]
[56, 109]
[23, 109]
[85, 109]
[109, 123]
[109, 112]
[63, 109]
[50, 109]
[24, 109]
[69, 109]
[109, 115]
[43, 109]
[75, 109]
[52, 109]
[33, 109]
[38, 109]
[105, 109]
[109, 137]
[39, 109]
[12, 81]
[9, 81]
[4, 81]
[1, 81]
[49, 81]
[31, 87]
[31, 118]
[31, 119]
[2, 31]
[4, 31]
[5, 31]
[1, 31]
[11, 31]
[14, 31]
[3, 31]
[31, 61]
[31, 48]
[31, 55]
[31, 126]
[31, 113]
[31, 107]
[31, 90]
[12, 31]
[28, 31]
[31, 56]
[31, 123]
[31, 45]
[31, 112]
[18, 31]
[31, 134]
[24, 31]
[31, 46]
[25, 31]
[31, 43]
[31, 124]
[31, 75]
[31, 52]
[31, 38]
[31, 114]
[31, 39]
[31, 131]
[31, 136]
[31, 58]
[31, 73]
[31, 83]
[31, 59]
[31, 139]
[31, 78]
[31, 111]
[31, 93]
[31, 102]
[31, 99]
[30, 81]
[11, 81]
[14, 81]
[10, 81]
[3, 81]
[61, 81]
[81, 103]
[79, 81]
[81, 107]
[81, 132]
[81, 82]
[81, 96]
[81, 117]
[81, 87]
[81, 92]
[81, 86]
[81, 133]
[56, 81]
[36, 81]
[81, 112]
[63, 81]
[81, 128]
[15, 81]
[50, 81]
[24, 81]
[46, 81]
[25, 81]
[76, 81]
[43, 81]
[75, 81]
[52, 81]
[38, 81]
[81, 94]
[81, 137]
[81, 114]
[81, 125]
[81, 109]
[8, 131]
[7, 131]
[61, 131]
[5, 131]
[11, 131]
[15, 131]
[87, 131]
[118, 131]
[42, 118]
[3, 42]
[3, 131]
[10, 131]
[124, 131]
[50, 131]
[9, 131]
[49, 131]
[51, 131]
[80, 131]
[131, 132]
[90, 131]
[28, 131]
[92, 131]
[131, 133]
[23, 131]
[36, 131]
[112, 131]
[131, 134]
[25, 131]
[115, 131]
[76, 131]
[43, 131]
[75, 131]
[38, 131]
[94, 131]
[131, 137]
[125, 131]
[26, 131]
[81, 131]
[6, 136]
[5, 136]
[1, 136]
[14, 136]
[11, 136]
[10, 136]
[2, 136]
[3, 136]
[119, 136]
[61, 136]
[79, 136]
[48, 136]
[7, 136]
[91, 136]
[8, 136]
[113, 136]
[90, 136]
[96, 136]
[12, 136]
[28, 136]
[92, 136]
[86, 136]
[56, 136]
[36, 136]
[123, 136]
[45, 136]
[112, 136]
[54, 136]
[63, 136]
[128, 136]
[50, 136]
[24, 136]
[46, 136]
[69, 136]
[76, 136]
[124, 136]
[33, 136]
[38, 136]
[94, 136]
[105, 136]
[136, 137]
[114, 136]
[26, 136]
[81, 136]
[7, 58]
[6, 58]
[5, 58]
[4, 58]
[49, 58]
[30, 58]
[11, 58]
[14, 58]
[58, 79]
[48, 58]
[58, 126]
[58, 113]
[58, 90]
[12, 58]
[58, 87]
[58, 86]
[58, 133]
[56, 58]
[23, 58]
[58, 85]
[58, 112]
[58, 63]
[26, 58]
[58, 128]
[15, 58]
[50, 58]
[25, 58]
[42, 48]
[60, 61]
[58, 115]
[33, 58]
[58, 94]
[58, 137]
[58, 125]
[58, 81]
[58, 131]
[58, 136]
[20, 127]
[2, 127]
[1, 16]
[4, 127]
[19, 127]
[5, 127]
[1, 127]
[77, 127]
[3, 127]
[119, 127]
[79, 127]
[118, 127]
[7, 127]
[49, 127]
[80, 127]
[126, 127]
[113, 127]
[107, 127]
[90, 127]
[96, 127]
[87, 127]
[28, 127]
[127, 133]
[56, 127]
[23, 127]
[36, 127]
[112, 127]
[54, 127]
[50, 127]
[127, 134]
[115, 127]
[75, 127]
[52, 127]
[38, 127]
[94, 127]
[105, 127]
[127, 137]
[125, 127]
[26, 127]
[81, 127]
[127, 131]
[127, 136]
[116, 127]
[15, 47]
[47, 50]
[47, 134]
[46, 47]
[47, 69]
[25, 47]
[47, 75]
[33, 47]
[38, 47]
[47, 94]
[47, 105]
[47, 114]
[47, 109]
[47, 81]
[47, 58]
[47, 116]
[47, 127]
[12, 73]
[20, 73]
[10, 73]
[6, 73]
[30, 73]
[14, 64]
[14, 73]
[1, 73]
[11, 73]
[7, 73]
[49, 73]
[8, 73]
[9, 73]
[73, 132]
[73, 92]
[73, 86]
[56, 73]
[73, 85]
[45, 73]
[73, 112]
[73, 124]
[73, 134]
[24, 73]
[69, 73]
[25, 73]
[73, 115]
[73, 75]
[38, 73]
[73, 94]
[73, 114]
[39, 73]
[73, 109]
[47, 73]
[12, 83]
[20, 83]
[4, 83]
[19, 83]
[5, 83]
[30, 83]
[6, 83]
[11, 83]
[2, 83]
[83, 119]
[79, 83]
[48, 83]
[7, 83]
[49, 83]
[55, 83]
[80, 83]
[83, 126]
[83, 132]
[83, 90]
[83, 96]
[83, 117]
[28, 83]
[83, 92]
[83, 86]
[63, 83]
[83, 124]
[83, 134]
[83, 115]
[75, 83]
[52, 83]
[83, 109]
[58, 83]
[12, 59]
[5, 59]
[30, 59]
[14, 59]
[2, 59]
[3, 59]
[59, 61]
[48, 59]
[59, 118]
[49, 59]
[55, 59]
[59, 80]
[26, 59]
[59, 87]
[59, 86]
[56, 59]
[59, 85]
[45, 59]
[59, 112]
[59, 63]
[44, 59]
[18, 59]
[42, 77]
[5, 42]
[59, 128]
[15, 59]
[46, 59]
[59, 69]
[59, 76]
[59, 75]
[52, 59]
[33, 59]
[38, 59]
[59, 105]
[59, 81]
[59, 116]
[47, 59]
[59, 73]
[5, 35]
[1, 35]
[4, 35]
[30, 35]
[7, 35]
[35, 91]
[23, 35]
[35, 49]
[35, 55]
[9, 35]
[35, 113]
[60, 103]
[60, 79]
[60, 91]
[49, 60]
[60, 80]
[60, 82]
[60, 90]
[60, 96]
[60, 87]
[28, 60]
[60, 86]
[56, 60]
[60, 85]
[45, 60]
[60, 112]
[43, 60]
[23, 60]
[60, 123]
[18, 60]
[15, 60]
[50, 60]
[25, 60]
[35, 137]
[35, 128]
[35, 132]
[35, 82]
[35, 36]
[35, 112]
[35, 63]
[35, 43]
[35, 44]
[35, 54]
[15, 35]
[35, 134]
[24, 35]
[35, 115]
[62, 79]
[48, 62]
[7, 62]
[62, 91]
[49, 62]
[8, 62]
[55, 62]
[62, 126]
[35, 76]
[33, 35]
[35, 38]
[35, 105]
[35, 114]
[62, 113]
[18, 62]
[62, 132]
[27, 62]
[62, 82]
[62, 90]
[62, 117]
[28, 62]
[62, 92]
[62, 133]
[56, 62]
[62, 85]
[43, 62]
[23, 62]
[17, 62]
[54, 62]
[50, 62]
[46, 62]
[62, 69]
[25, 62]
[62, 75]
[52, 62]
[33, 62]
[38, 62]
[62, 94]
[62, 105]
[62, 137]
[39, 62]
[26, 62]
[62, 131]
[59, 62]
[62, 78]
[62, 88]
[62, 111]
[32, 62]
[62, 135]
[62, 97]
[62, 64]
[62, 138]
[62, 122]
[62, 67]
[62, 84]
[62, 71]
[60, 62]
[62, 120]
[62, 108]
[16, 62]
[62, 70]
[41, 62]
[62, 130]
[53, 62]
[35, 125]
[35, 47]
[35, 109]
[35, 136]
[35, 58]
[35, 116]
[35, 73]
[35, 83]
[35, 59]
[9, 110]
[4, 110]
[11, 110]
[14, 110]
[2, 110]
[3, 110]
[91, 110]
[49, 110]
[8, 110]
[80, 110]
[110, 126]
[110, 113]
[110, 132]
[82, 110]
[90, 110]
[12, 110]
[28, 110]
[86, 110]
[85, 110]
[45, 110]
[110, 112]
[43, 110]
[23, 110]
[17, 110]
[110, 123]
[44, 110]
[110, 124]
[110, 128]
[15, 110]
[50, 110]
[110, 134]
[46, 110]
[25, 110]
[110, 115]
[33, 110]
[94, 110]
[110, 137]
[110, 114]
[39, 110]
[26, 110]
[109, 110]
[110, 136]
[110, 116]
[73, 110]
[59, 110]
[35, 110]
[9, 139]
[3, 139]
[2, 139]
[4, 139]
[1, 139]
[23, 139]
[30, 139]
[6, 139]
[103, 139]
[118, 139]
[49, 139]
[51, 139]
[126, 139]
[113, 139]
[12, 139]
[87, 139]
[86, 139]
[133, 139]
[56, 139]
[36, 139]
[63, 139]
[43, 139]
[54, 139]
[128, 139]
[134, 139]
[24, 139]
[33, 139]
[38, 139]
[105, 139]
[137, 139]
[114, 139]
[125, 139]
[109, 139]
[58, 139]
[116, 139]
[73, 139]
[83, 139]
[59, 139]
[106, 139]
[14, 106]
[6, 106]
[1, 106]
[20, 106]
[2, 106]
[8, 106]
[17, 111]
[11, 111]
[30, 111]
[88, 117]
[30, 74]
[4, 74]
[4, 111]
[111, 119]
[20, 111]
[79, 111]
[111, 118]
[7, 111]
[49, 111]
[55, 111]
[9, 111]
[111, 113]
[27, 111]
[96, 111]
[92, 111]
[85, 111]
[111, 112]
[87, 111]
[111, 133]
[63, 111]
[15, 111]
[50, 111]
[24, 111]
[69, 111]
[111, 115]
[44, 111]
[75, 111]
[94, 111]
[105, 111]
[111, 137]
[111, 114]
[39, 111]
[109, 111]
[111, 131]
[111, 136]
[111, 116]
[111, 127]
[73, 111]
[111, 139]
[17, 93]
[11, 93]
[4, 93]
[1, 93]
[30, 93]
[6, 93]
[77, 93]
[61, 93]
[93, 103]
[93, 118]
[91, 93]
[55, 93]
[80, 93]
[9, 93]
[93, 113]
[27, 93]
[82, 93]
[90, 93]
[93, 96]
[12, 93]
[86, 93]
[56, 93]
[85, 93]
[36, 93]
[93, 117]
[45, 93]
[87, 93]
[93, 133]
[23, 93]
[63, 93]
[54, 93]
[43, 93]
[15, 93]
[50, 93]
[24, 93]
[69, 93]
[44, 93]
[33, 93]
[38, 93]
[93, 94]
[93, 137]
[93, 125]
[93, 109]
[93, 136]
[16, 17]
[16, 79]
[93, 116]
[16, 30]
[93, 127]
[35, 93]
[6, 16]
[93, 110]
[93, 139]
[32, 87]
[9, 32]
[20, 32]
[5, 32]
[2, 32]
[32, 119]
[32, 61]
[32, 79]
[32, 48]
[8, 32]
[32, 126]
[32, 113]
[32, 107]
[32, 82]
[26, 32]
[32, 96]
[28, 32]
[32, 85]
[32, 36]
[32, 117]
[32, 133]
[32, 54]
[32, 43]
[32, 134]
[32, 69]
[32, 52]
[32, 94]
[32, 137]
[32, 114]
[32, 125]
[32, 39]
[32, 109]
[32, 110]
[32, 139]
[32, 111]
[32, 93]
[111, 124]
[93, 124]
[32, 124]
[47, 111]
[59, 111]
[47, 93]
[59, 93]
[7, 106]
[51, 106]
[106, 128]
[55, 106]
[80, 106]
[9, 106]
[106, 113]
[106, 132]
[82, 106]
[96, 106]
[85, 106]
[45, 106]
[87, 106]
[106, 133]
[54, 106]
[60, 134]
[15, 106]
[106, 134]
[24, 106]
[69, 106]
[106, 115]
[94, 106]
[105, 106]
[106, 137]
[26, 106]
[81, 106]
[106, 131]
[106, 136]
[73, 106]
[106, 110]
[106, 111]
[93, 106]
[76, 106]
[20, 78]
[11, 78]
[19, 78]
[5, 78]
[77, 78]
[14, 78]
[3, 78]
[78, 100]
[61, 78]
[78, 79]
[48, 78]
[78, 118]
[7, 78]
[78, 91]
[8, 78]
[55, 78]
[9, 78]
[12, 78]
[78, 92]
[78, 86]
[78, 85]
[45, 78]
[78, 112]
[78, 87]
[63, 78]
[78, 128]
[69, 78]
[78, 115]
[33, 78]
[78, 105]
[78, 125]
[78, 109]
[78, 81]
[78, 136]
[78, 110]
[78, 124]
[18, 78]
[59, 78]
[78, 93]
[20, 88]
[2, 88]
[5, 88]
[1, 88]
[11, 88]
[10, 88]
[3, 88]
[88, 119]
[79, 88]
[88, 118]
[49, 88]
[55, 88]
[88, 126]
[88, 107]
[88, 132]
[82, 88]
[12, 88]
[28, 88]
[85, 88]
[36, 88]
[87, 88]
[15, 88]
[50, 88]
[88, 134]
[24, 88]
[69, 88]
[88, 94]
[88, 105]
[88, 114]
[88, 125]
[39, 88]
[88, 109]
[81, 88]
[58, 88]
[35, 88]
[88, 124]
[18, 88]
[88, 139]
[88, 93]
[32, 88]
[88, 106]
[5, 97]
[19, 97]
[4, 97]
[30, 97]
[2, 97]
[97, 100]
[97, 119]
[20, 97]
[97, 103]
[79, 97]
[48, 97]
[7, 97]
[49, 97]
[8, 97]
[0, 97]
[97, 107]
[97, 132]
[27, 97]
[90, 97]
[97, 112]
[15, 97]
[50, 97]
[24, 97]
[25, 97]
[97, 115]
[33, 97]
[38, 97]
[39, 97]
[26, 97]
[97, 109]
[97, 136]
[97, 127]
[73, 97]
[97, 110]
[97, 124]
[18, 97]
[97, 135]
[83, 97]
[59, 97]
[76, 97]
[97, 106]
[88, 97]
[1, 42]
[30, 42]
[6, 42]
[10, 42]
[2, 42]
[7, 42]
[42, 49]
[8, 42]
[42, 55]
[27, 42]
[42, 82]
[12, 42]
[28, 42]
[42, 86]
[42, 56]
[42, 85]
[36, 42]
[42, 112]
[23, 42]
[42, 63]
[42, 50]
[42, 46]
[42, 44]
[42, 75]
[42, 52]
[33, 42]
[38, 42]
[42, 114]
[42, 125]
[39, 42]
[42, 127]
[42, 73]
[42, 110]
[18, 42]
[42, 47]
[42, 83]
[42, 139]
[42, 93]
[42, 106]
[42, 78]
[4, 102]
[30, 102]
[11, 102]
[2, 102]
[102, 103]
[102, 118]
[7, 102]
[91, 102]
[51, 102]
[80, 102]
[9, 102]
[27, 102]
[96, 102]
[12, 102]
[28, 102]
[86, 102]
[45, 102]
[102, 112]
[23, 102]
[43, 102]
[102, 128]
[50, 102]
[24, 102]
[46, 102]
[38, 102]
[94, 102]
[102, 105]
[39, 102]
[81, 102]
[102, 136]
[102, 110]
[18, 102]
[102, 135]
[47, 102]
[32, 102]
[102, 106]
[78, 102]
[97, 102]
[42, 102]
[55, 64]
[64, 113]
[64, 132]
[64, 82]
[56, 64]
[64, 85]
[64, 117]
[64, 112]
[63, 64]
[64, 128]
[64, 134]
[24, 64]
[46, 64]
[64, 115]
[52, 64]
[33, 64]
[64, 94]
[64, 105]
[64, 114]
[64, 125]
[26, 64]
[64, 109]
[64, 81]
[64, 131]
[64, 136]
[64, 127]
[64, 73]
[35, 64]
[64, 110]
[18, 64]
[64, 139]
[64, 93]
[32, 64]
[64, 76]
[64, 88]
[42, 64]
[64, 102]
[20, 138]
[5, 138]
[4, 138]
[11, 138]
[14, 138]
[10, 138]
[2, 138]
[119, 138]
[61, 138]
[48, 138]
[7, 138]
[49, 138]
[8, 138]
[51, 138]
[55, 138]
[9, 138]
[113, 138]
[90, 138]
[96, 138]
[12, 138]
[36, 138]
[117, 138]
[23, 138]
[63, 138]
[128, 138]
[15, 138]
[134, 138]
[24, 138]
[46, 138]
[69, 138]
[75, 138]
[52, 138]
[94, 138]
[125, 138]
[39, 138]
[109, 138]
[58, 138]
[127, 138]
[35, 138]
[110, 138]
[124, 138]
[18, 138]
[135, 138]
[83, 138]
[59, 138]
[93, 138]
[32, 138]
[76, 138]
[106, 138]
[97, 138]
[102, 138]
[20, 99]
[19, 99]
[22, 99]
[1, 99]
[4, 99]
[14, 99]
[99, 129]
[65, 99]
[21, 99]
[99, 119]
[79, 99]
[99, 118]
[7, 99]
[91, 99]
[49, 99]
[8, 99]
[51, 99]
[0, 99]
[55, 99]
[99, 126]
[99, 113]
[99, 107]
[96, 99]
[12, 99]
[28, 99]
[56, 99]
[36, 99]
[87, 99]
[43, 99]
[99, 128]
[24, 99]
[69, 99]
[44, 99]
[52, 99]
[33, 99]
[99, 125]
[39, 99]
[99, 109]
[99, 131]
[99, 136]
[58, 99]
[99, 124]
[18, 99]
[99, 135]
[99, 111]
[97, 99]
[42, 99]
[99, 102]
[99, 138]
[23, 122]
[12, 122]
[14, 122]
[5, 122]
[1, 122]
[30, 122]
[77, 122]
[2, 122]
[79, 122]
[49, 122]
[51, 122]
[55, 122]
[80, 122]
[113, 122]
[122, 132]
[27, 122]
[96, 122]
[56, 122]
[85, 122]
[36, 122]
[117, 122]
[122, 128]
[15, 122]
[122, 134]
[24, 122]
[46, 122]
[115, 122]
[44, 122]
[75, 122]
[38, 122]
[94, 122]
[105, 122]
[114, 122]
[122, 125]
[109, 122]
[81, 122]
[122, 136]
[58, 122]
[73, 122]
[35, 122]
[122, 124]
[18, 122]
[111, 122]
[47, 122]
[83, 122]
[93, 122]
[32, 122]
[76, 122]
[106, 122]
[78, 122]
[88, 122]
[42, 122]
[122, 138]
[20, 121]
[10, 121]
[14, 121]
[30, 121]
[6, 121]
[77, 121]
[119, 121]
[61, 121]
[103, 121]
[118, 121]
[7, 121]
[51, 121]
[80, 121]
[9, 121]
[113, 121]
[121, 132]
[27, 121]
[82, 121]
[90, 121]
[96, 121]
[28, 121]
[92, 121]
[36, 121]
[45, 121]
[112, 121]
[121, 123]
[15, 121]
[24, 121]
[69, 121]
[75, 121]
[33, 121]
[38, 121]
[105, 121]
[114, 121]
[121, 125]
[39, 121]
[109, 121]
[121, 136]
[73, 121]
[110, 121]
[121, 124]
[18, 121]
[121, 135]
[111, 121]
[47, 121]
[83, 121]
[59, 121]
[76, 121]
[42, 121]
[102, 121]
[5, 67]
[1, 67]
[4, 67]
[30, 67]
[6, 67]
[14, 67]
[3, 67]
[48, 67]
[67, 118]
[7, 67]
[67, 91]
[49, 67]
[8, 67]
[67, 113]
[67, 132]
[27, 67]
[67, 82]
[67, 96]
[28, 67]
[56, 67]
[36, 67]
[67, 112]
[26, 67]
[67, 87]
[23, 67]
[43, 67]
[67, 128]
[67, 134]
[46, 67]
[67, 69]
[25, 67]
[67, 115]
[67, 75]
[38, 67]
[67, 94]
[67, 105]
[67, 114]
[67, 125]
[39, 67]
[67, 81]
[58, 67]
[67, 116]
[67, 127]
[67, 73]
[18, 67]
[31, 67]
[67, 111]
[47, 67]
[67, 83]
[67, 139]
[67, 93]
[32, 67]
[67, 76]
[67, 78]
[67, 88]
[67, 97]
[42, 67]
[67, 99]
[67, 122]
[67, 121]
[20, 84]
[4, 84]
[1, 84]
[30, 84]
[6, 84]
[79, 84]
[48, 84]
[84, 118]
[55, 84]
[9, 84]
[84, 126]
[84, 107]
[84, 132]
[27, 84]
[82, 84]
[84, 96]
[12, 84]
[28, 84]
[84, 85]
[36, 84]
[43, 84]
[50, 84]
[24, 84]
[46, 84]
[69, 84]
[25, 84]
[44, 84]
[75, 84]
[33, 84]
[38, 84]
[84, 94]
[84, 105]
[84, 114]
[84, 125]
[39, 84]
[81, 84]
[84, 136]
[84, 116]
[84, 127]
[84, 110]
[18, 84]
[84, 135]
[31, 84]
[84, 111]
[47, 84]
[83, 84]
[84, 139]
[84, 93]
[76, 84]
[84, 106]
[84, 88]
[84, 97]
[42, 84]
[67, 84]
[20, 95]
[4, 95]
[14, 95]
[3, 95]
[95, 119]
[61, 95]
[79, 95]
[48, 95]
[91, 95]
[8, 95]
[55, 95]
[9, 95]
[95, 126]
[95, 113]
[95, 132]
[27, 95]
[28, 95]
[92, 95]
[86, 95]
[56, 95]
[85, 95]
[95, 117]
[45, 95]
[95, 112]
[23, 95]
[95, 128]
[15, 95]
[95, 134]
[24, 95]
[25, 95]
[95, 115]
[44, 95]
[33, 95]
[38, 95]
[94, 95]
[95, 125]
[26, 95]
[95, 109]
[81, 95]
[95, 116]
[95, 110]
[95, 124]
[18, 95]
[95, 135]
[95, 111]
[59, 95]
[95, 139]
[32, 95]
[76, 95]
[88, 95]
[64, 95]
[95, 138]
[95, 99]
[95, 122]
[95, 121]
[67, 95]
[20, 74]
[11, 74]
[14, 74]
[10, 74]
[2, 74]
[61, 74]
[48, 74]
[7, 74]
[74, 91]
[49, 74]
[51, 74]
[55, 74]
[74, 85]
[36, 74]
[45, 74]
[23, 74]
[74, 128]
[50, 74]
[24, 74]
[46, 74]
[52, 74]
[33, 74]
[74, 94]
[74, 105]
[74, 137]
[39, 74]
[74, 109]
[74, 131]
[74, 116]
[73, 74]
[74, 124]
[18, 74]
[74, 135]
[31, 74]
[59, 74]
[74, 139]
[74, 76]
[74, 88]
[42, 74]
[74, 99]
[74, 121]
[74, 95]
[12, 13]
[10, 13]
[13, 14]
[1, 13]
[13, 119]
[13, 49]
[8, 13]
[13, 80]
[13, 126]
[13, 82]
[13, 96]
[13, 28]
[13, 86]
[13, 56]
[13, 45]
[13, 112]
[13, 23]
[13, 63]
[13, 123]
[13, 128]
[13, 15]
[13, 50]
[13, 134]
[13, 24]
[13, 46]
[13, 75]
[13, 33]
[13, 94]
[13, 105]
[13, 137]
[13, 125]
[13, 39]
[13, 26]
[13, 124]
[13, 18]
[13, 47]
[13, 59]
[13, 139]
[13, 93]
[13, 76]
[13, 106]
[13, 78]
[13, 88]
[13, 97]
[13, 102]
[13, 64]
[13, 138]
[13, 122]
[13, 121]
[13, 74]
[12, 71]
[3, 71]
[2, 71]
[16, 77]
[5, 71]
[1, 71]
[71, 123]
[23, 71]
[6, 71]
[14, 71]
[10, 71]
[61, 71]
[8, 71]
[71, 80]
[71, 132]
[71, 96]
[71, 86]
[56, 71]
[71, 117]
[71, 112]
[71, 87]
[71, 128]
[16, 132]
[50, 71]
[13, 71]
[71, 134]
[46, 71]
[69, 71]
[71, 115]
[71, 75]
[33, 71]
[38, 71]
[71, 105]
[71, 137]
[71, 114]
[71, 81]
[71, 136]
[71, 116]
[71, 127]
[71, 73]
[35, 71]
[18, 71]
[71, 135]
[31, 71]
[71, 83]
[59, 71]
[71, 139]
[32, 71]
[71, 97]
[42, 71]
[71, 99]
[71, 122]
[71, 121]
[71, 84]
[24, 60]
[46, 60]
[60, 69]
[60, 115]
[38, 60]
[33, 60]
[71, 120]
[60, 106]
[60, 125]
[60, 105]
[11, 16]
[60, 137]
[60, 114]
[39, 60]
[26, 60]
[60, 136]
[58, 60]
[60, 127]
[35, 60]
[60, 110]
[60, 135]
[60, 111]
[47, 60]
[23, 108]
[9, 108]
[48, 108]
[30, 108]
[100, 108]
[19, 108]
[3, 108]
[103, 108]
[2, 108]
[108, 116]
[25, 108]
[80, 108]
[6, 108]
[20, 108]
[77, 108]
[54, 108]
[61, 108]
[3, 66]
[30, 66]
[1, 66]
[48, 66]
[2, 66]
[9, 66]
[66, 92]
[66, 116]
[54, 66]
[45, 66]
[66, 90]
[44, 66]
[36, 66]
[10, 66]
[66, 119]
[66, 85]
[63, 66]
[11, 66]
[66, 78]
[66, 87]
[28, 66]
[66, 137]
[66, 123]
[66, 79]
[52, 66]
[25, 66]
[55, 66]
[66, 94]
[66, 113]
[62, 66]
[66, 115]
[66, 112]
[66, 105]
[66, 73]
[66, 93]
[66, 139]
[39, 66]
[32, 66]
[66, 125]
[24, 66]
[13, 66]
[66, 127]
[66, 110]
[66, 76]
[35, 66]
[66, 138]
[66, 121]
[18, 66]
[26, 66]
[66, 88]
[66, 108]
[66, 98]
[66, 101]
[66, 89]
[29, 66]
[66, 104]
[66, 130]
[60, 66]
[18, 41]
[28, 41]
[41, 44]
[41, 45]
[41, 48]
[41, 92]
[41, 116]
[17, 41]
[41, 75]
[41, 86]
[5, 41]
[41, 49]
[41, 118]
[36, 41]
[41, 50]
[41, 119]
[41, 106]
[41, 85]
[11, 41]
[41, 78]
[41, 87]
[31, 41]
[41, 137]
[41, 79]
[25, 41]
[15, 41]
[41, 43]
[41, 97]
[41, 134]
[41, 56]
[41, 69]
[41, 113]
[41, 58]
[41, 111]
[41, 135]
[41, 73]
[41, 114]
[41, 81]
[41, 139]
[39, 41]
[41, 131]
[41, 125]
[24, 41]
[41, 84]
[41, 95]
[41, 109]
[41, 67]
[41, 127]
[35, 41]
[41, 102]
[41, 136]
[41, 88]
[41, 70]
[41, 72]
[41, 104]
[108, 133]
[8, 108]
[18, 108]
[36, 108]
[107, 108]
[10, 108]
[96, 108]
[108, 119]
[91, 108]
[63, 108]
[14, 108]
[12, 108]
[78, 108]
[28, 108]
[108, 137]
[79, 108]
[55, 108]
[15, 108]
[82, 108]
[108, 113]
[58, 108]
[108, 111]
[108, 115]
[108, 112]
[105, 108]
[108, 114]
[81, 108]
[93, 108]
[39, 108]
[32, 108]
[84, 108]
[7, 108]
[42, 108]
[59, 108]
[108, 127]
[35, 108]
[108, 138]
[108, 136]
[26, 108]
[74, 108]
[23, 68]
[14, 68]
[10, 68]
[27, 68]
[68, 80]
[30, 68]
[68, 103]
[18, 68]
[24, 68]
[68, 96]
[48, 68]
[9, 68]
[68, 116]
[6, 68]
[25, 68]
[68, 75]
[45, 68]
[68, 126]
[8, 68]
[68, 134]
[4, 98]
[20, 98]
[3, 98]
[30, 98]
[2, 98]
[92, 98]
[17, 34]
[6, 34]
[24, 98]
[28, 98]
[10, 98]
[75, 98]
[45, 98]
[90, 98]
[86, 98]
[49, 98]
[98, 118]
[36, 98]
[98, 107]
[96, 98]
[98, 119]
[98, 106]
[98, 124]
[11, 98]
[78, 98]
[87, 98]
[98, 137]
[38, 98]
[94, 98]
[15, 98]
[82, 98]
[98, 128]
[43, 98]
[56, 98]
[46, 98]
[58, 98]
[83, 98]
[98, 135]
[73, 98]
[98, 114]
[50, 98]
[39, 98]
[33, 98]
[32, 98]
[98, 131]
[7, 98]
[42, 98]
[67, 98]
[98, 110]
[76, 98]
[35, 98]
[98, 138]
[18, 98]
[98, 102]
[98, 136]
[26, 98]
[88, 98]
[64, 98]
[74, 98]
[25, 70]
[23, 70]
[19, 70]
[70, 103]
[48, 70]
[2, 70]
[9, 70]
[70, 80]
[61, 70]
[70, 77]
[70, 75]
[4, 70]
[45, 70]
[70, 90]
[70, 86]
[20, 70]
[8, 70]
[44, 70]
[70, 91]
[70, 106]
[70, 124]
[14, 70]
[11, 70]
[70, 87]
[31, 70]
[70, 137]
[38, 70]
[52, 70]
[55, 70]
[70, 94]
[70, 132]
[47, 70]
[56, 70]
[70, 113]
[70, 112]
[70, 73]
[70, 114]
[50, 70]
[70, 93]
[70, 139]
[39, 70]
[32, 70]
[70, 131]
[24, 70]
[7, 70]
[70, 109]
[59, 70]
[70, 97]
[70, 110]
[70, 138]
[18, 70]
[70, 102]
[26, 70]
[70, 95]
[70, 88]
[64, 70]
[70, 74]
[70, 98]
[19, 101]
[1, 101]
[48, 101]
[2, 101]
[9, 101]
[92, 101]
[17, 101]
[54, 101]
[61, 101]
[77, 101]
[75, 101]
[4, 101]
[101, 133]
[90, 101]
[86, 101]
[27, 101]
[20, 101]
[101, 117]
[36, 101]
[96, 101]
[91, 101]
[101, 106]
[85, 101]
[63, 101]
[14, 101]
[51, 101]
[87, 101]
[101, 137]
[23, 101]
[38, 101]
[15, 101]
[47, 101]
[46, 101]
[101, 113]
[58, 101]
[101, 112]
[73, 101]
[81, 101]
[93, 101]
[101, 139]
[39, 101]
[32, 101]
[101, 131]
[101, 125]
[28, 101]
[24, 101]
[7, 101]
[42, 101]
[13, 101]
[59, 101]
[101, 127]
[101, 110]
[35, 101]
[71, 101]
[18, 101]
[101, 102]
[26, 101]
[88, 101]
[99, 101]
[64, 101]
[70, 101]
[72, 75]
[59, 60]
[48, 72]
[55, 120]
[77, 120]
[30, 120]
[1, 120]
[45, 120]
[90, 120]
[5, 120]
[20, 120]
[117, 120]
[36, 120]
[120, 124]
[85, 120]
[11, 120]
[52, 120]
[25, 120]
[47, 120]
[43, 120]
[120, 134]
[56, 120]
[9, 120]
[66, 120]
[116, 120]
[40, 67]
[40, 126]
[50, 120]
[9, 40]
[5, 40]
[4, 40]
[30, 40]
[1, 40]
[40, 92]
[40, 49]
[40, 117]
[11, 40]
[40, 78]
[31, 40]
[38, 40]
[25, 40]
[15, 40]
[40, 47]
[40, 56]
[3, 40]
[40, 116]
[40, 115]
[40, 75]
[40, 114]
[40, 81]
[39, 40]
[8, 40]
[40, 125]
[40, 44]
[28, 40]
[40, 118]
[40, 79]
[40, 91]
[40, 106]
[12, 40]
[40, 51]
[40, 137]
[40, 59]
[40, 94]
[40, 82]
[40, 69]
[40, 110]
[40, 102]
[40, 73]
[26, 40]
[13, 40]
[40, 76]
[35, 40]
[40, 121]
[40, 71]
[18, 40]
[40, 84]
[40, 95]
[40, 108]
[40, 68]
[40, 99]
[40, 104]
[40, 122]
[115, 120]
[83, 120]
[18, 120]
[81, 120]
[93, 120]
[39, 120]
[33, 120]
[32, 120]
[8, 120]
[44, 120]
[91, 120]
[106, 120]
[120, 137]
[23, 120]
[113, 120]
[58, 120]
[24, 120]
[88, 120]
[13, 120]
[67, 120]
[97, 120]
[120, 127]
[76, 120]
[101, 120]
[84, 120]
[60, 88]
[60, 64]
[60, 76]
[60, 99]
[60, 122]
[60, 74]
[60, 98]
[120, 136]
[99, 120]
[120, 122]
[108, 120]
[60, 108]
[49, 68]
[40, 41]
[41, 120]
[41, 60]
[68, 117]
[68, 78]
[55, 68]
[15, 68]
[68, 128]
[43, 68]
[68, 111]
[68, 115]
[68, 135]
[68, 114]
[50, 68]
[68, 81]
[68, 93]
[32, 68]
[68, 125]
[44, 68]
[28, 68]
[68, 119]
[68, 91]
[68, 106]
[68, 137]
[68, 94]
[68, 113]
[58, 68]
[68, 73]
[68, 105]
[68, 102]
[42, 68]
[13, 68]
[68, 84]
[68, 71]
[59, 68]
[68, 76]
[35, 68]
[68, 136]
[68, 122]
[68, 98]
[60, 68]
[68, 70]
[102, 104]
[104, 128]
[18, 104]
[104, 139]
[11, 104]
[30, 104]
[1, 104]
[3, 104]
[4, 104]
[2, 104]
[13, 104]
[14, 104]
[10, 104]
[9, 104]
[63, 104]
[7, 104]
[27, 104]
[36, 104]
[96, 104]
[85, 104]
[23, 104]
[12, 104]
[87, 104]
[31, 104]
[52, 104]
[56, 104]
[83, 104]
[104, 109]
[82, 104]
[59, 104]
[104, 132]
[104, 110]
[46, 104]
[104, 138]
[97, 104]
[88, 104]
[99, 104]
[74, 104]
[104, 108]
[95, 104]
[80, 104]
[45, 104]
[103, 104]
[6, 104]
[75, 104]
[104, 134]
[79, 104]
[101, 104]
[78, 104]
[31, 130]
[87, 130]
[124, 130]
[130, 133]
[19, 130]
[100, 130]
[1, 130]
[30, 130]
[54, 130]
[90, 130]
[27, 130]
[20, 130]
[36, 130]
[11, 130]
[38, 130]
[56, 130]
[3, 130]
[17, 130]
[61, 130]
[39, 130]
[118, 130]
[107, 130]
[63, 130]
[51, 130]
[123, 130]
[82, 130]
[110, 130]
[112, 130]
[130, 131]
[47, 130]
[121, 130]
[127, 130]
[64, 130]
[74, 130]
[130, 139]
[24, 130]
[45, 130]
[103, 130]
[25, 130]
[9, 130]
[116, 130]
[6, 130]
[18, 130]
[49, 130]
[14, 130]
[130, 134]
[79, 130]
[101, 130]
[120, 130]
[68, 130]
[111, 130]
[115, 130]
[130, 135]
[81, 130]
[93, 130]
[32, 130]
[125, 130]
[28, 130]
[91, 130]
[106, 130]
[130, 137]
[73, 130]
[105, 130]
[102, 130]
[84, 130]
[59, 130]
[76, 130]
[35, 130]
[130, 136]
[60, 130]
[12, 72]
[17, 72]
[3, 72]
[61, 72]
[72, 86]
[72, 118]
[72, 107]
[63, 72]
[51, 72]
[72, 123]
[72, 82]
[72, 132]
[46, 72]
[72, 112]
[72, 131]
[67, 72]
[72, 97]
[62, 72]
[72, 121]
[72, 127]
[72, 99]
[72, 74]
[72, 139]
[72, 95]
[24, 72]
[72, 80]
[72, 103]
[9, 72]
[72, 116]
[10, 72]
[23, 72]
[18, 72]
[14, 72]
[72, 126]
[8, 72]
[44, 72]
[72, 119]
[72, 91]
[72, 106]
[72, 137]
[72, 94]
[72, 113]
[58, 72]
[72, 73]
[42, 72]
[13, 72]
[72, 84]
[71, 72]
[72, 76]
[35, 72]
[72, 136]
[72, 98]
[70, 72]
[72, 122]
[15, 104]
[55, 104]
[104, 135]
[50, 104]
[104, 105]
[104, 120]
[68, 104]
[60, 104]
[104, 130]
[91, 104]
[104, 106]
[104, 137]
[94, 104]
[104, 113]
[42, 104]
[76, 104]
[104, 136]
[70, 104]
[16, 134]
[16, 133]
[16, 96]
[16, 31]
[16, 56]
[16, 39]
[7, 16]
[16, 110]
[16, 138]
[16, 26]
[16, 88]
[16, 64]
[16, 45]
[16, 25]
[16, 61]
[5, 37]
[37, 90]
[30, 37]
[37, 75]
[37, 38]
[27, 37]
[37, 96]
[37, 124]
[37, 85]
[37, 87]
[37, 56]
[3, 37]
[37, 83]
[37, 39]
[37, 109]
[26, 37]
[37, 47]
[37, 45]
[37, 103]
[37, 49]
[37, 117]
[37, 116]
[37, 134]
[37, 51]
[37, 123]
[37, 131]
[37, 115]
[37, 114]
[37, 81]
[37, 125]
[28, 37]
[37, 102]
[37, 59]
[37, 107]
[24, 37]
[8, 37]
[37, 44]
[37, 84]
[35, 37]
[37, 101]
[15, 37]
[37, 40]
[37, 74]
[37, 108]
[37, 55]
[37, 72]
[37, 139]
[18, 37]
[14, 37]
[37, 135]
[6, 37]
[37, 50]
[37, 120]
[37, 68]
[37, 60]
[37, 106]
[37, 137]
[37, 94]
[37, 113]
[37, 42]
[37, 136]
[38, 89]
[2, 89]
[30, 89]
[1, 89]
[77, 89]
[4, 89]
[89, 133]
[27, 89]
[89, 124]
[85, 89]
[52, 89]
[3, 89]
[89, 109]
[69, 89]
[88, 89]
[64, 89]
[25, 89]
[48, 89]
[49, 89]
[89, 117]
[89, 116]
[79, 89]
[89, 123]
[89, 128]
[89, 115]
[89, 114]
[81, 89]
[28, 89]
[89, 102]
[86, 89]
[89, 107]
[89, 126]
[8, 89]
[89, 119]
[84, 89]
[71, 89]
[89, 110]
[89, 101]
[89, 98]
[15, 89]
[40, 89]
[89, 99]
[74, 89]
[89, 95]
[11, 89]
[72, 89]
[82, 89]
[18, 89]
[14, 89]
[6, 89]
[50, 89]
[89, 105]
[89, 120]
[60, 89]
[89, 91]
[89, 106]
[89, 137]
[42, 89]
[76, 89]
[37, 89]
[4, 29]
[1, 29]
[20, 29]
[29, 133]
[29, 90]
[29, 36]
[29, 124]
[29, 85]
[29, 87]
[29, 52]
[29, 56]
[29, 39]
[29, 33]
[7, 29]
[29, 109]
[29, 138]
[29, 88]
[29, 45]
[25, 29]
[29, 61]
[29, 48]
[29, 80]
[29, 103]
[9, 29]
[29, 116]
[29, 79]
[29, 51]
[29, 128]
[29, 115]
[29, 114]
[29, 102]
[29, 59]
[29, 86]
[29, 107]
[29, 112]
[29, 121]
[8, 29]
[29, 44]
[29, 119]
[29, 58]
[29, 73]
[29, 35]
[29, 122]
[29, 110]
[29, 101]
[29, 93]
[29, 40]
[12, 29]
[29, 132]
[29, 99]
[29, 95]
[11, 29]
[29, 55]
[29, 72]
[29, 82]
[29, 139]
[18, 29]
[29, 135]
[29, 50]
[29, 105]
[29, 120]
[29, 68]
[29, 60]
[29, 137]
[29, 94]
[29, 113]
[29, 76]
[29, 37]
[13, 37]
[13, 89]
[89, 130]
[29, 130]
[37, 70]
[70, 89]
[89, 104]
[29, 104]
[16, 123]
[16, 103]
[16, 49]
[16, 51]
[16, 107]
[8, 16]
[16, 91]
[16, 113]
[16, 116]
[16, 128]
[16, 111]
[16, 115]
[16, 114]
[16, 32]
[16, 86]
[16, 112]
[16, 44]
[16, 58]
[16, 84]
[16, 35]
[16, 127]
[16, 93]
[16, 98]
[16, 46]
[16, 97]
[16, 99]
[16, 72]
[16, 63]
[16, 18]
[16, 105]
[16, 120]
[16, 60]
[16, 137]
[16, 94]
[16, 42]
[16, 76]
[16, 37]
[16, 89]
[16, 29]
[13, 16]
[20, 34]
[5, 34]
[34, 54]
[1, 34]
[4, 34]
[34, 90]
[27, 34]
[23, 34]
[3, 34]
[34, 48]
[9, 34]
[34, 124]
[34, 85]
[34, 38]
[34, 52]
[34, 69]
[34, 47]
[34, 131]
[34, 125]
[28, 34]
[34, 59]
[34, 121]
[24, 34]
[34, 126]
[15, 34]
[34, 108]
[34, 82]
[34, 139]
[14, 34]
[34, 50]
[34, 106]
[34, 66]
[34, 101]
[34, 41]
[31, 34]
[34, 39]
[34, 133]
[34, 61]
[34, 116]
[11, 34]
[34, 132]
[34, 64]
[34, 45]
[25, 34]
[34, 49]
[34, 107]
[8, 34]
[34, 91]
[34, 128]
[34, 111]
[32, 34]
[34, 112]
[34, 84]
[34, 35]
[16, 34]
[34, 98]
[34, 72]
[34, 63]
[18, 34]
[34, 120]
[34, 137]
[34, 42]
[34, 76]
[34, 37]
[34, 89]
[29, 34]
[13, 34]
[20, 53]
[53, 54]
[53, 56]
[12, 53]
[53, 77]
[53, 83]
[53, 109]
[53, 81]
[53, 102]
[53, 67]
[53, 119]
[10, 53]
[53, 135]
[53, 136]
[53, 70]
[53, 138]
[53, 88]
[53, 123]
[53, 90]
[51, 53]
[40, 53]
[53, 110]
[53, 113]
[53, 115]
[53, 114]
[53, 86]
[53, 58]
[53, 127]
[53, 93]
[53, 105]
[53, 94]
[53, 130]
[53, 104]
[27, 53]
[53, 85]
[15, 53]
[53, 82]
[53, 139]
[23, 53]
[14, 53]
[6, 53]
[17, 53]
[53, 60]
[53, 61]
[53, 59]
[11, 53]
[53, 132]
[53, 64]
[45, 53]
[25, 53]
[53, 107]
[53, 91]
[53, 112]
[53, 84]
[53, 72]
[53, 63]
[18, 53]
[53, 137]
[31, 53]
[39, 53]
[53, 89]
[53, 133]
[34, 53]
[35, 53]
[53, 120]
[37, 53]
