[4, 14]
[3, 14]
[2, 14]
[14, 17]
[6, 17]
[3, 17]
[5, 14]
[2, 17]
[2, 4]
[2, 3]
[2, 5]
[4, 5]
[1, 5]
[5, 16]
[1, 16]
[1, 17]
[10, 17]
[16, 17]
[11, 17]
[13, 17]
[15, 17]
[8, 16]
[6, 19]
[5, 19]
[4, 16]
[9, 16]
[4, 13]
[1, 13]
[12, 82]
[2, 82]
[2, 11]
[1, 11]
[6, 11]
[3, 11]
[4, 11]
[5, 11]
[8, 11]
[6, 9]
[3, 9]
[3, 7]
[2, 7]
[7, 15]
[4, 15]
[3, 15]
[6, 15]
[11, 16]
[15, 21]
[15, 35]
[15, 38]
[14, 38]
[14, 53]
[14, 16]
[14, 54]
[15, 53]
[15, 54]
[15, 47]
[15, 22]
[15, 70]
[15, 74]
[15, 76]
[15, 75]
[15, 34]
[15, 27]
[15, 79]
[15, 65]
[15, 31]
[15, 66]
[15, 81]
[10, 15]
[15, 52]
[15, 25]
[15, 50]
[15, 48]
[15, 41]
[15, 33]
[15, 30]
[15, 18]
[15, 62]
[15, 56]
[15, 45]
[15, 73]
[15, 36]
[15, 63]
[15, 57]
[15, 64]
[15, 82]
[15, 78]
[12, 15]
[15, 19]
[15, 84]
[9, 15]
[8, 15]
[38, 71]
[11, 38]
[11, 72]
[11, 61]
[11, 83]
[1, 58]
[58, 72]
[17, 72]
[1, 61]
[2, 61]
[1, 68]
[1, 82]
[17, 82]
[12, 39]
[12, 28]
[12, 32]
[12, 51]
[12, 53]
[12, 47]
[12, 76]
[12, 83]
[12, 80]
[12, 20]
[12, 29]
[12, 55]
[12, 49]
[12, 46]
[12, 42]
[13, 42]
[42, 70]
[13, 41]
[41, 76]
[1, 41]
[2, 41]
[41, 61]
[41, 68]
[41, 83]
[5, 41]
[35, 41]
[41, 47]
[40, 41]
[41, 80]
[41, 55]
[41, 46]
[41, 44]
[41, 42]
[41, 60]
[24, 41]
[37, 41]
[39, 41]
[41, 77]
[7, 41]
[41, 54]
[38, 41]
[41, 74]
[31, 41]
[27, 41]
[41, 66]
[10, 41]
[41, 50]
[24, 69]
[20, 69]
[16, 69]
[35, 69]
[58, 69]
[61, 69]
[68, 69]
[5, 69]
[69, 76]
[47, 69]
[53, 69]
[65, 69]
[34, 69]
[69, 80]
[13, 69]
[29, 69]
[55, 69]
[26, 69]
[46, 69]
[44, 69]
[43, 69]
[69, 71]
[60, 69]
[39, 69]
[70, 72]
[2, 70]
[14, 70]
[5, 70]
[17, 68]
[22, 61]
[9, 61]
[9, 72]
[1, 9]
[9, 83]
[9, 47]
[9, 53]
[9, 65]
[9, 34]
[9, 32]
[9, 80]
[9, 20]
[9, 29]
[9, 55]
[9, 43]
[9, 71]
[9, 67]
[9, 59]
[9, 37]
[9, 39]
[9, 77]
[0, 9]
[9, 74]
[9, 31]
[9, 79]
[9, 66]
[9, 52]
[9, 50]
[9, 48]
[9, 25]
[9, 33]
[9, 78]
[9, 12]
[9, 84]
[22, 72]
[17, 22]
[22, 83]
[14, 22]
[11, 22]
[5, 22]
[22, 76]
[22, 70]
[22, 35]
[22, 47]
[22, 53]
[22, 65]
[16, 22]
[22, 40]
[22, 51]
[22, 32]
[20, 22]
[22, 26]
[22, 44]
[22, 43]
[22, 71]
[22, 67]
[22, 24]
[22, 37]
[0, 22]
[3, 22]
[22, 54]
[16, 42]
[11, 42]
[17, 42]
[1, 42]
[42, 61]
[42, 83]
[42, 76]
[21, 42]
[42, 53]
[42, 65]
[4, 42]
[40, 42]
[42, 51]
[42, 80]
[20, 42]
[26, 42]
[42, 46]
[68, 72]
[61, 83]
[10, 61]
[1, 10]
[12, 44]
[12, 43]
[12, 71]
[28, 61]
[2, 28]
[2, 83]
[1, 83]
[10, 76]
[10, 70]
[10, 35]
[10, 21]
[10, 47]
[10, 53]
[10, 34]
[10, 40]
[10, 32]
[10, 20]
[10, 29]
[10, 55]
[10, 26]
[10, 43]
[10, 67]
[10, 28]
[12, 59]
[12, 22]
[12, 77]
[0, 12]
[7, 12]
[3, 12]
[12, 38]
[12, 74]
[12, 27]
[12, 79]
[12, 75]
[12, 66]
[12, 52]
[12, 50]
[12, 48]
[12, 41]
[12, 33]
[12, 62]
[12, 57]
[12, 78]
[10, 69]
[10, 59]
[10, 23]
[10, 37]
[10, 77]
[0, 10]
[7, 10]
[3, 10]
[10, 54]
[10, 27]
[10, 79]
[10, 75]
[10, 81]
[35, 65]
[11, 65]
[58, 65]
[65, 72]
[1, 65]
[65, 83]
[65, 76]
[65, 70]
[53, 65]
[14, 58]
[5, 72]
[4, 61]
[13, 16]
[5, 68]
[47, 68]
[47, 61]
[47, 72]
[8, 59]
[8, 71]
[8, 58]
[2, 8]
[1, 8]
[8, 61]
[8, 76]
[8, 21]
[8, 53]
[8, 70]
[8, 42]
[8, 69]
[4, 8]
[3, 8]
[8, 51]
[8, 32]
[8, 13]
[8, 20]
[8, 26]
[8, 49]
[8, 60]
[8, 24]
[8, 28]
[8, 39]
[0, 8]
[7, 8]
[8, 54]
[8, 74]
[8, 31]
[8, 66]
[8, 30]
[8, 50]
[8, 18]
[8, 56]
[8, 45]
[8, 73]
[8, 78]
[8, 19]
[2, 48]
[1, 48]
[11, 48]
[48, 61]
[14, 48]
[35, 48]
[48, 69]
[3, 48]
[10, 48]
[48, 65]
[40, 48]
[13, 48]
[46, 48]
[43, 48]
[48, 71]
[48, 67]
[48, 60]
[28, 48]
[48, 77]
[37, 48]
[7, 48]
[48, 54]
[48, 74]
[31, 48]
[48, 75]
[48, 66]
[48, 81]
[48, 50]
[30, 48]
[2, 39]
[17, 39]
[5, 13]
[13, 68]
[13, 83]
[13, 47]
[13, 32]
[13, 40]
[35, 70]
[14, 47]
[11, 47]
[11, 56]
[17, 56]
[2, 56]
[16, 56]
[56, 70]
[5, 56]
[56, 72]
[47, 56]
[21, 56]
[56, 76]
[42, 56]
[56, 69]
[4, 56]
[3, 56]
[10, 56]
[41, 56]
[56, 65]
[34, 56]
[51, 56]
[13, 56]
[26, 56]
[46, 56]
[44, 56]
[56, 71]
[56, 67]
[28, 56]
[37, 56]
[0, 56]
[7, 56]
[54, 56]
[56, 74]
[31, 56]
[52, 56]
[48, 56]
[25, 56]
[18, 56]
[56, 62]
[11, 32]
[2, 32]
[1, 32]
[5, 32]
[32, 72]
[32, 61]
[32, 68]
[21, 32]
[32, 76]
[32, 53]
[32, 70]
[16, 32]
[4, 32]
[32, 65]
[2, 47]
[1, 47]
[14, 40]
[2, 40]
[17, 47]
[53, 61]
[40, 61]
[1, 40]
[35, 83]
[22, 75]
[11, 21]
[35, 72]
[17, 35]
[35, 61]
[30, 83]
[40, 83]
[17, 40]
[35, 40]
[20, 83]
[20, 72]
[79, 82]
[79, 83]
[61, 79]
[22, 79]
[35, 79]
[5, 79]
[14, 79]
[70, 79]
[47, 79]
[69, 79]
[79, 81]
[51, 79]
[13, 79]
[20, 79]
[26, 79]
[49, 79]
[44, 79]
[67, 79]
[59, 79]
[39, 79]
[74, 79]
[21, 83]
[21, 61]
[40, 65]
[34, 40]
[69, 82]
[68, 82]
[28, 82]
[5, 82]
[18, 43]
[18, 35]
[18, 42]
[47, 58]
[19, 73]
[3, 68]
[3, 42]
[3, 53]
[47, 53]
[2, 21]
[18, 61]
[1, 18]
[17, 19]
[19, 61]
[19, 83]
[11, 19]
[19, 58]
[19, 42]
[19, 69]
[19, 22]
[19, 41]
[12, 19]
[14, 19]
[19, 70]
[19, 53]
[11, 18]
[18, 83]
[18, 69]
[18, 22]
[18, 21]
[18, 48]
[18, 76]
[3, 18]
[18, 34]
[18, 32]
[18, 81]
[18, 51]
[18, 49]
[14, 39]
[18, 79]
[3, 39]
[4, 83]
[5, 39]
[39, 42]
[21, 58]
[21, 39]
[39, 70]
[4, 70]
[4, 7]
[7, 13]
[19, 32]
[7, 42]
[6, 70]
[70, 75]
[30, 70]
[70, 80]
[55, 70]
[0, 70]
[33, 70]
[70, 78]
[67, 70]
[66, 70]
[25, 70]
[27, 70]
[6, 83]
[6, 21]
[5, 7]
[7, 69]
[7, 18]
[11, 53]
[69, 84]
[12, 84]
[1, 84]
[2, 84]
[56, 84]
[65, 84]
[68, 84]
[61, 84]
[22, 84]
[18, 84]
[32, 84]
[42, 84]
[21, 84]
[5, 84]
[3, 84]
[7, 84]
[47, 84]
[45, 84]
[73, 84]
[38, 84]
[64, 84]
[71, 84]
[81, 84]
[34, 84]
[44, 84]
[26, 84]
[80, 84]
[0, 84]
[33, 84]
[25, 84]
[70, 84]
[35, 84]
[19, 84]
[40, 84]
[77, 84]
[62, 84]
[53, 83]
[53, 72]
[19, 40]
[16, 40]
[32, 40]
[28, 40]
[29, 40]
[40, 73]
[37, 40]
[4, 40]
[40, 82]
[24, 40]
[40, 46]
[40, 64]
[40, 71]
[40, 75]
[36, 40]
[31, 40]
[40, 80]
[40, 55]
[0, 40]
[33, 40]
[40, 78]
[40, 67]
[27, 40]
[40, 70]
[16, 45]
[16, 50]
[17, 53]
[5, 53]
[13, 63]
[17, 63]
[41, 63]
[2, 63]
[11, 63]
[61, 63]
[29, 73]
[14, 73]
[11, 73]
[41, 73]
[1, 73]
[72, 73]
[61, 73]
[69, 73]
[73, 83]
[7, 73]
[63, 73]
[43, 73]
[38, 73]
[54, 73]
[73, 81]
[44, 73]
[49, 73]
[6, 73]
[25, 73]
[32, 73]
[34, 73]
[28, 73]
[26, 47]
[26, 65]
[11, 26]
[13, 26]
[14, 26]
[21, 26]
[26, 83]
[7, 26]
[26, 53]
[26, 59]
[16, 26]
[26, 43]
[26, 38]
[26, 54]
[26, 81]
[26, 49]
[18, 63]
[63, 79]
[3, 19]
[19, 26]
[19, 43]
[19, 38]
[19, 54]
[19, 81]
[19, 52]
[19, 44]
[19, 49]
[19, 74]
[19, 34]
[4, 19]
[19, 82]
[19, 24]
[19, 46]
[19, 64]
[19, 71]
[19, 36]
[19, 31]
[19, 35]
[26, 29]
[26, 37]
[29, 47]
[11, 29]
[29, 65]
[17, 29]
[29, 68]
[13, 29]
[29, 61]
[21, 29]
[5, 29]
[29, 83]
[7, 29]
[29, 45]
[29, 76]
[29, 60]
[29, 50]
[29, 59]
[16, 29]
[3, 29]
[6, 29]
[29, 49]
[28, 29]
[52, 65]
[11, 52]
[52, 68]
[52, 58]
[13, 52]
[52, 61]
[22, 52]
[52, 79]
[18, 52]
[42, 52]
[21, 52]
[52, 83]
[7, 52]
[52, 76]
[52, 53]
[52, 54]
[7, 63]
[5, 63]
[63, 83]
[13, 45]
[17, 45]
[41, 45]
[2, 45]
[45, 65]
[45, 72]
[22, 45]
[34, 72]
[32, 63]
[32, 50]
[32, 38]
[6, 32]
[32, 64]
[32, 71]
[32, 36]
[32, 55]
[29, 32]
[32, 81]
[25, 32]
[20, 32]
[47, 76]
[11, 76]
[2, 76]
[68, 76]
[14, 76]
[21, 76]
[60, 72]
[17, 60]
[17, 75]
[1, 75]
[11, 60]
[2, 60]
[1, 60]
[20, 21]
[1, 20]
[1, 24]
[2, 24]
[23, 24]
[24, 39]
[39, 45]
[45, 79]
[45, 69]
[24, 59]
[42, 59]
[59, 61]
[60, 61]
[60, 68]
[42, 60]
[6, 20]
[6, 25]
[25, 42]
[20, 43]
[3, 20]
[13, 20]
[20, 58]
[43, 58]
[43, 68]
[7, 59]
[59, 83]
[17, 59]
[2, 59]
[59, 65]
[11, 59]
[14, 59]
[5, 59]
[47, 59]
[59, 76]
[14, 60]
[7, 39]
[31, 39]
[11, 31]
[21, 60]
[39, 76]
[14, 45]
[28, 83]
[39, 60]
[39, 59]
[7, 60]
[60, 76]
[11, 20]
[3, 60]
[20, 47]
[20, 76]
[20, 70]
[20, 53]
[20, 28]
[20, 50]
[20, 49]
[20, 37]
[20, 26]
[20, 64]
[20, 71]
[20, 40]
[20, 36]
[20, 31]
[20, 67]
[20, 35]
[20, 81]
[19, 20]
[66, 76]
[43, 72]
[43, 76]
[43, 83]
[7, 43]
[16, 54]
[43, 59]
[39, 43]
[42, 45]
[45, 83]
[7, 45]
[45, 47]
[3, 45]
[43, 45]
[63, 76]
[39, 63]
[43, 63]
[45, 63]
[53, 76]
[53, 59]
[13, 54]
[54, 65]
[13, 75]
[11, 75]
[72, 75]
[68, 75]
[58, 75]
[5, 75]
[75, 76]
[59, 75]
[45, 75]
[53, 75]
[54, 75]
[73, 75]
[30, 75]
[50, 75]
[16, 75]
[26, 75]
[66, 75]
[34, 75]
[64, 75]
[75, 81]
[25, 75]
[75, 82]
[24, 75]
[46, 75]
[2, 54]
[4, 47]
[4, 76]
[54, 58]
[54, 68]
[54, 72]
[24, 72]
[11, 24]
[24, 68]
[54, 61]
[54, 83]
[54, 69]
[5, 54]
[54, 76]
[54, 59]
[39, 54]
[44, 83]
[13, 44]
[2, 44]
[44, 68]
[44, 61]
[14, 44]
[21, 44]
[18, 44]
[5, 44]
[7, 44]
[44, 47]
[44, 60]
[43, 44]
[16, 44]
[44, 45]
[44, 63]
[44, 54]
[6, 13]
[6, 48]
[6, 56]
[6, 41]
[6, 68]
[6, 22]
[3, 6]
[6, 18]
[6, 76]
[6, 59]
[6, 39]
[6, 52]
[6, 53]
[6, 54]
[6, 44]
[7, 28]
[28, 65]
[34, 65]
[1, 34]
[2, 34]
[26, 34]
[28, 34]
[34, 45]
[11, 34]
[34, 58]
[21, 34]
[3, 34]
[34, 47]
[34, 76]
[34, 63]
[34, 53]
[34, 54]
[6, 34]
[34, 50]
[34, 37]
[34, 74]
[28, 72]
[5, 28]
[21, 27]
[27, 58]
[38, 58]
[17, 38]
[1, 38]
[38, 69]
[38, 65]
[38, 68]
[21, 38]
[38, 42]
[5, 38]
[38, 43]
[16, 38]
[38, 63]
[38, 53]
[38, 54]
[38, 44]
[6, 38]
[28, 47]
[28, 43]
[28, 63]
[5, 71]
[28, 53]
[28, 54]
[30, 58]
[30, 65]
[1, 30]
[13, 30]
[30, 61]
[10, 30]
[22, 30]
[30, 79]
[30, 42]
[7, 30]
[30, 59]
[30, 53]
[30, 54]
[18, 31]
[2, 31]
[30, 44]
[39, 50]
[13, 50]
[50, 68]
[17, 50]
[66, 83]
[7, 50]
[0, 7]
[0, 11]
[11, 50]
[2, 50]
[16, 66]
[39, 66]
[50, 72]
[50, 58]
[22, 50]
[10, 50]
[14, 50]
[21, 50]
[3, 50]
[5, 50]
[50, 59]
[45, 50]
[43, 50]
[50, 54]
[6, 50]
[30, 50]
[13, 49]
[17, 49]
[2, 49]
[49, 68]
[49, 58]
[49, 61]
[14, 49]
[21, 49]
[5, 49]
[13, 37]
[17, 37]
[1, 37]
[37, 65]
[11, 37]
[37, 61]
[14, 37]
[3, 37]
[5, 37]
[37, 47]
[37, 76]
[37, 60]
[37, 59]
[7, 37]
[16, 37]
[30, 37]
[26, 30]
[14, 74]
[17, 74]
[2, 74]
[65, 74]
[72, 74]
[11, 74]
[68, 74]
[74, 83]
[3, 74]
[42, 74]
[5, 74]
[59, 74]
[39, 74]
[45, 74]
[16, 74]
[63, 74]
[30, 74]
[38, 74]
[37, 74]
[52, 74]
[13, 71]
[68, 71]
[11, 71]
[1, 71]
[21, 71]
[42, 71]
[47, 71]
[59, 71]
[53, 71]
[7, 71]
[43, 71]
[63, 71]
[71, 73]
[30, 71]
[52, 71]
[26, 71]
[71, 74]
[34, 71]
[13, 36]
[17, 36]
[36, 41]
[1, 36]
[36, 65]
[36, 48]
[36, 68]
[36, 58]
[10, 36]
[14, 36]
[3, 36]
[36, 42]
[5, 36]
[36, 76]
[36, 59]
[36, 39]
[36, 50]
[7, 36]
[36, 63]
[28, 36]
[36, 38]
[36, 37]
[36, 52]
[26, 36]
[34, 36]
[36, 44]
[39, 55]
[55, 61]
[17, 55]
[2, 55]
[5, 55]
[14, 55]
[55, 65]
[17, 23]
[23, 65]
[55, 83]
[21, 55]
[55, 58]
[3, 55]
[55, 76]
[55, 60]
[55, 59]
[45, 55]
[50, 55]
[7, 55]
[55, 63]
[54, 55]
[30, 55]
[37, 55]
[55, 71]
[36, 55]
[44, 55]
[7, 33]
[11, 33]
[33, 72]
[23, 72]
[23, 68]
[3, 33]
[21, 33]
[1, 33]
[14, 33]
[33, 42]
[33, 60]
[33, 59]
[33, 39]
[33, 73]
[33, 52]
[33, 74]
[33, 44]
[35, 68]
[35, 58]
[5, 35]
[35, 47]
[35, 54]
[28, 35]
[26, 35]
[35, 55]
[33, 35]
[29, 35]
[29, 34]
[29, 71]
[16, 81]
[2, 81]
[65, 81]
[36, 81]
[21, 81]
[72, 81]
[11, 81]
[81, 83]
[47, 81]
[76, 81]
[60, 81]
[59, 81]
[39, 81]
[53, 81]
[50, 81]
[28, 81]
[16, 25]
[22, 25]
[25, 72]
[25, 39]
[17, 25]
[1, 25]
[35, 44]
[21, 25]
[25, 48]
[11, 25]
[25, 37]
[25, 38]
[13, 25]
[25, 61]
[10, 25]
[14, 25]
[25, 69]
[25, 58]
[6, 37]
[6, 35]
[6, 71]
[6, 55]
[6, 33]
[38, 81]
[34, 81]
[52, 81]
[18, 67]
[60, 67]
[67, 83]
[31, 72]
[14, 31]
[3, 31]
[11, 67]
[1, 67]
[7, 67]
[13, 67]
[61, 67]
[28, 67]
[14, 67]
[47, 67]
[36, 67]
[25, 36]
[31, 36]
[27, 36]
[36, 82]
[21, 67]
[67, 73]
[14, 23]
[59, 67]
[42, 67]
[7, 23]
[21, 23]
[54, 67]
[38, 67]
[25, 45]
[7, 25]
[5, 25]
[25, 53]
[25, 28]
[25, 34]
[25, 26]
[25, 30]
[49, 54]
[16, 49]
[28, 49]
[7, 49]
[6, 49]
[23, 58]
[23, 70]
[30, 49]
[23, 83]
[23, 47]
[23, 40]
[19, 23]
[5, 23]
[23, 39]
[23, 84]
[23, 42]
[23, 53]
[71, 81]
[25, 74]
[46, 73]
[2, 46]
[17, 46]
[1, 46]
[46, 65]
[46, 72]
[46, 58]
[11, 46]
[13, 46]
[46, 76]
[46, 60]
[46, 59]
[32, 46]
[46, 83]
[21, 46]
[46, 53]
[17, 80]
[2, 80]
[72, 80]
[61, 80]
[76, 80]
[43, 80]
[32, 80]
[14, 80]
[21, 80]
[53, 80]
[20, 80]
[16, 80]
[60, 80]
[54, 80]
[34, 80]
[29, 80]
[35, 49]
[31, 69]
[20, 46]
[16, 46]
[34, 46]
[46, 49]
[6, 46]
[26, 46]
[46, 63]
[7, 46]
[35, 46]
[49, 71]
[49, 74]
[33, 46]
[31, 43]
[31, 50]
[31, 47]
[31, 44]
[29, 31]
[31, 53]
[31, 34]
[26, 31]
[31, 63]
[31, 74]
[31, 33]
[0, 13]
[0, 2]
[0, 73]
[0, 68]
[0, 14]
[0, 37]
[0, 59]
[0, 47]
[0, 18]
[0, 6]
[0, 50]
[0, 29]
[0, 53]
[0, 39]
[0, 33]
[0, 31]
[18, 82]
[56, 82]
[65, 82]
[32, 82]
[60, 82]
[3, 82]
[73, 82]
[37, 82]
[16, 82]
[59, 82]
[7, 82]
[34, 82]
[63, 82]
[39, 82]
[31, 82]
[31, 66]
[25, 31]
[25, 49]
[25, 46]
[25, 52]
[0, 25]
[25, 66]
[11, 66]
[61, 66]
[22, 66]
[14, 66]
[38, 66]
[21, 66]
[47, 66]
[66, 68]
[55, 66]
[60, 66]
[43, 66]
[18, 66]
[50, 66]
[3, 66]
[30, 66]
[66, 71]
[35, 66]
[66, 74]
[49, 66]
[46, 66]
[0, 66]
[66, 81]
[35, 81]
[74, 81]
[49, 52]
[45, 82]
[45, 46]
[46, 52]
[0, 52]
[30, 67]
[29, 67]
[34, 67]
[67, 74]
[67, 71]
[6, 67]
[52, 67]
[31, 45]
[0, 67]
[0, 45]
[18, 27]
[45, 51]
[51, 70]
[51, 65]
[27, 65]
[1, 27]
[1, 51]
[2, 51]
[47, 51]
[40, 51]
[24, 27]
[24, 33]
[7, 24]
[24, 37]
[24, 46]
[24, 83]
[16, 24]
[24, 73]
[24, 76]
[13, 24]
[24, 54]
[24, 81]
[24, 36]
[24, 28]
[24, 63]
[24, 82]
[24, 30]
[24, 34]
[24, 74]
[24, 52]
[24, 67]
[5, 24]
[4, 24]
[51, 72]
[39, 51]
[14, 51]
[16, 51]
[51, 68]
[51, 58]
[51, 75]
[51, 73]
[38, 51]
[19, 51]
[51, 61]
[21, 51]
[17, 51]
[37, 51]
[51, 81]
[51, 53]
[36, 51]
[49, 51]
[51, 63]
[51, 82]
[25, 51]
[30, 51]
[29, 51]
[51, 71]
[51, 66]
[51, 67]
[46, 80]
[37, 80]
[26, 80]
[35, 80]
[49, 80]
[63, 80]
[80, 82]
[25, 80]
[74, 80]
[52, 80]
[31, 80]
[0, 80]
[51, 80]
[4, 50]
[4, 33]
[4, 81]
[4, 36]
[4, 28]
[4, 59]
[4, 34]
[4, 66]
[4, 45]
[4, 6]
[4, 43]
[4, 53]
[4, 60]
[4, 26]
[4, 35]
[4, 49]
[4, 63]
[4, 82]
[4, 25]
[4, 80]
[4, 74]
[4, 52]
[4, 31]
[0, 4]
[4, 51]
[14, 27]
[11, 27]
[2, 27]
[27, 47]
[27, 72]
[27, 69]
[22, 27]
[27, 73]
[27, 42]
[27, 38]
[27, 76]
[13, 27]
[27, 44]
[27, 55]
[27, 50]
[27, 33]
[27, 59]
[27, 29]
[27, 66]
[27, 45]
[5, 27]
[6, 27]
[27, 37]
[27, 43]
[27, 67]
[27, 35]
[27, 49]
[27, 82]
[25, 27]
[27, 52]
[0, 27]
[4, 27]
[17, 62]
[16, 62]
[3, 62]
[36, 62]
[48, 62]
[10, 62]
[62, 68]
[58, 62]
[20, 62]
[62, 79]
[62, 70]
[62, 69]
[42, 62]
[41, 62]
[62, 71]
[19, 62]
[62, 76]
[61, 62]
[13, 62]
[54, 62]
[7, 62]
[55, 62]
[50, 62]
[62, 81]
[59, 62]
[30, 62]
[29, 62]
[43, 62]
[53, 62]
[62, 67]
[46, 62]
[60, 62]
[62, 63]
[62, 82]
[25, 62]
[62, 80]
[31, 62]
[24, 62]
[0, 62]
[51, 62]
[4, 62]
[27, 62]
[17, 57]
[16, 57]
[2, 57]
[1, 57]
[57, 65]
[56, 57]
[10, 57]
[57, 58]
[57, 75]
[20, 57]
[57, 79]
[57, 70]
[57, 69]
[57, 73]
[42, 57]
[38, 57]
[41, 57]
[19, 57]
[57, 71]
[57, 61]
[21, 57]
[13, 57]
[14, 57]
[57, 83]
[39, 57]
[18, 57]
[54, 57]
[7, 57]
[33, 57]
[57, 81]
[57, 66]
[37, 57]
[43, 57]
[53, 57]
[46, 57]
[57, 60]
[26, 57]
[35, 57]
[57, 82]
[25, 57]
[57, 80]
[57, 74]
[52, 57]
[31, 57]
[4, 57]
[27, 57]
[57, 62]
[36, 78]
[16, 78]
[2, 78]
[1, 78]
[47, 78]
[32, 78]
[10, 78]
[68, 78]
[58, 78]
[11, 78]
[75, 78]
[20, 78]
[78, 79]
[73, 78]
[38, 78]
[41, 78]
[76, 78]
[21, 78]
[14, 78]
[78, 83]
[39, 78]
[18, 78]
[54, 78]
[7, 78]
[55, 78]
[33, 78]
[78, 81]
[59, 78]
[34, 78]
[66, 78]
[45, 78]
[5, 78]
[6, 78]
[43, 78]
[53, 78]
[46, 78]
[26, 78]
[35, 78]
[49, 78]
[63, 78]
[78, 82]
[25, 78]
[74, 78]
[24, 78]
[4, 78]
[57, 78]
[36, 77]
[16, 77]
[2, 77]
[1, 77]
[65, 77]
[32, 77]
[58, 77]
[17, 77]
[20, 77]
[70, 77]
[19, 77]
[21, 77]
[77, 83]
[39, 77]
[7, 77]
[55, 77]
[50, 77]
[33, 77]
[77, 81]
[71, 77]
[66, 77]
[45, 77]
[5, 77]
[43, 77]
[67, 77]
[46, 77]
[60, 77]
[26, 77]
[49, 77]
[63, 77]
[77, 82]
[52, 77]
[31, 77]
[24, 77]
[4, 77]
[62, 77]
[57, 77]
[77, 78]
[18, 23]
[23, 54]
[23, 44]
[23, 28]
[23, 29]
[23, 66]
[23, 45]
[6, 23]
[23, 37]
[23, 49]
[23, 63]
[23, 82]
[23, 52]
[23, 31]
[0, 23]
[23, 62]
[23, 57]
[23, 77]
[2, 64]
[1, 64]
[64, 65]
[56, 64]
[3, 64]
[64, 72]
[10, 64]
[58, 64]
[11, 64]
[64, 73]
[41, 64]
[17, 64]
[18, 64]
[54, 64]
[44, 64]
[7, 64]
[64, 81]
[59, 64]
[30, 64]
[29, 64]
[34, 64]
[64, 71]
[64, 66]
[45, 64]
[5, 64]
[6, 64]
[37, 64]
[53, 64]
[64, 67]
[35, 64]
[64, 82]
[25, 64]
[64, 80]
[64, 74]
[24, 64]
[4, 64]
[62, 64]
[57, 64]
[64, 78]
[23, 64]
