[20, 21]
[4, 21]
[3, 21]
[2, 21]
[9, 21]
[10, 21]
[13, 21]
[15, 21]
[16, 21]
[18, 21]
[19, 21]
[4, 20]
[1, 20]
[4, 6]
[1, 6]
[6, 66]
[3, 66]
[2, 5]
[1, 2]
[1, 4]
[5, 6]
[9, 20]
[14, 20]
[4, 7]
[3, 7]
[3, 9]
[1, 9]
[2, 7]
[5, 7]
[21, 67]
[16, 20]
[6, 7]
[2, 66]
[3, 8]
[4, 8]
[7, 8]
[12, 67]
[3, 67]
[1, 67]
[14, 67]
[17, 67]
[18, 67]
[19, 67]
[20, 67]
[23, 67]
[25, 67]
[26, 67]
[30, 67]
[32, 67]
[33, 67]
[34, 67]
[36, 67]
[37, 67]
[38, 67]
[42, 67]
[44, 67]
[45, 67]
[50, 67]
[51, 67]
[53, 67]
[56, 67]
[60, 67]
[61, 67]
[62, 67]
[66, 67]
[8, 9]
[5, 9]
[6, 9]
[7, 9]
[67, 120]
[67, 126]
[67, 123]
[67, 114]
[67, 108]
[67, 103]
[67, 104]
[67, 102]
[67, 88]
[67, 86]
[67, 84]
[67, 80]
[67, 81]
[67, 78]
[67, 77]
[67, 76]
[67, 144]
[67, 142]
[67, 139]
[67, 70]
[67, 138]
[0, 67]
[67, 128]
[67, 122]
[67, 121]
[67, 118]
[67, 117]
[67, 115]
[67, 113]
[67, 109]
[67, 98]
[67, 97]
[67, 95]
[67, 93]
[67, 87]
[67, 85]
[67, 79]
[67, 75]
[67, 136]
[67, 130]
[67, 129]
[67, 68]
[43, 65]
[19, 43]
[17, 43]
[13, 43]
[15, 43]
[1, 43]
[14, 43]
[43, 53]
[38, 43]
[30, 43]
[43, 52]
[40, 43]
[43, 105]
[43, 133]
[43, 107]
[43, 132]
[43, 111]
[37, 43]
[43, 101]
[43, 134]
[43, 140]
[43, 83]
[43, 125]
[43, 110]
[43, 56]
[42, 43]
[23, 43]
[21, 43]
[43, 59]
[43, 58]
[43, 54]
[22, 43]
[35, 43]
[32, 43]
[10, 43]
[18, 43]
[43, 64]
[43, 71]
[43, 96]
[43, 94]
[43, 74]
[11, 43]
[43, 119]
[43, 116]
[43, 106]
[43, 91]
[43, 69]
[43, 72]
[9, 43]
[43, 50]
[26, 43]
[33, 73]
[15, 73]
[2, 73]
[1, 73]
[13, 73]
[27, 73]
[14, 73]
[16, 73]
[53, 73]
[30, 73]
[73, 105]
[73, 133]
[73, 90]
[73, 111]
[73, 135]
[73, 140]
[73, 125]
[73, 110]
[12, 73]
[56, 73]
[42, 73]
[45, 73]
[23, 73]
[19, 73]
[29, 73]
[55, 73]
[63, 73]
[58, 73]
[54, 73]
[49, 73]
[47, 73]
[22, 73]
[57, 73]
[65, 73]
[10, 73]
[4, 73]
[73, 127]
[73, 96]
[8, 52]
[2, 52]
[27, 52]
[20, 52]
[20, 30]
[20, 23]
[20, 31]
[20, 133]
[20, 92]
[20, 90]
[20, 137]
[20, 111]
[20, 131]
[20, 37]
[20, 135]
[20, 83]
[20, 110]
[20, 141]
[20, 99]
[20, 42]
[20, 45]
[20, 59]
[20, 55]
[20, 63]
[20, 58]
[20, 49]
[20, 46]
[20, 22]
[20, 39]
[20, 57]
[20, 65]
[20, 33]
[18, 20]
[20, 143]
[20, 94]
[20, 74]
[21, 52]
[21, 31]
[21, 40]
[21, 37]
[21, 62]
[21, 124]
[21, 101]
[21, 135]
[21, 134]
[21, 140]
[21, 89]
[21, 83]
[21, 125]
[21, 110]
[21, 99]
[21, 45]
[8, 17]
[8, 65]
[1, 65]
[15, 65]
[13, 65]
[56, 134]
[17, 56]
[27, 56]
[22, 137]
[13, 22]
[2, 22]
[1, 22]
[15, 22]
[17, 22]
[16, 22]
[22, 30]
[22, 52]
[22, 105]
[22, 92]
[22, 107]
[22, 90]
[22, 132]
[22, 111]
[22, 131]
[22, 112]
[22, 134]
[22, 140]
[22, 89]
[22, 110]
[22, 141]
[22, 42]
[22, 45]
[19, 22]
[22, 29]
[22, 28]
[22, 55]
[5, 22]
[22, 54]
[13, 31]
[15, 31]
[17, 31]
[14, 31]
[16, 31]
[6, 31]
[31, 52]
[1, 17]
[49, 66]
[18, 49]
[18, 137]
[15, 18]
[2, 15]
[13, 15]
[8, 13]
[14, 65]
[16, 65]
[13, 56]
[6, 56]
[53, 56]
[30, 56]
[31, 56]
[40, 56]
[56, 105]
[56, 133]
[56, 107]
[56, 90]
[56, 132]
[56, 131]
[56, 112]
[56, 62]
[56, 135]
[56, 140]
[56, 89]
[56, 83]
[56, 110]
[12, 56]
[56, 99]
[15, 141]
[17, 141]
[16, 141]
[53, 141]
[30, 141]
[52, 141]
[31, 141]
[40, 141]
[105, 141]
[133, 141]
[92, 141]
[90, 141]
[132, 141]
[111, 141]
[131, 141]
[62, 141]
[135, 141]
[134, 141]
[140, 141]
[83, 141]
[125, 141]
[110, 141]
[124, 137]
[8, 124]
[1, 124]
[15, 124]
[13, 124]
[17, 124]
[14, 124]
[6, 124]
[38, 124]
[52, 124]
[31, 124]
[105, 124]
[124, 133]
[92, 124]
[124, 131]
[1, 13]
[2, 27]
[8, 27]
[15, 27]
[16, 17]
[17, 90]
[2, 90]
[8, 90]
[1, 90]
[13, 90]
[52, 90]
[90, 133]
[90, 92]
[6, 30]
[11, 66]
[11, 23]
[11, 14]
[11, 13]
[8, 11]
[1, 11]
[11, 27]
[11, 17]
[6, 11]
[11, 53]
[11, 38]
[11, 40]
[11, 133]
[11, 92]
[11, 107]
[11, 137]
[11, 131]
[11, 112]
[11, 62]
[11, 135]
[11, 134]
[11, 140]
[11, 89]
[11, 125]
[11, 99]
[11, 42]
[11, 45]
[11, 19]
[11, 55]
[11, 63]
[11, 46]
[11, 39]
[10, 11]
[11, 34]
[11, 33]
[11, 64]
[11, 143]
[11, 71]
[11, 96]
[11, 74]
[2, 105]
[8, 105]
[53, 65]
[30, 65]
[13, 27]
[5, 66]
[5, 17]
[16, 137]
[14, 137]
[15, 137]
[1, 137]
[53, 137]
[30, 137]
[40, 137]
[105, 137]
[133, 137]
[107, 137]
[90, 137]
[14, 27]
[1, 14]
[2, 16]
[83, 135]
[15, 83]
[6, 17]
[17, 58]
[2, 58]
[6, 27]
[16, 132]
[16, 53]
[23, 107]
[13, 107]
[8, 107]
[14, 107]
[6, 107]
[30, 107]
[13, 30]
[14, 53]
[3, 14]
[3, 13]
[17, 53]
[17, 19]
[2, 19]
[2, 53]
[27, 53]
[17, 132]
[16, 38]
[52, 65]
[31, 65]
[2, 132]
[13, 38]
[8, 38]
[1, 132]
[1, 19]
[6, 19]
[19, 38]
[19, 30]
[19, 92]
[19, 107]
[19, 90]
[12, 19]
[19, 132]
[2, 46]
[6, 46]
[42, 46]
[16, 46]
[27, 38]
[1, 30]
[30, 38]
[27, 111]
[17, 111]
[17, 72]
[20, 72]
[14, 131]
[3, 15]
[13, 131]
[15, 131]
[2, 131]
[6, 131]
[17, 131]
[53, 131]
[90, 131]
[107, 131]
[1, 105]
[65, 131]
[65, 105]
[27, 105]
[14, 105]
[16, 105]
[53, 105]
[65, 133]
[65, 137]
[38, 105]
[65, 132]
[65, 92]
[105, 131]
[16, 112]
[46, 131]
[8, 112]
[12, 65]
[42, 65]
[53, 112]
[16, 52]
[17, 52]
[19, 111]
[20, 66]
[66, 73]
[105, 112]
[20, 24]
[23, 105]
[23, 27]
[38, 112]
[14, 111]
[15, 116]
[8, 116]
[2, 116]
[17, 116]
[53, 116]
[38, 116]
[107, 116]
[111, 116]
[116, 133]
[92, 116]
[12, 116]
[56, 116]
[42, 116]
[49, 116]
[62, 116]
[101, 116]
[83, 116]
[89, 116]
[116, 134]
[110, 116]
[40, 116]
[19, 116]
[54, 116]
[22, 116]
[39, 116]
[35, 116]
[65, 116]
[32, 116]
[4, 116]
[116, 127]
[116, 143]
[96, 116]
[94, 116]
[71, 116]
[10, 116]
[18, 116]
[21, 116]
[59, 116]
[55, 116]
[63, 116]
[7, 116]
[66, 116]
[104, 116]
[103, 116]
[102, 116]
[86, 116]
[84, 116]
[80, 116]
[116, 123]
[116, 120]
[81, 116]
[77, 116]
[116, 144]
[116, 139]
[68, 116]
[116, 119]
[58, 141]
[8, 58]
[16, 58]
[49, 58]
[58, 90]
[6, 23]
[13, 23]
[23, 53]
[23, 38]
[23, 30]
[23, 90]
[23, 112]
[23, 92]
[23, 133]
[23, 137]
[23, 132]
[23, 42]
[16, 111]
[17, 61]
[8, 61]
[23, 65]
[5, 65]
[12, 58]
[58, 107]
[22, 129]
[20, 129]
[2, 129]
[13, 129]
[17, 129]
[129, 131]
[105, 129]
[56, 129]
[73, 129]
[112, 129]
[129, 137]
[42, 129]
[47, 129]
[49, 129]
[21, 129]
[90, 129]
[23, 129]
[5, 129]
[46, 129]
[124, 129]
[129, 135]
[83, 129]
[89, 129]
[110, 129]
[45, 129]
[40, 129]
[31, 129]
[28, 129]
[55, 129]
[35, 129]
[65, 129]
[33, 129]
[127, 129]
[129, 143]
[94, 129]
[10, 129]
[18, 129]
[7, 129]
[88, 129]
[86, 129]
[80, 129]
[0, 129]
[70, 129]
[128, 129]
[126, 129]
[123, 129]
[129, 144]
[129, 142]
[129, 139]
[114, 129]
[3, 129]
[119, 129]
[100, 129]
[91, 129]
[69, 129]
[26, 129]
[48, 129]
[41, 129]
[122, 129]
[115, 129]
[109, 129]
[97, 129]
[53, 62]
[8, 62]
[6, 62]
[24, 121]
[8, 121]
[43, 121]
[16, 121]
[11, 121]
[6, 121]
[38, 121]
[27, 121]
[56, 121]
[121, 124]
[22, 121]
[21, 121]
[105, 121]
[30, 121]
[121, 129]
[121, 131]
[53, 121]
[121, 126]
[40, 121]
[121, 132]
[110, 121]
[76, 121]
[121, 134]
[65, 121]
[66, 121]
[12, 121]
[121, 143]
[70, 121]
[57, 121]
[4, 121]
[62, 121]
[10, 121]
[83, 121]
[74, 121]
[121, 133]
[5, 121]
[108, 121]
[68, 121]
[101, 121]
[84, 121]
[46, 121]
[121, 137]
[103, 121]
[121, 128]
[81, 121]
[121, 144]
[49, 121]
[86, 121]
[114, 121]
[92, 121]
[35, 121]
[3, 121]
[104, 121]
[45, 121]
[39, 121]
[44, 121]
[33, 121]
[63, 121]
[60, 112]
[13, 60]
[107, 111]
[105, 111]
[31, 112]
[30, 111]
[111, 131]
[53, 111]
[23, 126]
[8, 126]
[65, 124]
[43, 126]
[65, 78]
[6, 126]
[47, 65]
[38, 126]
[73, 126]
[104, 130]
[130, 135]
[15, 130]
[73, 130]
[112, 130]
[20, 130]
[90, 130]
[21, 130]
[19, 130]
[111, 130]
[105, 130]
[130, 131]
[40, 130]
[110, 130]
[71, 130]
[88, 130]
[124, 130]
[12, 130]
[62, 130]
[5, 130]
[128, 130]
[81, 130]
[77, 130]
[92, 130]
[35, 130]
[9, 130]
[63, 130]
[87, 130]
[117, 130]
[28, 130]
[75, 130]
[79, 130]
[97, 130]
[61, 130]
[64, 130]
[95, 130]
[50, 130]
[85, 130]
[72, 130]
[91, 130]
[106, 130]
[130, 132]
[102, 130]
[66, 130]
[4, 130]
[89, 130]
[108, 130]
[130, 140]
[54, 130]
[58, 130]
[130, 144]
[3, 130]
[39, 130]
[69, 130]
[121, 130]
[98, 130]
[65, 130]
[10, 130]
[83, 138]
[17, 138]
[15, 138]
[56, 126]
[112, 126]
[126, 141]
[111, 126]
[30, 126]
[126, 131]
[40, 126]
[38, 40]
[9, 28]
[9, 141]
[2, 40]
[23, 46]
[28, 46]
[28, 56]
[16, 28]
[6, 28]
[21, 28]
[19, 28]
[28, 111]
[28, 107]
[28, 30]
[28, 131]
[28, 40]
[30, 40]
[14, 40]
[12, 14]
[8, 12]
[6, 12]
[12, 15]
[12, 112]
[12, 90]
[12, 107]
[12, 105]
[12, 131]
[12, 126]
[12, 40]
[12, 124]
[12, 31]
[12, 94]
[1, 40]
[16, 40]
[15, 40]
[3, 38]
[40, 53]
[40, 112]
[40, 111]
[15, 51]
[6, 51]
[25, 66]
[21, 25]
[13, 25]
[40, 105]
[13, 135]
[15, 135]
[16, 134]
[38, 134]
[16, 135]
[8, 135]
[27, 135]
[83, 105]
[71, 105]
[71, 90]
[2, 71]
[1, 71]
[15, 71]
[27, 71]
[13, 71]
[71, 112]
[71, 141]
[71, 111]
[53, 71]
[40, 71]
[71, 135]
[71, 110]
[112, 135]
[13, 134]
[111, 135]
[112, 134]
[30, 135]
[110, 131]
[8, 110]
[65, 102]
[65, 66]
[11, 88]
[8, 88]
[4, 65]
[65, 89]
[2, 88]
[6, 88]
[15, 88]
[27, 88]
[73, 88]
[88, 141]
[88, 90]
[88, 107]
[88, 105]
[30, 88]
[53, 88]
[40, 88]
[71, 88]
[20, 76]
[8, 76]
[3, 43]
[13, 76]
[14, 76]
[40, 46]
[46, 134]
[19, 46]
[46, 111]
[46, 138]
[36, 46]
[23, 76]
[15, 76]
[2, 76]
[90, 134]
[30, 134]
[11, 76]
[49, 62]
[15, 62]
[15, 26]
[2, 26]
[76, 107]
[2, 51]
[76, 112]
[25, 111]
[14, 25]
[6, 25]
[25, 43]
[2, 25]
[25, 116]
[22, 25]
[17, 25]
[25, 112]
[25, 126]
[25, 71]
[25, 88]
[23, 25]
[25, 131]
[25, 40]
[25, 94]
[25, 36]
[25, 46]
[25, 142]
[25, 128]
[25, 120]
[25, 77]
[25, 135]
[9, 25]
[25, 93]
[25, 97]
[25, 95]
[25, 50]
[25, 91]
[25, 113]
[25, 106]
[25, 133]
[5, 25]
[25, 68]
[25, 86]
[25, 114]
[25, 104]
[25, 139]
[25, 63]
[71, 76]
[19, 62]
[31, 105]
[31, 126]
[31, 71]
[31, 76]
[14, 62]
[62, 107]
[62, 105]
[65, 108]
[65, 140]
[62, 126]
[62, 88]
[62, 76]
[23, 62]
[76, 131]
[31, 131]
[62, 131]
[40, 76]
[31, 40]
[88, 134]
[62, 134]
[131, 134]
[40, 134]
[13, 94]
[6, 94]
[22, 66]
[14, 94]
[14, 68]
[8, 68]
[8, 94]
[14, 102]
[2, 94]
[38, 94]
[94, 141]
[94, 107]
[94, 126]
[71, 94]
[90, 94]
[88, 94]
[31, 94]
[62, 94]
[94, 131]
[40, 94]
[23, 142]
[13, 142]
[23, 58]
[58, 126]
[58, 71]
[58, 76]
[31, 58]
[58, 62]
[19, 58]
[58, 138]
[46, 58]
[58, 127]
[58, 120]
[58, 77]
[55, 58]
[58, 83]
[58, 68]
[58, 81]
[28, 58]
[58, 75]
[58, 91]
[58, 128]
[9, 58]
[58, 110]
[58, 79]
[5, 58]
[58, 86]
[58, 104]
[58, 139]
[58, 66]
[4, 58]
[58, 103]
[58, 96]
[39, 58]
[58, 59]
[58, 65]
[58, 143]
[0, 58]
[58, 99]
[58, 87]
[58, 118]
[37, 58]
[58, 95]
[29, 58]
[58, 115]
[58, 117]
[58, 61]
[58, 64]
[58, 108]
[58, 140]
[54, 58]
[58, 101]
[17, 41]
[22, 41]
[38, 41]
[15, 41]
[16, 41]
[2, 41]
[1, 41]
[8, 41]
[27, 41]
[21, 41]
[41, 105]
[41, 53]
[30, 41]
[41, 131]
[40, 41]
[36, 41]
[41, 126]
[41, 137]
[41, 42]
[41, 94]
[35, 41]
[41, 90]
[41, 93]
[41, 114]
[41, 121]
[41, 78]
[41, 102]
[41, 113]
[16, 63]
[8, 63]
[14, 63]
[56, 63]
[21, 63]
[63, 107]
[30, 63]
[63, 131]
[63, 111]
[36, 63]
[63, 142]
[63, 135]
[63, 126]
[52, 63]
[63, 88]
[63, 137]
[42, 63]
[63, 94]
[35, 63]
[63, 90]
[63, 132]
[63, 114]
[63, 113]
[63, 138]
[55, 63]
[63, 83]
[15, 133]
[6, 133]
[1, 133]
[14, 133]
[17, 133]
[105, 133]
[53, 133]
[30, 133]
[40, 133]
[133, 142]
[126, 133]
[76, 133]
[52, 133]
[50, 133]
[88, 135]
[6, 52]
[57, 65]
[10, 65]
[124, 126]
[76, 111]
[76, 124]
[52, 105]
[65, 84]
[18, 65]
[52, 112]
[65, 125]
[60, 65]
[52, 88]
[65, 100]
[65, 122]
[52, 131]
[65, 103]
[65, 96]
[40, 52]
[39, 65]
[59, 65]
[52, 76]
[66, 142]
[19, 142]
[19, 50]
[19, 36]
[52, 134]
[38, 50]
[14, 50]
[16, 50]
[2, 50]
[21, 50]
[20, 50]
[6, 50]
[35, 66]
[15, 50]
[50, 73]
[16, 59]
[50, 116]
[22, 50]
[50, 105]
[50, 88]
[50, 131]
[50, 111]
[50, 124]
[50, 52]
[14, 36]
[104, 126]
[23, 104]
[8, 104]
[43, 66]
[66, 126]
[36, 66]
[66, 71]
[66, 78]
[66, 94]
[66, 113]
[66, 106]
[46, 66]
[66, 127]
[66, 120]
[66, 77]
[66, 81]
[66, 91]
[9, 66]
[66, 139]
[41, 66]
[66, 136]
[66, 72]
[66, 87]
[66, 118]
[66, 95]
[4, 66]
[66, 117]
[61, 66]
[64, 66]
[47, 66]
[57, 66]
[10, 66]
[18, 66]
[60, 66]
[66, 100]
[38, 110]
[2, 110]
[6, 110]
[15, 110]
[27, 110]
[53, 110]
[40, 110]
[23, 110]
[88, 110]
[76, 110]
[110, 135]
[110, 126]
[110, 134]
[90, 110]
[110, 133]
[31, 111]
[31, 135]
[8, 55]
[0, 65]
[65, 99]
[16, 83]
[8, 83]
[83, 107]
[30, 83]
[53, 83]
[19, 83]
[23, 83]
[6, 83]
[83, 131]
[83, 88]
[76, 83]
[2, 68]
[1, 68]
[16, 68]
[3, 16]
[11, 68]
[21, 59]
[38, 59]
[27, 59]
[13, 59]
[59, 141]
[17, 59]
[6, 59]
[59, 111]
[59, 126]
[59, 88]
[59, 76]
[59, 63]
[59, 134]
[59, 110]
[59, 133]
[59, 114]
[59, 62]
[59, 124]
[39, 59]
[50, 59]
[0, 59]
[59, 94]
[59, 113]
[59, 120]
[59, 139]
[59, 136]
[59, 95]
[4, 59]
[59, 77]
[47, 59]
[29, 59]
[59, 108]
[59, 123]
[59, 69]
[59, 109]
[49, 59]
[59, 93]
[59, 97]
[59, 138]
[12, 59]
[59, 75]
[59, 60]
[59, 71]
[59, 121]
[59, 78]
[59, 106]
[59, 89]
[59, 84]
[9, 59]
[59, 61]
[18, 59]
[59, 96]
[56, 68]
[68, 73]
[13, 68]
[8, 24]
[2, 24]
[68, 107]
[43, 68]
[1, 24]
[16, 24]
[24, 38]
[24, 27]
[13, 24]
[24, 116]
[21, 24]
[24, 107]
[24, 112]
[24, 111]
[24, 40]
[24, 53]
[24, 130]
[24, 88]
[24, 52]
[24, 83]
[24, 68]
[24, 63]
[24, 90]
[24, 133]
[10, 24]
[10, 17]
[21, 61]
[19, 68]
[24, 137]
[24, 42]
[24, 124]
[24, 39]
[0, 24]
[24, 37]
[24, 31]
[24, 127]
[24, 120]
[5, 24]
[24, 136]
[24, 72]
[24, 87]
[24, 95]
[4, 24]
[24, 64]
[24, 46]
[24, 77]
[24, 47]
[24, 103]
[24, 29]
[24, 80]
[24, 69]
[24, 109]
[24, 49]
[8, 10]
[24, 97]
[24, 128]
[24, 79]
[24, 28]
[24, 60]
[24, 71]
[24, 78]
[9, 24]
[24, 96]
[24, 65]
[24, 144]
[3, 24]
[24, 33]
[7, 24]
[24, 98]
[24, 26]
[23, 68]
[6, 68]
[22, 69]
[68, 111]
[22, 32]
[14, 32]
[30, 68]
[14, 122]
[68, 135]
[68, 105]
[68, 131]
[52, 68]
[16, 36]
[16, 26]
[1, 26]
[25, 137]
[25, 42]
[25, 99]
[23, 36]
[2, 36]
[8, 36]
[36, 56]
[15, 36]
[11, 26]
[36, 73]
[22, 36]
[13, 36]
[36, 112]
[36, 111]
[30, 36]
[36, 40]
[25, 89]
[25, 143]
[25, 101]
[25, 115]
[25, 96]
[36, 135]
[36, 53]
[36, 105]
[36, 52]
[27, 142]
[2, 142]
[1, 142]
[17, 142]
[43, 142]
[112, 142]
[111, 142]
[40, 142]
[135, 142]
[105, 142]
[126, 142]
[76, 142]
[14, 132]
[107, 132]
[112, 132]
[111, 132]
[105, 132]
[76, 132]
[132, 133]
[36, 132]
[90, 132]
[62, 133]
[62, 83]
[62, 132]
[31, 142]
[31, 132]
[21, 55]
[2, 55]
[1, 55]
[16, 55]
[8, 18]
[2, 18]
[13, 55]
[14, 55]
[15, 100]
[3, 11]
[21, 69]
[38, 69]
[19, 55]
[15, 55]
[38, 55]
[27, 55]
[55, 56]
[55, 141]
[55, 107]
[23, 55]
[6, 55]
[55, 135]
[53, 55]
[55, 126]
[55, 88]
[55, 124]
[16, 127]
[2, 127]
[1, 127]
[13, 127]
[8, 127]
[56, 127]
[17, 127]
[19, 127]
[23, 127]
[112, 127]
[30, 127]
[40, 127]
[127, 131]
[52, 127]
[127, 134]
[127, 133]
[36, 127]
[127, 132]
[68, 142]
[68, 134]
[16, 18]
[36, 68]
[68, 132]
[4, 23]
[4, 16]
[62, 68]
[4, 38]
[55, 68]
[4, 27]
[114, 134]
[23, 114]
[114, 141]
[11, 114]
[1, 114]
[15, 114]
[38, 114]
[73, 114]
[20, 114]
[107, 114]
[43, 114]
[22, 114]
[4, 19]
[19, 34]
[8, 34]
[19, 114]
[114, 135]
[105, 114]
[76, 114]
[52, 114]
[114, 133]
[90, 114]
[31, 114]
[55, 114]
[114, 127]
[68, 114]
[120, 141]
[15, 120]
[27, 120]
[20, 120]
[56, 120]
[13, 120]
[17, 120]
[43, 120]
[19, 120]
[111, 120]
[53, 120]
[120, 126]
[88, 120]
[76, 120]
[120, 134]
[120, 133]
[55, 120]
[68, 120]
[114, 120]
[13, 138]
[16, 138]
[1, 138]
[27, 138]
[73, 138]
[138, 141]
[15, 61]
[107, 138]
[43, 138]
[23, 138]
[6, 138]
[111, 138]
[30, 138]
[40, 138]
[88, 138]
[76, 138]
[52, 138]
[134, 138]
[133, 138]
[36, 138]
[138, 142]
[62, 138]
[124, 138]
[31, 138]
[55, 138]
[127, 138]
[114, 138]
[120, 138]
[23, 35]
[8, 35]
[2, 35]
[35, 38]
[35, 141]
[17, 35]
[56, 102]
[7, 11]
[17, 54]
[16, 54]
[1, 54]
[27, 54]
[54, 141]
[6, 54]
[54, 112]
[54, 111]
[54, 135]
[53, 54]
[54, 105]
[54, 126]
[54, 131]
[54, 88]
[54, 76]
[54, 134]
[54, 90]
[54, 63]
[54, 133]
[54, 66]
[54, 83]
[54, 132]
[54, 62]
[54, 55]
[54, 127]
[54, 68]
[54, 114]
[54, 81]
[49, 54]
[12, 54]
[54, 87]
[54, 106]
[54, 93]
[54, 128]
[54, 95]
[54, 102]
[39, 54]
[0, 54]
[37, 54]
[5, 54]
[9, 54]
[35, 107]
[19, 35]
[35, 112]
[35, 111]
[35, 40]
[35, 126]
[35, 131]
[35, 76]
[35, 134]
[35, 90]
[35, 132]
[35, 124]
[31, 35]
[35, 55]
[35, 68]
[35, 138]
[20, 81]
[13, 81]
[16, 81]
[8, 81]
[38, 81]
[27, 81]
[73, 81]
[56, 81]
[19, 81]
[23, 81]
[6, 81]
[30, 81]
[81, 135]
[53, 81]
[81, 105]
[81, 131]
[81, 88]
[76, 81]
[81, 134]
[52, 81]
[81, 133]
[81, 83]
[36, 81]
[62, 81]
[81, 124]
[31, 81]
[55, 81]
[81, 127]
[81, 120]
[35, 81]
[27, 49]
[14, 49]
[19, 49]
[6, 49]
[49, 111]
[30, 49]
[40, 49]
[49, 135]
[49, 53]
[49, 105]
[49, 131]
[49, 90]
[49, 133]
[49, 83]
[36, 49]
[49, 142]
[49, 132]
[49, 124]
[49, 120]
[49, 138]
[49, 81]
[94, 111]
[94, 135]
[94, 127]
[46, 135]
[46, 52]
[71, 133]
[46, 110]
[31, 110]
[12, 52]
[62, 110]
[71, 127]
[46, 83]
[12, 36]
[5, 14]
[5, 27]
[36, 71]
[68, 110]
[110, 142]
[71, 142]
[110, 132]
[12, 132]
[46, 124]
[71, 124]
[46, 55]
[55, 71]
[46, 68]
[12, 68]
[46, 114]
[71, 114]
[110, 120]
[20, 61]
[46, 120]
[12, 120]
[71, 120]
[12, 138]
[81, 110]
[35, 46]
[12, 35]
[71, 81]
[55, 94]
[5, 53]
[94, 114]
[35, 94]
[94, 138]
[94, 120]
[13, 118]
[21, 118]
[20, 118]
[1, 118]
[8, 118]
[16, 118]
[73, 118]
[43, 118]
[53, 118]
[56, 118]
[30, 118]
[118, 141]
[107, 118]
[4, 141]
[16, 87]
[21, 87]
[87, 116]
[54, 65]
[37, 65]
[1, 87]
[87, 129]
[27, 87]
[14, 87]
[43, 87]
[56, 87]
[13, 87]
[87, 141]
[87, 107]
[87, 112]
[87, 90]
[53, 87]
[87, 105]
[87, 126]
[87, 134]
[40, 87]
[87, 131]
[36, 87]
[87, 114]
[46, 87]
[68, 87]
[71, 87]
[87, 110]
[63, 87]
[87, 127]
[87, 138]
[87, 120]
[31, 87]
[50, 142]
[50, 114]
[50, 68]
[50, 62]
[50, 94]
[50, 127]
[50, 138]
[50, 120]
[50, 55]
[20, 77]
[2, 77]
[1, 77]
[77, 142]
[17, 77]
[3, 17]
[3, 27]
[3, 73]
[3, 107]
[3, 112]
[3, 76]
[3, 111]
[3, 124]
[3, 19]
[3, 90]
[3, 58]
[3, 135]
[3, 23]
[3, 134]
[3, 63]
[3, 83]
[3, 132]
[3, 25]
[3, 94]
[3, 127]
[3, 59]
[3, 55]
[3, 50]
[3, 77]
[3, 97]
[3, 28]
[3, 35]
[3, 49]
[3, 118]
[3, 79]
[3, 95]
[3, 85]
[3, 104]
[3, 41]
[0, 3]
[3, 108]
[3, 84]
[3, 60]
[3, 125]
[3, 32]
[3, 82]
[3, 101]
[2, 101]
[101, 105]
[40, 101]
[101, 131]
[36, 101]
[101, 142]
[68, 101]
[81, 101]
[101, 133]
[31, 101]
[87, 101]
[101, 128]
[101, 139]
[38, 101]
[72, 101]
[101, 102]
[101, 103]
[27, 101]
[17, 101]
[101, 112]
[101, 124]
[90, 101]
[23, 101]
[101, 134]
[101, 132]
[37, 101]
[100, 101]
[44, 101]
[45, 101]
[101, 143]
[94, 101]
[101, 127]
[101, 119]
[47, 101]
[85, 101]
[41, 101]
[32, 101]
[33, 101]
[57, 101]
[39, 101]
[29, 101]
[48, 101]
[65, 101]
[26, 101]
[10, 101]
[75, 101]
[101, 140]
[61, 101]
[80, 101]
[98, 101]
[97, 101]
[95, 101]
[101, 104]
[0, 101]
[60, 101]
[1, 60]
[21, 60]
[14, 60]
[22, 60]
[6, 60]
[40, 60]
[60, 131]
[52, 60]
[46, 60]
[15, 60]
[60, 81]
[31, 60]
[60, 91]
[60, 142]
[12, 60]
[5, 60]
[60, 78]
[60, 103]
[60, 89]
[60, 73]
[60, 107]
[60, 138]
[60, 120]
[60, 76]
[60, 111]
[60, 135]
[60, 63]
[60, 77]
[28, 60]
[49, 60]
[60, 79]
[60, 122]
[60, 87]
[60, 128]
[60, 139]
[60, 123]
[60, 144]
[60, 108]
[43, 60]
[60, 92]
[60, 124]
[23, 60]
[60, 94]
[60, 127]
[60, 75]
[60, 95]
[60, 86]
[60, 136]
[60, 69]
[44, 60]
[39, 60]
[29, 60]
[0, 60]
[0, 1]
[0, 30]
[0, 110]
[0, 126]
[0, 38]
[0, 42]
[0, 137]
[0, 114]
[0, 83]
[0, 13]
[0, 35]
[0, 125]
[0, 17]
[0, 102]
[0, 134]
[0, 132]
[0, 10]
[0, 104]
[0, 22]
[0, 40]
[0, 52]
[0, 31]
[0, 91]
[0, 72]
[0, 50]
[0, 120]
[0, 76]
[0, 135]
[0, 63]
[0, 79]
[0, 87]
[0, 128]
[0, 43]
[0, 23]
[0, 94]
[0, 122]
[0, 139]
[0, 41]
[0, 34]
[0, 108]
[0, 45]
[0, 115]
[0, 103]
[0, 100]
[0, 86]
[0, 69]
[0, 44]
[1, 44]
[2, 44]
[8, 44]
[44, 56]
[30, 44]
[44, 53]
[36, 44]
[44, 71]
[16, 44]
[11, 44]
[44, 133]
[44, 126]
[42, 44]
[27, 44]
[44, 114]
[19, 44]
[15, 44]
[44, 68]
[17, 44]
[44, 90]
[44, 57]
[22, 44]
[44, 130]
[44, 46]
[44, 93]
[44, 106]
[12, 44]
[44, 113]
[44, 55]
[44, 107]
[44, 111]
[9, 44]
[44, 77]
[44, 49]
[18, 44]
[44, 84]
[44, 78]
[44, 92]
[44, 66]
[44, 85]
[44, 137]
[33, 44]
[44, 136]
[44, 61]
[44, 123]
[44, 75]
[39, 44]
[44, 125]
[44, 52]
[31, 44]
[44, 91]
[44, 104]
[44, 76]
[10, 44]
[44, 135]
[44, 87]
[44, 128]
[23, 44]
[44, 94]
[44, 54]
[44, 108]
[44, 45]
[44, 103]
[44, 100]
[44, 86]
[44, 69]
[6, 69]
[30, 69]
[53, 69]
[69, 105]
[36, 69]
[69, 114]
[35, 69]
[15, 69]
[69, 90]
[69, 73]
[69, 81]
[12, 69]
[5, 69]
[69, 107]
[69, 111]
[69, 77]
[18, 69]
[69, 84]
[25, 69]
[47, 69]
[69, 89]
[69, 112]
[69, 92]
[4, 69]
[66, 69]
[69, 137]
[69, 96]
[69, 123]
[69, 144]
[55, 69]
[69, 118]
[28, 69]
[69, 85]
[69, 117]
[69, 75]
[29, 69]
[69, 91]
[50, 69]
[10, 69]
[63, 69]
[69, 97]
[69, 95]
[23, 69]
[69, 136]
[54, 69]
[69, 120]
[41, 69]
[69, 108]
[69, 104]
[69, 128]
[69, 115]
[69, 86]
[69, 109]
[65, 69]
[69, 140]
[69, 143]
[48, 69]
[69, 98]
[1, 98]
[98, 116]
[8, 98]
[14, 98]
[56, 98]
[16, 98]
[11, 98]
[62, 98]
[27, 98]
[58, 98]
[83, 98]
[13, 98]
[98, 134]
[98, 132]
[57, 98]
[98, 131]
[46, 98]
[37, 98]
[98, 124]
[98, 127]
[98, 99]
[40, 98]
[93, 98]
[98, 106]
[82, 98]
[61, 98]
[49, 98]
[78, 98]
[68, 98]
[98, 102]
[98, 142]
[31, 98]
[98, 135]
[98, 103]
[6, 98]
[53, 98]
[36, 98]
[90, 98]
[21, 98]
[12, 98]
[98, 107]
[77, 98]
[47, 98]
[89, 98]
[98, 112]
[92, 98]
[4, 98]
[98, 137]
[72, 98]
[64, 98]
[25, 98]
[66, 98]
[98, 123]
[87, 98]
[0, 98]
[98, 100]
[18, 98]
[98, 122]
[85, 98]
[75, 98]
[50, 98]
[45, 98]
[98, 119]
[32, 98]
[26, 98]
[98, 118]
[29, 98]
[95, 98]
[98, 136]
[98, 108]
[98, 104]
[86, 98]
[65, 98]
[98, 143]
[98, 109]
[48, 98]
[20, 48]
[48, 116]
[8, 48]
[48, 56]
[48, 110]
[48, 133]
[42, 48]
[27, 48]
[19, 48]
[13, 48]
[17, 48]
[48, 131]
[46, 48]
[48, 124]
[48, 127]
[48, 80]
[15, 48]
[48, 73]
[48, 126]
[48, 138]
[48, 76]
[22, 48]
[30, 48]
[35, 48]
[48, 81]
[5, 48]
[48, 111]
[48, 96]
[48, 139]
[48, 79]
[48, 114]
[48, 125]
[48, 106]
[34, 48]
[48, 61]
[48, 102]
[48, 84]
[3, 48]
[48, 91]
[48, 74]
[48, 63]
[48, 120]
[48, 142]
[48, 140]
[48, 99]
[48, 130]
[6, 48]
[36, 48]
[48, 90]
[21, 48]
[12, 48]
[48, 107]
[48, 77]
[48, 89]
[48, 112]
[4, 48]
[48, 137]
[48, 72]
[48, 66]
[48, 123]
[48, 82]
[48, 122]
[48, 85]
[45, 48]
[48, 118]
[48, 95]
[48, 108]
[48, 104]
[48, 65]
[48, 143]
[48, 70]
[1, 70]
[56, 70]
[70, 141]
[70, 88]
[70, 110]
[62, 70]
[58, 70]
[70, 134]
[70, 132]
[46, 70]
[70, 124]
[38, 70]
[15, 70]
[70, 73]
[39, 70]
[70, 71]
[70, 126]
[70, 138]
[52, 70]
[22, 70]
[70, 113]
[70, 105]
[70, 81]
[5, 70]
[70, 111]
[70, 96]
[70, 139]
[55, 70]
[28, 70]
[40, 70]
[70, 93]
[34, 70]
[49, 70]
[43, 70]
[70, 78]
[70, 102]
[70, 101]
[70, 84]
[3, 70]
[70, 91]
[37, 70]
[70, 74]
[10, 70]
[63, 70]
[70, 120]
[70, 144]
[70, 135]
[70, 128]
[59, 70]
[69, 70]
[53, 70]
[36, 70]
[70, 90]
[12, 70]
[70, 107]
[47, 70]
[70, 89]
[70, 112]
[70, 92]
[70, 137]
[70, 72]
[64, 70]
[25, 70]
[70, 123]
[70, 82]
[70, 122]
[50, 70]
[70, 119]
[32, 70]
[29, 70]
[70, 136]
[65, 70]
[65, 80]
[33, 65]
[44, 65]
[21, 113]
[21, 79]
[21, 93]
[21, 106]
[12, 87]
[49, 87]
[35, 87]
[4, 31]
[4, 25]
[4, 63]
[108, 139]
[139, 142]
[6, 139]
[1, 139]
[14, 139]
[20, 139]
[73, 139]
[107, 139]
[27, 139]
[139, 141]
[13, 139]
[53, 139]
[56, 139]
[46, 139]
[17, 139]
[43, 139]
[52, 139]
[111, 139]
[120, 139]
[19, 139]
[90, 139]
[55, 139]
[127, 139]
[133, 139]
[94, 139]
[132, 139]
[83, 139]
[71, 139]
[49, 139]
[35, 139]
[42, 139]
[4, 105]
[4, 107]
[4, 76]
[5, 105]
[4, 53]
[42, 53]
[14, 42]
[102, 107]
[19, 42]
[6, 42]
[1, 42]
[27, 42]
[102, 142]
[16, 42]
[11, 102]
[42, 141]
[1, 102]
[42, 81]
[42, 83]
[77, 102]
[22, 102]
[73, 102]
[63, 102]
[46, 102]
[40, 102]
[43, 102]
[102, 112]
[90, 102]
[27, 102]
[102, 126]
[102, 105]
[102, 111]
[68, 102]
[102, 131]
[102, 127]
[102, 133]
[12, 102]
[30, 102]
[33, 102]
[80, 102]
[102, 117]
[102, 108]
[100, 102]
[97, 102]
[4, 102]
[18, 102]
[28, 102]
[84, 102]
[102, 122]
[93, 102]
[102, 118]
[79, 102]
[96, 102]
[86, 102]
[92, 102]
[34, 102]
[85, 102]
[64, 102]
[102, 119]
[39, 102]
[102, 115]
[57, 102]
[51, 102]
[61, 63]
[36, 42]
[42, 105]
[42, 71]
[42, 88]
[42, 138]
[42, 87]
[14, 128]
[6, 128]
[20, 128]
[15, 128]
[22, 128]
[8, 128]
[56, 128]
[17, 128]
[128, 132]
[124, 128]
[76, 128]
[128, 135]
[128, 134]
[120, 128]
[107, 128]
[16, 128]
[31, 128]
[83, 128]
[53, 128]
[49, 128]
[128, 139]
[43, 128]
[90, 128]
[127, 128]
[36, 128]
[71, 128]
[88, 128]
[3, 65]
[81, 128]
[50, 121]
[87, 121]
[38, 78]
[6, 78]
[2, 78]
[23, 78]
[8, 78]
[13, 78]
[53, 78]
[78, 134]
[78, 132]
[78, 124]
[76, 78]
[31, 78]
[62, 78]
[27, 78]
[78, 112]
[78, 126]
[49, 78]
[78, 139]
[78, 105]
[36, 78]
[4, 135]
[42, 111]
[42, 68]
[42, 131]
[12, 42]
[111, 128]
[68, 128]
[12, 128]
[78, 138]
[42, 55]
[55, 78]
[50, 78]
[78, 81]
[78, 111]
[68, 78]
[12, 78]
[78, 128]
[35, 42]
[42, 133]
[78, 133]
[63, 89]
[6, 89]
[2, 89]
[1, 89]
[16, 89]
[17, 89]
[89, 142]
[89, 112]
[89, 114]
[89, 94]
[89, 132]
[89, 124]
[76, 89]
[38, 89]
[46, 89]
[40, 89]
[27, 89]
[89, 126]
[89, 120]
[89, 90]
[88, 89]
[53, 89]
[36, 89]
[89, 111]
[89, 138]
[42, 89]
[89, 139]
[89, 128]
[81, 89]
[35, 78]
[35, 128]
[35, 89]
[9, 19]
[9, 15]
[9, 22]
[9, 13]
[9, 142]
[9, 52]
[9, 23]
[9, 114]
[9, 132]
[9, 124]
[9, 76]
[9, 88]
[9, 110]
[9, 73]
[9, 46]
[9, 40]
[9, 112]
[9, 30]
[9, 135]
[9, 62]
[9, 120]
[9, 90]
[9, 134]
[9, 71]
[9, 31]
[9, 50]
[9, 131]
[9, 111]
[9, 12]
[9, 138]
[9, 68]
[9, 133]
[9, 55]
[9, 35]
[99, 112]
[8, 99]
[27, 99]
[18, 27]
[18, 56]
[14, 99]
[5, 13]
[17, 99]
[112, 137]
[38, 99]
[54, 99]
[99, 130]
[13, 99]
[52, 99]
[94, 99]
[23, 99]
[76, 99]
[99, 110]
[40, 99]
[99, 105]
[99, 135]
[62, 99]
[83, 99]
[99, 134]
[71, 99]
[31, 99]
[50, 99]
[36, 99]
[12, 99]
[99, 138]
[99, 139]
[78, 99]
[99, 128]
[89, 99]
[55, 99]
[35, 99]
[103, 112]
[73, 103]
[20, 103]
[2, 103]
[1, 103]
[6, 103]
[14, 103]
[11, 103]
[27, 103]
[16, 103]
[15, 103]
[22, 103]
[103, 142]
[103, 114]
[94, 103]
[103, 132]
[23, 103]
[76, 103]
[103, 110]
[19, 103]
[46, 103]
[40, 103]
[62, 103]
[103, 126]
[83, 103]
[71, 103]
[31, 103]
[50, 103]
[49, 103]
[103, 111]
[12, 103]
[103, 133]
[103, 139]
[78, 103]
[103, 128]
[99, 103]
[19, 137]
[94, 137]
[114, 137]
[110, 137]
[135, 137]
[83, 137]
[111, 137]
[68, 137]
[81, 137]
[137, 139]
[78, 137]
[99, 137]
[19, 95]
[17, 95]
[8, 95]
[11, 95]
[95, 116]
[1, 95]
[95, 129]
[21, 95]
[95, 112]
[16, 95]
[76, 95]
[63, 95]
[62, 95]
[95, 126]
[95, 120]
[43, 95]
[90, 95]
[95, 134]
[88, 95]
[95, 127]
[31, 95]
[50, 95]
[36, 95]
[49, 95]
[95, 131]
[12, 95]
[87, 95]
[95, 128]
[55, 95]
[95, 103]
[95, 107]
[95, 110]
[95, 135]
[83, 95]
[53, 95]
[95, 139]
[95, 99]
[46, 104]
[17, 104]
[2, 104]
[1, 104]
[6, 104]
[11, 104]
[16, 104]
[54, 104]
[104, 124]
[76, 104]
[63, 104]
[30, 104]
[43, 104]
[90, 104]
[104, 134]
[88, 104]
[36, 104]
[49, 104]
[104, 131]
[12, 104]
[104, 138]
[104, 105]
[55, 104]
[35, 104]
[104, 107]
[104, 114]
[19, 104]
[104, 112]
[83, 104]
[68, 104]
[104, 137]
[95, 104]
[17, 37]
[2, 37]
[1, 37]
[27, 37]
[37, 142]
[37, 130]
[13, 37]
[37, 52]
[37, 132]
[23, 37]
[37, 76]
[37, 63]
[37, 126]
[37, 120]
[37, 134]
[37, 71]
[37, 88]
[37, 127]
[37, 50]
[37, 131]
[37, 138]
[37, 40]
[37, 87]
[37, 42]
[37, 55]
[35, 37]
[37, 110]
[19, 37]
[37, 81]
[37, 139]
[37, 137]
[37, 95]
[37, 104]
[5, 23]
[5, 76]
[5, 126]
[5, 120]
[5, 90]
[5, 71]
[5, 88]
[5, 127]
[5, 50]
[5, 36]
[5, 131]
[5, 40]
[5, 87]
[5, 42]
[5, 35]
[5, 107]
[5, 94]
[5, 19]
[5, 83]
[5, 78]
[5, 99]
[17, 140]
[3, 140]
[27, 140]
[38, 140]
[2, 140]
[15, 140]
[124, 140]
[25, 140]
[30, 140]
[62, 140]
[49, 140]
[55, 140]
[17, 125]
[8, 125]
[6, 125]
[2, 125]
[27, 125]
[15, 125]
[54, 125]
[125, 142]
[125, 130]
[52, 125]
[124, 125]
[63, 125]
[62, 125]
[31, 125]
[49, 125]
[12, 125]
[125, 138]
[125, 133]
[125, 128]
[89, 125]
[103, 125]
[110, 125]
[112, 125]
[68, 125]
[81, 125]
[46, 72]
[21, 72]
[14, 72]
[2, 72]
[27, 72]
[22, 72]
[54, 72]
[72, 142]
[56, 72]
[63, 72]
[62, 72]
[72, 134]
[31, 72]
[49, 72]
[72, 138]
[72, 89]
[72, 103]
[72, 135]
[72, 81]
[9, 72]
[72, 139]
[37, 72]
[72, 90]
[72, 88]
[36, 72]
[40, 72]
[72, 137]
[72, 95]
[72, 105]
[19, 72]
[47, 111]
[31, 47]
[47, 52]
[47, 54]
[18, 117]
[18, 19]
[18, 71]
[18, 31]
[18, 46]
[18, 52]
[18, 124]
[18, 63]
[18, 62]
[18, 134]
[18, 138]
[18, 133]
[18, 55]
[18, 103]
[18, 135]
[18, 111]
[18, 68]
[18, 81]
[9, 18]
[18, 37]
[18, 23]
[18, 126]
[18, 88]
[18, 127]
[18, 36]
[18, 131]
[18, 40]
[18, 95]
[18, 104]
[18, 105]
[18, 107]
[18, 94]
[18, 78]
[18, 99]
[18, 47]
[18, 33]
[18, 97]
[18, 84]
[4, 18]
[18, 91]
[18, 136]
[18, 75]
[16, 80]
[6, 80]
[1, 80]
[11, 80]
[20, 80]
[58, 80]
[22, 80]
[80, 142]
[17, 80]
[25, 80]
[80, 141]
[73, 80]
[63, 80]
[62, 80]
[49, 80]
[12, 80]
[80, 138]
[80, 133]
[80, 112]
[68, 80]
[13, 80]
[23, 80]
[76, 80]
[80, 126]
[80, 120]
[80, 90]
[71, 80]
[80, 127]
[50, 80]
[36, 80]
[80, 131]
[40, 80]
[80, 137]
[80, 95]
[80, 104]
[80, 107]
[19, 80]
[80, 83]
[53, 80]
[3, 80]
[80, 99]
[5, 80]
[33, 80]
[80, 97]
[77, 80]
[75, 80]
[80, 96]
[80, 86]
[80, 92]
[80, 85]
[57, 80]
[80, 100]
[79, 80]
[6, 47]
[47, 63]
[47, 134]
[47, 89]
[47, 112]
[47, 68]
[47, 81]
[47, 142]
[47, 62]
[47, 120]
[36, 47]
[47, 49]
[12, 47]
[47, 133]
[47, 107]
[47, 114]
[47, 53]
[47, 139]
[37, 47]
[40, 47]
[47, 87]
[47, 137]
[47, 95]
[5, 47]
[5, 33]
[1, 33]
[6, 33]
[14, 33]
[27, 33]
[33, 58]
[33, 66]
[33, 54]
[33, 56]
[17, 33]
[33, 124]
[25, 33]
[33, 55]
[9, 33]
[15, 33]
[22, 33]
[33, 90]
[33, 127]
[33, 131]
[33, 134]
[23, 33]
[33, 76]
[33, 126]
[33, 50]
[33, 104]
[33, 142]
[33, 62]
[33, 94]
[19, 33]
[33, 83]
[33, 78]
[33, 99]
[33, 112]
[33, 68]
[33, 49]
[33, 53]
[33, 139]
[33, 95]
[95, 97]
[1, 97]
[2, 97]
[14, 97]
[11, 97]
[20, 97]
[21, 97]
[27, 97]
[8, 97]
[17, 97]
[97, 124]
[30, 97]
[43, 97]
[55, 97]
[97, 103]
[97, 135]
[9, 97]
[13, 97]
[22, 97]
[90, 97]
[97, 127]
[97, 131]
[42, 97]
[97, 134]
[97, 110]
[23, 97]
[71, 97]
[97, 142]
[94, 97]
[78, 97]
[89, 97]
[68, 97]
[49, 97]
[12, 97]
[97, 133]
[97, 114]
[53, 97]
[37, 97]
[5, 97]
[77, 97]
[38, 77]
[16, 77]
[8, 77]
[56, 77]
[52, 77]
[77, 124]
[55, 77]
[77, 135]
[13, 77]
[46, 77]
[77, 127]
[77, 134]
[77, 126]
[71, 77]
[77, 104]
[31, 77]
[62, 77]
[19, 77]
[72, 77]
[77, 89]
[77, 112]
[77, 81]
[77, 120]
[12, 77]
[77, 114]
[53, 77]
[77, 111]
[77, 95]
[5, 77]
[47, 77]
[47, 117]
[1, 117]
[116, 117]
[14, 117]
[11, 117]
[21, 117]
[38, 117]
[27, 117]
[16, 117]
[56, 117]
[55, 117]
[9, 117]
[22, 117]
[46, 117]
[90, 117]
[88, 117]
[117, 127]
[117, 131]
[105, 117]
[117, 128]
[117, 134]
[50, 117]
[62, 117]
[94, 117]
[99, 117]
[72, 117]
[89, 117]
[36, 117]
[49, 117]
[114, 117]
[53, 117]
[111, 117]
[37, 117]
[87, 117]
[117, 137]
[5, 117]
[33, 117]
[33, 108]
[2, 108]
[6, 108]
[11, 108]
[27, 108]
[66, 108]
[17, 108]
[108, 141]
[73, 108]
[108, 138]
[55, 108]
[108, 135]
[9, 108]
[13, 108]
[22, 108]
[46, 108]
[90, 108]
[108, 127]
[42, 108]
[108, 128]
[35, 108]
[108, 134]
[23, 108]
[108, 126]
[104, 108]
[108, 142]
[99, 108]
[72, 108]
[89, 108]
[81, 108]
[108, 120]
[12, 108]
[107, 108]
[53, 108]
[37, 108]
[40, 108]
[87, 108]
[95, 108]
[5, 108]
[47, 108]
[1, 84]
[14, 84]
[11, 84]
[38, 84]
[16, 84]
[52, 84]
[84, 124]
[84, 141]
[73, 84]
[30, 84]
[84, 138]
[55, 84]
[84, 135]
[13, 84]
[22, 84]
[46, 84]
[84, 105]
[63, 84]
[84, 134]
[84, 110]
[71, 84]
[50, 84]
[84, 94]
[19, 84]
[78, 84]
[84, 128]
[84, 112]
[81, 84]
[84, 133]
[84, 107]
[84, 99]
[72, 84]
[77, 84]
[84, 117]
[40, 84]
[84, 95]
[5, 84]
[33, 84]
[84, 97]
[4, 55]
[4, 103]
[4, 88]
[4, 127]
[4, 131]
[4, 35]
[4, 134]
[4, 126]
[4, 62]
[4, 49]
[4, 133]
[4, 104]
[4, 137]
[4, 89]
[4, 113]
[4, 86]
[4, 57]
[4, 118]
[4, 74]
[4, 34]
[4, 144]
[4, 109]
[4, 99]
[4, 72]
[4, 47]
[4, 64]
[4, 115]
[4, 51]
[4, 119]
[4, 29]
[4, 95]
[95, 125]
[32, 95]
[95, 136]
[75, 95]
[93, 95]
[28, 95]
[82, 95]
[45, 95]
[95, 123]
[34, 95]
[95, 144]
[95, 109]
[7, 95]
[95, 115]
[95, 119]
[29, 95]
[1, 29]
[29, 52]
[29, 141]
[29, 138]
[15, 29]
[29, 132]
[29, 46]
[3, 29]
[29, 81]
[29, 120]
[29, 139]
[29, 38]
[29, 65]
[29, 63]
[19, 29]
[29, 80]
[29, 111]
[29, 35]
[29, 97]
[29, 104]
[21, 29]
[27, 29]
[29, 30]
[29, 135]
[29, 55]
[29, 103]
[18, 29]
[29, 126]
[29, 127]
[29, 131]
[29, 47]
[29, 110]
[23, 29]
[29, 68]
[29, 133]
[29, 78]
[29, 77]
[29, 37]
[29, 134]
[5, 29]
[29, 49]
[29, 32]
[28, 29]
[29, 82]
[29, 123]
[29, 86]
[29, 57]
[29, 118]
[29, 99]
[29, 108]
[29, 119]
[29, 96]
[29, 41]
[10, 29]
[29, 72]
[29, 113]
[29, 61]
[29, 91]
[29, 100]
[29, 34]
[29, 109]
[29, 115]
[115, 116]
[6, 115]
[54, 115]
[56, 115]
[52, 115]
[73, 115]
[15, 115]
[46, 115]
[115, 120]
[40, 115]
[65, 115]
[19, 115]
[105, 115]
[107, 115]
[50, 115]
[111, 115]
[35, 115]
[2, 115]
[14, 115]
[20, 115]
[21, 115]
[17, 115]
[43, 115]
[8, 115]
[55, 115]
[31, 115]
[80, 115]
[115, 128]
[33, 115]
[13, 115]
[9, 115]
[42, 115]
[115, 142]
[115, 136]
[75, 115]
[93, 115]
[115, 140]
[115, 143]
[22, 115]
[110, 115]
[115, 133]
[78, 115]
[115, 134]
[49, 115]
[32, 115]
[28, 115]
[82, 115]
[115, 123]
[86, 115]
[115, 118]
[85, 115]
[41, 115]
[10, 115]
[61, 115]
[91, 115]
[100, 115]
[34, 115]
[1, 34]
[6, 34]
[34, 66]
[34, 54]
[34, 130]
[34, 52]
[34, 132]
[34, 46]
[3, 34]
[34, 81]
[34, 120]
[34, 139]
[34, 40]
[34, 65]
[34, 76]
[34, 88]
[34, 83]
[34, 105]
[34, 107]
[27, 34]
[30, 34]
[34, 135]
[34, 55]
[18, 34]
[33, 34]
[34, 90]
[34, 42]
[34, 71]
[34, 142]
[34, 131]
[34, 125]
[34, 136]
[34, 45]
[34, 74]
[22, 34]
[34, 110]
[34, 68]
[34, 78]
[7, 34]
[34, 122]
[34, 64]
[34, 82]
[34, 57]
[34, 99]
[34, 144]
[34, 119]
[34, 96]
[16, 96]
[66, 96]
[56, 96]
[96, 141]
[96, 138]
[96, 132]
[46, 96]
[81, 96]
[96, 120]
[40, 96]
[38, 96]
[76, 96]
[88, 96]
[19, 96]
[83, 96]
[96, 107]
[36, 96]
[87, 96]
[96, 104]
[2, 96]
[17, 96]
[96, 124]
[30, 96]
[96, 135]
[55, 96]
[31, 96]
[13, 96]
[42, 96]
[71, 96]
[96, 142]
[12, 96]
[96, 126]
[96, 97]
[75, 96]
[53, 96]
[45, 96]
[96, 143]
[51, 96]
[4, 96]
[96, 110]
[96, 133]
[7, 96]
[37, 96]
[5, 96]
[32, 96]
[82, 96]
[86, 96]
[57, 96]
[96, 136]
[96, 103]
[96, 99]
[96, 117]
[92, 96]
[10, 96]
[84, 96]
[95, 96]
[96, 122]
[96, 106]
[39, 96]
[79, 96]
[26, 96]
[6, 26]
[26, 44]
[26, 58]
[26, 66]
[26, 130]
[26, 60]
[26, 52]
[26, 141]
[26, 73]
[26, 138]
[26, 132]
[3, 26]
[26, 81]
[26, 120]
[26, 65]
[26, 63]
[26, 76]
[26, 88]
[26, 83]
[26, 36]
[26, 111]
[26, 35]
[26, 137]
[21, 26]
[26, 128]
[26, 90]
[17, 26]
[26, 124]
[26, 30]
[26, 135]
[26, 114]
[26, 31]
[26, 94]
[26, 89]
[26, 131]
[26, 121]
[26, 93]
[26, 47]
[13, 26]
[22, 26]
[23, 26]
[26, 68]
[26, 77]
[26, 49]
[26, 42]
[26, 142]
[12, 26]
[26, 126]
[26, 143]
[4, 26]
[26, 110]
[26, 133]
[26, 37]
[26, 29]
[26, 82]
[26, 108]
[26, 92]
[10, 26]
[26, 97]
[26, 79]
[26, 123]
[7, 26]
[26, 100]
[26, 136]
[26, 113]
[26, 95]
[26, 122]
[1, 122]
[116, 122]
[54, 122]
[56, 122]
[52, 122]
[122, 141]
[73, 122]
[122, 138]
[112, 122]
[40, 122]
[63, 122]
[76, 122]
[88, 122]
[19, 122]
[50, 122]
[36, 122]
[35, 122]
[122, 137]
[87, 122]
[20, 122]
[21, 122]
[8, 122]
[33, 122]
[9, 122]
[17, 122]
[122, 124]
[55, 122]
[122, 140]
[11, 122]
[28, 122]
[71, 122]
[75, 122]
[53, 122]
[30, 122]
[122, 135]
[114, 122]
[31, 122]
[89, 122]
[93, 122]
[32, 122]
[104, 122]
[119, 122]
[22, 122]
[68, 122]
[41, 122]
[84, 122]
[61, 122]
[42, 122]
[122, 142]
[12, 122]
[51, 122]
[122, 143]
[43, 122]
[106, 122]
[39, 122]
[86, 122]
[122, 144]
[79, 122]
[122, 123]
[7, 122]
[85, 122]
[91, 122]
[122, 136]
[1, 136]
[6, 136]
[129, 136]
[136, 141]
[15, 136]
[132, 136]
[46, 136]
[3, 136]
[112, 136]
[81, 136]
[120, 136]
[25, 136]
[19, 136]
[107, 136]
[50, 136]
[136, 137]
[87, 136]
[2, 136]
[21, 136]
[27, 136]
[33, 136]
[90, 136]
[136, 139]
[17, 136]
[127, 136]
[125, 136]
[78, 136]
[134, 136]
[11, 136]
[28, 136]
[30, 136]
[135, 136]
[131, 136]
[121, 136]
[93, 136]
[47, 136]
[57, 136]
[104, 136]
[103, 136]
[119, 136]
[99, 136]
[77, 136]
[117, 136]
[72, 136]
[42, 136]
[136, 142]
[12, 136]
[43, 136]
[86, 136]
[37, 136]
[82, 136]
[97, 136]
[79, 136]
[7, 136]
[85, 136]
[1, 85]
[16, 85]
[52, 85]
[85, 141]
[85, 138]
[85, 132]
[46, 85]
[85, 112]
[38, 85]
[85, 88]
[19, 85]
[83, 85]
[85, 105]
[36, 85]
[85, 111]
[35, 85]
[85, 137]
[62, 85]
[2, 85]
[14, 85]
[20, 85]
[21, 85]
[18, 85]
[33, 85]
[85, 139]
[17, 85]
[55, 85]
[85, 127]
[78, 85]
[85, 134]
[11, 85]
[28, 85]
[71, 85]
[53, 85]
[30, 85]
[85, 114]
[31, 85]
[85, 89]
[85, 93]
[32, 85]
[57, 85]
[85, 103]
[85, 99]
[68, 85]
[77, 85]
[84, 85]
[42, 85]
[85, 142]
[12, 85]
[51, 85]
[85, 126]
[85, 143]
[85, 106]
[4, 85]
[85, 96]
[85, 86]
[85, 133]
[85, 144]
[37, 85]
[85, 108]
[85, 92]
[7, 85]
[79, 85]
[85, 109]
[109, 116]
[6, 109]
[70, 109]
[16, 109]
[52, 109]
[73, 109]
[15, 109]
[46, 109]
[109, 112]
[81, 109]
[40, 109]
[38, 109]
[25, 109]
[65, 109]
[76, 109]
[19, 109]
[83, 109]
[105, 109]
[36, 109]
[109, 137]
[87, 109]
[62, 109]
[14, 109]
[20, 109]
[21, 109]
[18, 109]
[33, 109]
[90, 109]
[80, 109]
[55, 109]
[109, 127]
[109, 125]
[78, 109]
[109, 134]
[64, 109]
[11, 109]
[28, 109]
[75, 109]
[45, 109]
[30, 109]
[109, 135]
[94, 109]
[89, 109]
[109, 131]
[5, 109]
[109, 121]
[93, 109]
[47, 109]
[32, 109]
[13, 109]
[109, 128]
[109, 119]
[22, 109]
[23, 109]
[77, 109]
[72, 109]
[61, 109]
[42, 109]
[12, 109]
[109, 143]
[43, 109]
[109, 110]
[34, 109]
[109, 123]
[39, 109]
[109, 122]
[86, 109]
[109, 133]
[109, 144]
[7, 109]
[91, 109]
[109, 113]
[96, 109]
[92, 109]
[106, 109]
[79, 109]
[1, 79]
[6, 79]
[79, 141]
[79, 132]
[46, 79]
[79, 112]
[79, 81]
[40, 79]
[38, 79]
[19, 79]
[79, 83]
[79, 107]
[79, 111]
[62, 79]
[14, 79]
[27, 79]
[33, 79]
[79, 90]
[79, 124]
[55, 79]
[79, 125]
[79, 134]
[64, 79]
[28, 79]
[79, 118]
[71, 79]
[53, 79]
[45, 79]
[31, 79]
[5, 79]
[79, 121]
[79, 93]
[13, 79]
[22, 79]
[68, 79]
[79, 117]
[79, 84]
[12, 79]
[79, 126]
[79, 82]
[79, 97]
[79, 123]
[37, 79]
[79, 108]
[79, 100]
[79, 115]
[29, 79]
[79, 86]
[79, 133]
[79, 144]
[7, 79]
[4, 79]
[39, 79]
[79, 92]
[79, 95]
[10, 95]
[95, 106]
[106, 116]
[6, 106]
[16, 106]
[56, 106]
[52, 106]
[106, 141]
[106, 138]
[15, 106]
[46, 106]
[106, 120]
[40, 106]
[19, 106]
[83, 106]
[106, 107]
[50, 106]
[36, 106]
[106, 111]
[87, 106]
[62, 106]
[14, 106]
[20, 106]
[27, 106]
[8, 106]
[90, 106]
[106, 139]
[106, 124]
[55, 106]
[106, 140]
[74, 106]
[106, 134]
[64, 106]
[28, 106]
[106, 118]
[71, 106]
[75, 106]
[53, 106]
[45, 106]
[30, 106]
[106, 135]
[106, 114]
[31, 106]
[89, 106]
[106, 131]
[5, 106]
[93, 106]
[32, 106]
[57, 106]
[103, 106]
[106, 128]
[106, 119]
[22, 106]
[23, 106]
[68, 106]
[106, 117]
[84, 106]
[42, 106]
[51, 106]
[106, 126]
[106, 143]
[106, 110]
[82, 106]
[34, 106]
[106, 108]
[29, 106]
[106, 133]
[10, 106]
[106, 123]
[4, 106]
[106, 115]
[106, 144]
[91, 106]
[106, 113]
[1, 113]
[113, 116]
[16, 113]
[56, 113]
[113, 141]
[113, 138]
[15, 113]
[112, 113]
[113, 120]
[76, 113]
[88, 113]
[19, 113]
[83, 113]
[50, 113]
[111, 113]
[35, 113]
[87, 113]
[2, 113]
[14, 113]
[20, 113]
[8, 113]
[90, 113]
[17, 113]
[113, 125]
[113, 140]
[78, 113]
[64, 113]
[113, 118]
[71, 113]
[53, 113]
[30, 113]
[113, 114]
[89, 113]
[113, 121]
[47, 113]
[32, 113]
[72, 113]
[49, 113]
[61, 113]
[113, 142]
[12, 113]
[104, 113]
[97, 113]
[113, 119]
[22, 113]
[84, 113]
[42, 113]
[113, 126]
[113, 128]
[113, 143]
[113, 133]
[43, 113]
[91, 113]
[110, 113]
[82, 113]
[113, 123]
[113, 144]
[1, 144]
[66, 144]
[59, 144]
[54, 144]
[141, 144]
[15, 144]
[132, 144]
[112, 144]
[38, 144]
[65, 144]
[63, 144]
[76, 144]
[19, 144]
[105, 144]
[107, 144]
[50, 144]
[111, 144]
[35, 144]
[2, 144]
[8, 144]
[90, 144]
[9, 144]
[124, 144]
[127, 144]
[11, 144]
[131, 144]
[93, 144]
[13, 144]
[99, 144]
[23, 144]
[86, 144]
[18, 144]
[55, 144]
[74, 144]
[28, 144]
[75, 144]
[45, 144]
[77, 144]
[37, 144]
[139, 144]
[7, 144]
[125, 144]
[64, 144]
[53, 144]
[30, 144]
[114, 144]
[89, 144]
[108, 144]
[104, 144]
[39, 144]
[92, 144]
[32, 144]
[22, 144]
[84, 144]
[42, 144]
[61, 144]
[12, 144]
[128, 144]
[143, 144]
[43, 144]
[41, 144]
[110, 144]
[123, 144]
[91, 144]
[1, 91]
[6, 91]
[16, 91]
[56, 91]
[52, 91]
[73, 91]
[91, 138]
[40, 91]
[38, 91]
[76, 91]
[19, 91]
[91, 107]
[20, 91]
[14, 91]
[21, 91]
[27, 91]
[9, 91]
[17, 91]
[91, 124]
[91, 127]
[11, 91]
[91, 131]
[91, 103]
[31, 91]
[49, 91]
[91, 100]
[91, 99]
[72, 91]
[23, 91]
[86, 91]
[37, 91]
[91, 139]
[47, 91]
[30, 91]
[91, 114]
[89, 91]
[91, 108]
[91, 97]
[91, 133]
[91, 121]
[91, 125]
[82, 91]
[75, 91]
[10, 91]
[51, 91]
[22, 91]
[42, 91]
[61, 91]
[91, 128]
[91, 93]
[32, 91]
[91, 143]
[91, 123]
[6, 123]
[66, 123]
[56, 123]
[123, 141]
[123, 132]
[46, 123]
[112, 123]
[65, 123]
[76, 123]
[19, 123]
[83, 123]
[35, 123]
[123, 137]
[20, 123]
[27, 123]
[8, 123]
[90, 123]
[80, 123]
[123, 127]
[11, 123]
[94, 123]
[123, 131]
[81, 123]
[62, 123]
[31, 123]
[78, 123]
[123, 142]
[13, 123]
[23, 123]
[77, 123]
[53, 123]
[123, 126]
[37, 123]
[47, 123]
[30, 123]
[89, 123]
[108, 123]
[50, 123]
[123, 133]
[84, 123]
[18, 123]
[123, 125]
[28, 123]
[39, 123]
[123, 139]
[10, 123]
[92, 123]
[7, 123]
[51, 123]
[123, 143]
[123, 128]
[43, 123]
[41, 123]
[41, 81]
[41, 62]
[31, 41]
[5, 41]
[41, 117]
[41, 120]
[41, 72]
[41, 55]
[41, 77]
[41, 57]
[41, 100]
[41, 74]
[41, 45]
[37, 41]
[41, 47]
[41, 108]
[12, 41]
[41, 110]
[18, 41]
[41, 125]
[41, 82]
[41, 75]
[28, 41]
[41, 139]
[10, 41]
[4, 41]
[32, 41]
[7, 41]
[41, 51]
[41, 143]
[16, 143]
[66, 143]
[0, 143]
[60, 143]
[52, 143]
[15, 143]
[46, 143]
[112, 143]
[40, 143]
[38, 143]
[65, 143]
[88, 143]
[83, 143]
[105, 143]
[36, 143]
[111, 143]
[2, 143]
[14, 143]
[17, 143]
[124, 143]
[135, 143]
[94, 143]
[103, 143]
[71, 143]
[99, 143]
[23, 143]
[133, 143]
[78, 143]
[128, 143]
[126, 143]
[9, 143]
[140, 143]
[97, 143]
[92, 143]
[104, 143]
[53, 143]
[39, 143]
[50, 143]
[77, 143]
[30, 143]
[81, 143]
[62, 143]
[42, 143]
[37, 143]
[47, 143]
[108, 143]
[12, 143]
[125, 143]
[10, 143]
[32, 143]
[7, 143]
[100, 143]
[82, 143]
[75, 143]
[28, 143]
[51, 143]
[1, 51]
[24, 51]
[51, 70]
[51, 101]
[44, 51]
[51, 66]
[51, 58]
[51, 54]
[51, 98]
[51, 69]
[51, 52]
[51, 141]
[51, 73]
[3, 51]
[51, 112]
[25, 51]
[51, 65]
[51, 76]
[51, 88]
[19, 51]
[51, 107]
[35, 51]
[20, 51]
[21, 51]
[33, 51]
[51, 90]
[51, 124]
[51, 80]
[51, 134]
[51, 94]
[51, 68]
[51, 71]
[51, 142]
[23, 51]
[51, 89]
[51, 133]
[51, 78]
[51, 86]
[43, 51]
[51, 140]
[51, 119]
[51, 84]
[51, 97]
[51, 104]
[51, 53]
[39, 51]
[31, 51]
[5, 51]
[51, 117]
[51, 120]
[51, 72]
[30, 51]
[51, 87]
[50, 51]
[51, 118]
[51, 81]
[51, 114]
[51, 62]
[51, 121]
[51, 74]
[51, 108]
[12, 51]
[51, 110]
[51, 125]
[10, 51]
[51, 100]
[51, 82]
[1, 82]
[82, 116]
[6, 82]
[16, 82]
[66, 82]
[82, 130]
[52, 82]
[73, 82]
[82, 138]
[15, 82]
[46, 82]
[40, 82]
[65, 82]
[82, 88]
[82, 107]
[36, 82]
[82, 111]
[82, 137]
[2, 82]
[20, 82]
[21, 82]
[8, 82]
[82, 90]
[80, 82]
[82, 134]
[82, 94]
[82, 131]
[82, 103]
[68, 82]
[13, 82]
[82, 99]
[23, 82]
[82, 89]
[82, 128]
[82, 140]
[82, 84]
[53, 82]
[5, 82]
[82, 117]
[82, 120]
[72, 82]
[55, 82]
[82, 87]
[81, 82]
[64, 82]
[82, 114]
[82, 92]
[62, 82]
[39, 82]
[42, 82]
[82, 121]
[57, 82]
[74, 82]
[45, 82]
[37, 82]
[12, 82]
[18, 82]
[82, 125]
[82, 93]
[75, 82]
[28, 82]
[28, 132]
[28, 83]
[28, 36]
[28, 35]
[28, 137]
[28, 124]
[28, 135]
[28, 94]
[28, 68]
[28, 71]
[28, 49]
[28, 133]
[28, 78]
[28, 86]
[28, 140]
[28, 119]
[28, 84]
[28, 117]
[28, 77]
[28, 118]
[28, 64]
[28, 61]
[28, 47]
[28, 108]
[28, 110]
[28, 121]
[28, 57]
[28, 45]
[12, 28]
[28, 125]
[28, 93]
[28, 75]
[6, 75]
[56, 75]
[75, 141]
[75, 138]
[3, 75]
[75, 112]
[40, 75]
[38, 75]
[25, 75]
[19, 75]
[20, 75]
[21, 75]
[8, 75]
[75, 103]
[75, 142]
[13, 75]
[75, 99]
[72, 75]
[75, 87]
[50, 75]
[62, 75]
[42, 75]
[75, 100]
[75, 83]
[75, 137]
[75, 124]
[75, 135]
[68, 75]
[71, 75]
[75, 133]
[75, 117]
[75, 77]
[75, 110]
[75, 121]
[100, 121]
[13, 92]
[68, 92]
[7, 68]
[92, 105]
[3, 92]
[15, 92]
[6, 92]
[32, 78]
[7, 78]
[1, 92]
[52, 92]
[46, 92]
[92, 112]
[14, 92]
[27, 92]
[17, 92]
[92, 127]
[92, 134]
[92, 126]
[31, 92]
[92, 114]
[62, 92]
[92, 128]
[36, 92]
[92, 94]
[89, 92]
[9, 92]
[92, 97]
[92, 104]
[5, 92]
[55, 92]
[37, 92]
[32, 33]
[19, 32]
[61, 121]
[49, 92]
[30, 92]
[92, 117]
[32, 117]
[7, 117]
[32, 142]
[6, 32]
[32, 44]
[32, 134]
[16, 32]
[32, 58]
[32, 59]
[32, 130]
[32, 88]
[32, 112]
[32, 56]
[32, 60]
[32, 40]
[32, 52]
[15, 32]
[17, 32]
[90, 140]
[32, 46]
[32, 76]
[8, 32]
[32, 90]
[32, 127]
[13, 32]
[23, 32]
[32, 120]
[32, 114]
[32, 62]
[32, 107]
[32, 49]
[32, 42]
[32, 135]
[32, 71]
[32, 65]
[32, 80]
[32, 99]
[32, 111]
[32, 36]
[32, 97]
[32, 37]
[50, 92]
[7, 18]
[19, 64]
[25, 64]
[15, 64]
[32, 92]
[32, 104]
[30, 32]
[32, 124]
[32, 55]
[7, 63]
[7, 54]
[7, 59]
[7, 66]
[7, 58]
[7, 130]
[0, 7]
[7, 98]
[7, 69]
[7, 60]
[7, 56]
[7, 52]
[7, 141]
[86, 112]
[86, 141]
[7, 138]
[7, 55]
[7, 15]
[7, 46]
[7, 112]
[7, 88]
[7, 105]
[7, 90]
[4, 92]
[14, 93]
[93, 129]
[7, 17]
[7, 142]
[7, 62]
[7, 43]
[7, 31]
[7, 114]
[7, 139]
[7, 65]
[7, 81]
[7, 33]
[7, 80]
[26, 109]
[13, 125]
[40, 125]
[7, 87]
[7, 103]
[7, 36]
[7, 132]
[7, 104]
[7, 30]
[7, 124]
[7, 49]
[7, 32]
[47, 92]
[92, 131]
[92, 133]
[12, 92]
[35, 92]
[32, 47]
[12, 32]
[32, 35]
[32, 137]
[7, 47]
[7, 12]
[7, 35]
[84, 92]
[32, 84]
[32, 108]
[7, 108]
[74, 84]
[74, 120]
[63, 74]
[44, 74]
[6, 74]
[1, 74]
[18, 74]
[15, 74]
[3, 74]
[2, 74]
[74, 87]
[74, 117]
[74, 134]
[9, 74]
[56, 74]
[66, 74]
[52, 74]
[74, 130]
[54, 74]
[74, 141]
[60, 74]
[74, 138]
[40, 74]
[74, 76]
[74, 90]
[13, 74]
[74, 139]
[74, 83]
[74, 107]
[74, 135]
[65, 74]
[74, 81]
[74, 80]
[74, 103]
[74, 111]
[74, 94]
[74, 97]
[74, 89]
[5, 74]
[37, 74]
[74, 124]
[74, 77]
[47, 74]
[74, 131]
[68, 74]
[74, 137]
[7, 74]
[74, 108]
[18, 86]
[16, 86]
[86, 101]
[1, 86]
[3, 86]
[19, 86]
[86, 138]
[20, 86]
[14, 86]
[63, 86]
[9, 86]
[2, 86]
[76, 86]
[56, 86]
[52, 86]
[5, 86]
[54, 86]
[73, 86]
[86, 90]
[86, 134]
[13, 86]
[23, 86]
[43, 86]
[53, 86]
[86, 120]
[6, 64]
[1, 64]
[64, 138]
[54, 64]
[38, 64]
[64, 88]
[27, 64]
[21, 64]
[17, 64]
[64, 142]
[22, 64]
[31, 64]
[64, 114]
[64, 128]
[64, 97]
[64, 89]
[37, 64]
[64, 83]
[55, 64]
[63, 64]
[64, 112]
[64, 78]
[30, 64]
[64, 110]
[64, 92]
[64, 121]
[9, 64]
[47, 64]
[12, 64]
[35, 64]
[64, 108]
[64, 90]
[64, 134]
[64, 120]
[64, 107]
[64, 71]
[64, 111]
[64, 94]
[64, 87]
[64, 68]
[64, 133]
[64, 137]
[32, 64]
[7, 64]
[64, 84]
[64, 74]
[64, 140]
[64, 119]
[64, 100]
[71, 86]
[86, 139]
[42, 86]
[86, 117]
[86, 124]
[86, 132]
[86, 131]
[8, 57]
[45, 53]
[117, 118]
[105, 125]
[125, 127]
[78, 125]
[19, 125]
[23, 125]
[47, 125]
[72, 125]
[108, 125]
[97, 125]
[120, 125]
[125, 131]
[125, 139]
[118, 125]
[118, 132]
[118, 134]
[118, 126]
[118, 135]
[99, 118]
[36, 118]
[104, 118]
[50, 118]
[88, 118]
[114, 118]
[118, 121]
[17, 118]
[83, 118]
[36, 61]
[71, 125]
[61, 71]
[71, 118]
[107, 125]
[125, 137]
[42, 118]
[118, 138]
[52, 118]
[89, 118]
[55, 118]
[90, 118]
[33, 118]
[118, 131]
[111, 118]
[40, 118]
[12, 118]
[112, 118]
[108, 118]
[118, 124]
[118, 120]
[118, 127]
[126, 140]
[23, 140]
[94, 140]
[68, 140]
[18, 140]
[135, 140]
[99, 140]
[36, 140]
[103, 140]
[37, 140]
[5, 140]
[47, 140]
[83, 140]
[137, 140]
[111, 140]
[127, 140]
[84, 140]
[7, 125]
[84, 125]
[131, 140]
[13, 140]
[74, 140]
[7, 118]
[118, 140]
[93, 118]
[93, 139]
[16, 93]
[93, 116]
[6, 93]
[18, 93]
[93, 114]
[73, 93]
[46, 93]
[56, 93]
[15, 93]
[38, 93]
[93, 141]
[27, 93]
[93, 142]
[81, 93]
[93, 132]
[9, 93]
[78, 93]
[93, 128]
[53, 93]
[88, 93]
[93, 138]
[52, 93]
[93, 112]
[42, 93]
[71, 93]
[89, 93]
[40, 93]
[12, 93]
[30, 93]
[93, 124]
[93, 117]
[93, 97]
[93, 121]
[33, 93]
[23, 93]
[93, 99]
[37, 93]
[47, 93]
[55, 93]
[93, 111]
[93, 127]
[93, 108]
[68, 93]
[90, 93]
[74, 93]
[84, 93]
[10, 126]
[10, 25]
[10, 31]
[10, 63]
[1, 10]
[10, 62]
[10, 134]
[10, 102]
[10, 82]
[5, 10]
[10, 23]
[10, 56]
[10, 27]
[23, 57]
[6, 57]
[1, 57]
[57, 120]
[17, 57]
[57, 132]
[57, 94]
[3, 57]
[57, 126]
[57, 135]
[5, 57]
[56, 57]
[14, 57]
[27, 57]
[57, 142]
[15, 57]
[57, 128]
[57, 88]
[52, 57]
[57, 71]
[40, 57]
[35, 57]
[57, 110]
[57, 87]
[37, 57]
[57, 111]
[57, 127]
[32, 57]
[57, 83]
[57, 117]
[57, 103]
[75, 140]
[61, 138]
[54, 61]
[61, 129]
[6, 61]
[61, 116]
[23, 61]
[25, 61]
[38, 61]
[61, 76]
[42, 61]
[52, 61]
[22, 61]
[61, 105]
[40, 61]
[61, 104]
[31, 61]
[61, 134]
[61, 124]
[3, 61]
[56, 61]
[61, 141]
[61, 139]
[27, 61]
[45, 124]
[86, 107]
[86, 94]
[86, 87]
[86, 140]
[57, 140]
[86, 125]
[7, 86]
[74, 86]
[84, 86]
[86, 111]
[5, 39]
[39, 140]
[39, 132]
[2, 39]
[86, 133]
[32, 86]
[68, 86]
[14, 45]
[5, 45]
[45, 65]
[16, 45]
[45, 130]
[18, 45]
[45, 58]
[2, 45]
[45, 76]
[100, 130]
[11, 100]
[1, 100]
[32, 100]
[21, 100]
[20, 100]
[17, 100]
[5, 100]
[89, 100]
[50, 100]
[97, 100]
[77, 100]
[30, 100]
[6, 100]
[22, 100]
[100, 105]
[83, 100]
[31, 100]
[78, 100]
[100, 128]
[100, 127]
[49, 100]
[33, 100]
[35, 100]
[100, 138]
[52, 100]
[63, 100]
[100, 103]
[100, 108]
[100, 117]
[100, 120]
[100, 132]
[23, 100]
[100, 107]
[100, 139]
[7, 100]
[71, 100]
[9, 100]
[68, 100]
[84, 100]
[16, 39]
[1, 39]
[18, 39]
[17, 39]
[39, 66]
[39, 72]
[39, 126]
[39, 46]
[14, 39]
[39, 89]
[39, 50]
[39, 97]
[30, 39]
[34, 39]
[39, 55]
[8, 39]
[22, 39]
[39, 105]
[31, 39]
[39, 40]
[19, 39]
[39, 104]
[39, 78]
[39, 128]
[39, 114]
[37, 39]
[39, 127]
[39, 49]
[35, 39]
[39, 92]
[39, 47]
[39, 76]
[39, 138]
[18, 57]
[57, 92]
[57, 108]
[13, 57]
[10, 18]
[10, 89]
[93, 100]
[10, 50]
[10, 97]
[10, 77]
[10, 30]
[10, 55]
[10, 81]
[10, 78]
[10, 49]
[10, 28]
[10, 112]
[10, 42]
[10, 64]
[10, 131]
[10, 133]
[10, 88]
[10, 40]
[10, 37]
[10, 35]
[10, 118]
[10, 137]
[10, 117]
[10, 52]
[10, 139]
[9, 10]
[10, 71]
[10, 87]
[10, 111]
[10, 92]
[10, 100]
[45, 126]
[86, 118]
[86, 137]
[45, 86]
[39, 141]
[39, 107]
[3, 39]
[39, 94]
[39, 103]
[23, 39]
[39, 56]
[39, 108]
[13, 39]
[7, 39]
[28, 39]
[39, 75]
[4, 39]
[39, 137]
[39, 111]
[39, 100]
[7, 57]
[57, 68]
[57, 125]
[57, 93]
[57, 75]
[32, 39]
[39, 84]
[6, 45]
[19, 45]
[45, 88]
[27, 45]
[45, 63]
[45, 114]
[12, 45]
[45, 99]
[45, 142]
[45, 83]
[45, 77]
[45, 81]
[45, 52]
[45, 89]
[30, 45]
[45, 78]
[37, 45]
[33, 45]
[45, 134]
[45, 90]
[45, 107]
[45, 120]
[42, 45]
[45, 117]
[45, 112]
[45, 131]
[45, 97]
[35, 45]
[9, 45]
[45, 137]
[45, 71]
[45, 108]
[45, 68]
[45, 125]
[45, 111]
[32, 45]
[57, 84]
[61, 78]
[61, 128]
[61, 127]
[47, 61]
[49, 61]
[61, 73]
[61, 83]
[61, 133]
[61, 114]
[61, 92]
[13, 61]
[61, 140]
[12, 61]
[61, 118]
[61, 99]
[61, 81]
[61, 100]
[61, 93]
[37, 61]
[33, 61]
[61, 90]
[39, 61]
[61, 112]
[61, 131]
[35, 61]
[9, 61]
[61, 137]
[61, 111]
[61, 68]
[32, 61]
[18, 119]
[119, 130]
[60, 119]
[11, 119]
[44, 119]
[1, 119]
[66, 119]
[21, 119]
[20, 119]
[2, 119]
[65, 119]
[46, 119]
[8, 119]
[38, 119]
[105, 119]
[119, 135]
[110, 119]
[72, 119]
[54, 119]
[50, 119]
[74, 119]
[94, 119]
[14, 119]
[19, 119]
[7, 119]
[75, 119]
[119, 138]
[53, 119]
[77, 119]
[119, 126]
[76, 119]
[30, 119]
[63, 119]
[107, 119]
[119, 120]
[119, 124]
[108, 119]
[119, 125]
[40, 119]
[15, 119]
[119, 139]
[56, 119]
[71, 119]
[104, 119]
[52, 119]
[49, 119]
[119, 134]
[114, 119]
[92, 119]
[13, 119]
[73, 119]
[119, 140]
[12, 119]
[118, 119]
[27, 119]
[100, 119]
[61, 119]
[78, 119]
[90, 119]
[112, 119]
[119, 131]
[35, 119]
[68, 119]
[32, 119]
[4, 10]
[10, 84]
[10, 125]
[10, 140]
[10, 61]
[10, 39]
[10, 68]
[10, 32]
[10, 119]
