[3, 5, 10, 17, 22]
[2, 3, 10, 17, 22]
[3, 10, 17, 22, 30]
[1, 7, 13, 22, 30]
[1, 7, 14, 19, 30]
[1, 7, 12, 14, 19]
[23, 24, 34, 38, 43]
[24, 26, 34, 38, 41]
[14, 20, 25, 26, 40]
[5, 14, 20, 26, 40]
[8, 11, 20, 30, 40]
[5, 8, 11, 20, 40]
[3, 5, 10, 17, 20]
[3, 10, 17, 20, 30]
[2, 17, 27, 33, 38]
[5, 12, 16, 17, 22]
[6, 23, 28, 38, 42]
[18, 23, 28, 38, 42]
[18, 28, 30, 38, 42]
[15, 16, 19, 32, 35]
[12, 15, 16, 19, 32]
[15, 16, 19, 20, 32]
[15, 19, 32, 34, 41]
[15, 19, 20, 32, 34]
[11, 12, 15, 19, 32]
[11, 15, 19, 32, 41]
[11, 15, 19, 20, 32]
[15, 19, 32, 34, 35]
[12, 15, 19, 32, 35]
[11, 15, 19, 26, 41]
[11, 12, 15, 19, 26]
[2, 11, 26, 33, 38]
[0, 7, 14, 25, 26]
[0, 21, 23, 27, 33]
[0, 1, 7, 30, 33]
[0, 8, 27, 33, 35]
[0, 7, 12, 14, 25]
[4, 13, 27, 38, 43]
[4, 23, 27, 38, 43]
[2, 8, 18, 31, 34]
[5, 8, 18, 31, 34]
[2, 8, 12, 18, 31]
[0, 1, 7, 12, 14]
[6, 23, 33, 38, 42]
[0, 9, 13, 15, 32]
[18, 28, 30, 39, 42]
[11, 30, 37, 39, 40]
[11, 32, 37, 39, 40]
[4, 11, 37, 39, 40]
[4, 11, 32, 39, 40]
[4, 11, 32, 37, 39]
[1, 6, 13, 37, 39]
[1, 13, 30, 37, 39]
[1, 13, 32, 37, 39]
[4, 6, 13, 37, 39]
[4, 13, 32, 37, 39]
[4, 7, 13, 32, 39]
[4, 6, 13, 22, 37]
[4, 5, 13, 22, 37]
[4, 5, 10, 22, 37]
[0, 5, 9, 13, 35]
[0, 9, 13, 15, 35]
[0, 5, 9, 18, 35]
[3, 5, 10, 22, 37]
[5, 10, 17, 22, 37]
[3, 5, 13, 22, 37]
[3, 6, 13, 22, 37]
[0, 6, 15, 16, 23]
[6, 15, 16, 19, 23]
[3, 6, 15, 16, 19]
[2, 6, 26, 33, 38]
[2, 4, 6, 26, 38]
[4, 6, 13, 26, 38]
[4, 6, 13, 26, 39]
[4, 6, 8, 13, 22]
[2, 4, 6, 8, 22]
[2, 4, 6, 8, 38]
[4, 6, 8, 13, 38]
[4, 8, 13, 27, 38]
[2, 4, 8, 27, 38]
[1, 6, 13, 28, 39]
[1, 13, 28, 30, 39]
[2, 11, 26, 38, 41]
[2, 11, 12, 26, 38]
[2, 8, 11, 12, 38]
[0, 8, 11, 30, 40]
[0, 23, 24, 27, 43]
[0, 23, 24, 27, 29]
[23, 24, 27, 38, 43]
[19, 23, 24, 27, 43]
[8, 11, 19, 30, 40]
[1, 21, 29, 32, 41]
[1, 21, 32, 39, 41]
[14, 20, 21, 25, 40]
[1, 12, 16, 21, 32]
[0, 1, 12, 21, 32]
[0, 9, 13, 15, 26]
[2, 4, 8, 11, 38]
[2, 4, 11, 26, 38]
[3, 20, 30, 37, 42]
[4, 11, 26, 37, 40]
[4, 6, 13, 26, 37]
[4, 13, 22, 37, 43]
[3, 13, 22, 30, 37]
[8, 11, 31, 33, 36]
[0, 8, 11, 31, 33]
[0, 8, 27, 31, 33]
[0, 9, 26, 29, 31]
[0, 23, 27, 29, 31]
[1, 29, 32, 34, 41]
[1, 32, 34, 39, 41]
[1, 19, 32, 34, 41]
[1, 32, 34, 37, 41]
[1, 34, 37, 39, 41]
[4, 14, 26, 39, 40]
[4, 6, 14, 26, 39]
[4, 7, 14, 26, 39]
[4, 11, 26, 39, 40]
[2, 4, 8, 11, 32]
[2, 8, 11, 12, 32]
[0, 9, 18, 29, 32]
[2, 12, 17, 26, 38]
[0, 9, 13, 26, 35]
[19, 27, 32, 35, 40]
[9, 13, 26, 37, 39]
[11, 26, 37, 39, 40]
[3, 17, 22, 30, 37]
[3, 17, 20, 30, 37]
[13, 30, 37, 39, 43]
[13, 22, 30, 37, 43]
[30, 37, 39, 42, 43]
[4, 11, 26, 37, 39]
[4, 11, 32, 37, 40]
[11, 32, 37, 39, 41]
[11, 26, 37, 39, 41]
[26, 34, 37, 39, 41]
[2, 26, 34, 38, 41]
[13, 26, 34, 37, 39]
[13, 34, 37, 39, 43]
[4, 13, 26, 37, 39]
[2, 8, 27, 33, 38]
[4, 26, 37, 39, 40]
[6, 13, 26, 37, 39]
[4, 6, 26, 37, 39]
[4, 13, 37, 39, 43]
[2, 8, 10, 18, 38]
[3, 5, 16, 17, 37]
[3, 5, 16, 17, 22]
[9, 13, 32, 37, 39]
[13, 32, 34, 37, 39]
[1, 13, 34, 37, 39]
[1, 13, 32, 34, 37]
[1, 13, 22, 30, 37]
[1, 32, 37, 39, 41]
[32, 34, 37, 39, 41]
[1, 32, 34, 37, 39]
[1, 6, 13, 22, 37]
[1, 13, 32, 34, 39]
[0, 8, 13, 27, 32]
[0, 8, 11, 12, 32]
[8, 11, 12, 19, 32]
[8, 11, 19, 32, 40]
[8, 19, 27, 32, 40]
[0, 8, 27, 32, 40]
[0, 8, 11, 32, 40]
[4, 8, 11, 32, 40]
[4, 8, 27, 32, 40]
[4, 8, 13, 27, 32]
[2, 4, 8, 27, 32]
[4, 32, 37, 39, 40]
[0, 27, 32, 35, 40]
[0, 13, 27, 32, 35]
[0, 9, 13, 32, 35]
[0, 1, 13, 32, 35]
[0, 1, 12, 32, 35]
[1, 12, 19, 32, 35]
[1, 19, 32, 34, 35]
[1, 13, 32, 34, 35]
[0, 1, 32, 33, 35]
[1, 19, 32, 33, 35]
[19, 27, 32, 33, 35]
[0, 27, 32, 33, 35]
[2, 17, 26, 33, 38]
[3, 5, 17, 22, 37]
[5, 9, 13, 26, 37]
[0, 12, 18, 32, 35]
[2, 18, 34, 38, 41]
[18, 29, 32, 34, 41]
[24, 29, 32, 34, 41]
[19, 24, 32, 34, 41]
[2, 18, 32, 34, 41]
[19, 24, 26, 34, 41]
[18, 32, 34, 39, 41]
[0, 23, 27, 31, 33]
[19, 23, 27, 31, 33]
[0, 11, 26, 31, 33]
[11, 19, 26, 31, 33]
[0, 11, 12, 26, 31]
[26, 29, 31, 34, 41]
[10, 17, 20, 26, 37]
[10, 19, 20, 26, 31]
[8, 19, 27, 31, 33]
[8, 11, 19, 31, 33]
[8, 11, 12, 19, 31]
[0, 8, 11, 12, 31]
[0, 8, 11, 32, 33]
[0, 8, 11, 30, 33]
[8, 11, 19, 32, 33]
[8, 11, 30, 33, 38]
[8, 11, 19, 30, 33]
[8, 19, 27, 32, 33]
[0, 8, 27, 32, 33]
[2, 8, 27, 32, 33]
[8, 19, 20, 32, 40]
[8, 19, 20, 30, 40]
[8, 11, 20, 32, 40]
[8, 11, 19, 20, 32]
[8, 11, 19, 20, 40]
[4, 8, 13, 22, 25]
[4, 8, 13, 25, 32]
[3, 14, 20, 21, 25]
[2, 4, 8, 10, 38]
[3, 10, 20, 32, 37]
[3, 10, 20, 30, 37]
[3, 10, 19, 20, 30]
[3, 10, 19, 20, 32]
[3, 10, 17, 20, 37]
[5, 10, 20, 26, 34]
[5, 10, 19, 20, 34]
[0, 5, 12, 14, 26]
[0, 5, 14, 26, 40]
[2, 10, 26, 34, 38]
[1, 21, 28, 29, 41]
[1, 13, 21, 28, 39]
[19, 21, 23, 27, 33]
[19, 21, 23, 27, 43]
[23, 24, 38, 42, 43]
[24, 30, 38, 42, 43]
[1, 21, 28, 39, 41]
[0, 13, 21, 27, 43]
[0, 21, 23, 27, 29]
[0, 21, 23, 27, 43]
[0, 1, 7, 13, 30]
[11, 19, 26, 31, 41]
[11, 12, 19, 26, 31]
[1, 19, 21, 32, 33]
[1, 21, 32, 33, 39]
[1, 13, 21, 32, 39]
[1, 19, 21, 32, 41]
[21, 23, 25, 42, 43]
[21, 25, 39, 42, 43]
[0, 12, 16, 25, 35]
[0, 16, 25, 35, 40]
[0, 12, 16, 24, 25]
[0, 16, 24, 25, 43]
[0, 16, 23, 24, 25]
[2, 11, 26, 31, 33]
[2, 11, 26, 31, 41]
[2, 11, 12, 26, 31]
[9, 21, 37, 39, 42]
[21, 37, 39, 42, 43]
[19, 26, 31, 34, 41]
[9, 13, 21, 37, 39]
[1, 13, 21, 37, 39]
[13, 21, 37, 39, 43]
[1, 21, 37, 39, 41]
[4, 13, 25, 39, 43]
[13, 25, 34, 39, 43]
[13, 21, 25, 39, 43]
[0, 13, 21, 25, 43]
[0, 21, 23, 25, 43]
[4, 13, 22, 25, 43]
[3, 13, 25, 32, 35]
[19, 21, 27, 32, 33]
[13, 25, 32, 34, 39]
[4, 13, 25, 32, 39]
[1, 12, 19, 21, 32]
[0, 1, 13, 21, 32]
[1, 21, 32, 37, 41]
[3, 20, 21, 25, 42]
[3, 20, 21, 37, 42]
[11, 19, 20, 30, 40]
[11, 20, 30, 37, 40]
[5, 11, 19, 20, 40]
[4, 5, 11, 37, 40]
[3, 5, 17, 20, 37]
[5, 11, 20, 37, 40]
[0, 5, 11, 12, 26]
[0, 5, 9, 26, 29]
[5, 11, 12, 19, 26]
[4, 5, 11, 26, 37]
[0, 5, 9, 13, 26]
[5, 11, 20, 26, 37]
[5, 11, 19, 20, 26]
[4, 13, 25, 26, 39]
[4, 5, 13, 26, 37]
[23, 24, 25, 42, 43]
[2, 11, 15, 26, 31]
[4, 7, 13, 25, 32]
[5, 18, 23, 29, 34]
[18, 23, 24, 29, 34]
[18, 23, 24, 25, 34]
[5, 10, 18, 31, 34]
[1, 7, 19, 30, 33]
[0, 7, 12, 25, 26]
[4, 7, 13, 22, 25]
[16, 20, 21, 25, 40]
[4, 14, 25, 26, 40]
[5, 11, 26, 37, 40]
[24, 26, 29, 34, 41]
[0, 12, 24, 25, 26]
[11, 19, 20, 26, 40]
[19, 23, 24, 34, 43]
[23, 24, 25, 34, 43]
[0, 23, 24, 25, 43]
[4, 25, 26, 39, 40]
[4, 14, 25, 39, 40]
[14, 25, 26, 39, 40]
[0, 14, 25, 26, 40]
[14, 21, 25, 39, 40]
[4, 14, 25, 39, 43]
[16, 21, 23, 25, 43]
[0, 16, 21, 25, 43]
[16, 19, 21, 23, 43]
[1, 12, 14, 19, 21]
[0, 1, 12, 14, 21]
[14, 19, 24, 30, 43]
[3, 14, 19, 24, 30]
[12, 14, 19, 24, 26]
[0, 14, 24, 30, 43]
[0, 12, 14, 24, 26]
[0, 14, 24, 25, 43]
[0, 12, 14, 24, 25]
[0, 1, 7, 14, 30]
[0, 7, 12, 14, 26]
[7, 12, 14, 19, 26]
[7, 12, 14, 25, 26]
[4, 7, 14, 25, 26]
[1, 7, 14, 30, 39]
[7, 14, 25, 26, 39]
[4, 7, 14, 25, 39]
[2, 8, 10, 22, 31]
[2, 3, 10, 22, 31]
[2, 10, 26, 31, 34]
[10, 19, 26, 31, 34]
[8, 10, 19, 31, 34]
[2, 8, 10, 31, 34]
[5, 8, 10, 31, 34]
[8, 10, 20, 31, 34]
[8, 10, 19, 20, 34]
[5, 8, 10, 20, 34]
[8, 10, 20, 25, 34]
[2, 8, 10, 34, 38]
[2, 4, 8, 10, 22]
[2, 6, 8, 33, 38]
[2, 8, 27, 33, 44]
[4, 10, 22, 37, 43]
[3, 10, 17, 22, 37]
[3, 10, 22, 30, 37]
[3, 10, 17, 30, 37]
[10, 17, 22, 30, 37]
[10, 22, 30, 37, 43]
[3, 5, 10, 17, 37]
[4, 5, 14, 26, 40]
[14, 19, 20, 21, 40]
[4, 5, 11, 26, 40]
[0, 5, 11, 26, 40]
[5, 11, 19, 26, 40]
[5, 14, 19, 26, 40]
[5, 14, 19, 20, 26]
[5, 19, 20, 26, 31]
[3, 5, 19, 20, 31]
[5, 19, 20, 26, 40]
[14, 19, 20, 30, 40]
[3, 14, 19, 20, 30]
[3, 5, 14, 19, 20]
[5, 14, 19, 20, 40]
[3, 14, 19, 20, 21]
[5, 11, 19, 20, 31]
[5, 8, 19, 20, 34]
[5, 8, 19, 31, 34]
[8, 19, 20, 31, 34]
[5, 11, 12, 19, 31]
[0, 8, 12, 18, 25]
[8, 10, 18, 25, 34]
[3, 15, 19, 20, 31]
[8, 11, 19, 20, 30]
[5, 8, 19, 20, 40]
[5, 8, 11, 19, 20]
[2, 8, 11, 33, 38]
[4, 5, 26, 37, 40]
[1, 7, 13, 30, 39]
[1, 7, 30, 33, 39]
[0, 5, 8, 11, 12]
[0, 5, 8, 11, 40]
[18, 24, 30, 38, 42]
[18, 24, 34, 38, 41]
[18, 23, 24, 34, 38]
[18, 23, 24, 38, 42]
[3, 18, 24, 30, 42]
[5, 8, 11, 19, 40]
[4, 5, 8, 11, 40]
[5, 8, 11, 12, 19]
[4, 5, 8, 13, 22]
[15, 19, 26, 34, 41]
[5, 13, 26, 34, 37]
[1, 7, 19, 32, 33]
[1, 7, 12, 19, 32]
[0, 1, 7, 32, 33]
[0, 1, 7, 12, 32]
[1, 7, 32, 33, 39]
[0, 1, 7, 13, 32]
[1, 7, 13, 32, 39]
[0, 7, 9, 13, 32]
[7, 9, 13, 32, 39]
[2, 8, 11, 32, 33]
[0, 1, 21, 32, 33]
[0, 21, 27, 32, 33]
[1, 21, 32, 37, 39]
[0, 1, 21, 29, 32]
[2, 4, 6, 15, 26]
[0, 9, 21, 29, 32]
[0, 21, 27, 29, 32]
[0, 7, 9, 13, 26]
[0, 21, 27, 32, 40]
[8, 10, 19, 32, 34]
[3, 13, 21, 32, 37]
[0, 5, 8, 12, 31]
[13, 21, 32, 37, 39]
[0, 9, 13, 21, 32]
[9, 13, 21, 32, 39]
[21, 32, 37, 39, 40]
[2, 10, 17, 26, 38]
[2, 8, 10, 32, 34]
[1, 13, 21, 32, 37]
[21, 32, 37, 39, 41]
[4, 25, 32, 39, 40]
[4, 7, 25, 32, 39]
[4, 7, 25, 26, 39]
[4, 8, 10, 25, 32]
[4, 8, 10, 22, 25]
[2, 4, 10, 26, 38]
[2, 4, 8, 10, 32]
[2, 26, 31, 34, 41]
[2, 8, 11, 31, 33]
[2, 8, 11, 12, 31]
[9, 21, 32, 37, 39]
[2, 8, 12, 22, 31]
[0, 24, 27, 29, 32]
[10, 17, 20, 30, 37]
[2, 8, 27, 31, 33]
[19, 21, 27, 32, 40]
[5, 10, 19, 26, 34]
[5, 12, 14, 19, 26]
[5, 19, 23, 31, 34]
[0, 13, 21, 27, 32]
[9, 13, 21, 32, 37]
[7, 9, 13, 26, 39]
[4, 7, 13, 26, 39]
[5, 10, 26, 34, 37]
[0, 11, 12, 15, 32]
[2, 11, 15, 32, 41]
[11, 15, 19, 31, 41]
[5, 10, 17, 26, 37]
[0, 8, 25, 32, 40]
[4, 8, 25, 32, 40]
[5, 9, 26, 29, 31]
[5, 26, 29, 31, 34]
[4, 10, 22, 25, 43]
[0, 7, 12, 25, 32]
[0, 14, 21, 25, 43]
[5, 8, 11, 19, 31]
[0, 5, 8, 11, 31]
[0, 5, 26, 29, 31]
[0, 5, 11, 26, 31]
[2, 15, 32, 34, 41]
[2, 15, 26, 34, 41]
[2, 11, 15, 26, 41]
[2, 4, 11, 15, 26]
[0, 11, 12, 15, 26]
[2, 11, 12, 15, 26]
[2, 11, 12, 15, 32]
[0, 6, 13, 15, 26]
[4, 6, 13, 15, 26]
[4, 5, 10, 26, 37]
[4, 5, 8, 10, 22]
[5, 8, 10, 22, 31]
[3, 5, 10, 22, 31]
[5, 10, 26, 31, 34]
[0, 5, 9, 26, 31]
[0, 5, 9, 29, 31]
[5, 10, 19, 31, 34]
[5, 8, 10, 19, 31]
[3, 5, 10, 19, 31]
[5, 10, 19, 26, 31]
[11, 15, 19, 26, 31]
[14, 21, 25, 39, 43]
[0, 14, 21, 25, 40]
[0, 14, 24, 25, 26]
[5, 23, 29, 31, 34]
[0, 5, 23, 29, 31]
[4, 7, 13, 25, 39]
[5, 20, 29, 31, 34]
[18, 24, 29, 34, 41]
[5, 18, 29, 31, 34]
[18, 23, 29, 31, 34]
[18, 29, 31, 34, 41]
[2, 18, 31, 34, 41]
[5, 18, 23, 31, 34]
[5, 18, 23, 29, 31]
[5, 18, 23, 28, 29]
[5, 19, 20, 31, 34]
[16, 19, 23, 24, 43]
[0, 16, 23, 24, 43]
[0, 16, 21, 23, 43]
[3, 16, 17, 22, 37]
[5, 8, 20, 31, 34]
[5, 11, 20, 26, 40]
[11, 20, 26, 37, 40]
[0, 7, 13, 25, 26]
[0, 12, 15, 16, 32]
[3, 15, 16, 19, 32]
[0, 5, 18, 23, 31]
[0, 5, 9, 18, 31]
[0, 5, 18, 29, 31]
[0, 7, 13, 25, 32]
[5, 8, 11, 12, 31]
[5, 8, 12, 22, 31]
[5, 8, 12, 19, 31]
[7, 13, 25, 26, 39]
[4, 14, 25, 26, 39]
[4, 7, 13, 25, 26]
[5, 11, 19, 26, 31]
[0, 7, 9, 13, 35]
[0, 1, 7, 13, 35]
[14, 19, 20, 26, 40]
[5, 20, 26, 37, 40]
[5, 17, 20, 26, 37]
[5, 8, 10, 20, 31]
[8, 10, 19, 20, 31]
[0, 9, 15, 26, 31]
[16, 23, 24, 25, 43]
[3, 5, 16, 22, 37]
[16, 23, 24, 38, 43]
[2, 11, 15, 31, 41]
[5, 9, 18, 29, 31]
[2, 15, 26, 31, 41]
[0, 5, 8, 18, 31]
[15, 19, 20, 26, 31]
[11, 15, 19, 20, 26]
[5, 16, 17, 22, 37]
[1, 6, 16, 22, 37]
[3, 6, 16, 22, 37]
[1, 12, 16, 19, 21]
[5, 11, 12, 26, 31]
[11, 12, 15, 19, 31]
[5, 12, 19, 26, 31]
[12, 16, 19, 21, 32]
[16, 19, 21, 32, 40]
[1, 16, 19, 21, 32]
[1, 16, 21, 32, 37]
[0, 13, 21, 25, 32]
[2, 11, 12, 15, 31]
[0, 11, 12, 15, 31]
[2, 4, 11, 15, 32]
[0, 1, 12, 16, 32]
[0, 12, 16, 24, 32]
[0, 12, 16, 21, 32]
[0, 1, 16, 21, 32]
[0, 5, 11, 12, 31]
[0, 16, 21, 32, 40]
[1, 12, 16, 19, 32]
[16, 21, 32, 37, 40]
[12, 15, 16, 19, 35]
[8, 27, 32, 35, 40]
[8, 19, 27, 35, 40]
[5, 8, 19, 35, 40]
[8, 25, 32, 35, 40]
[16, 25, 32, 35, 40]
[1, 7, 12, 19, 35]
[5, 8, 12, 19, 35]
[3, 16, 21, 32, 37]
[3, 16, 19, 21, 32]
[3, 15, 19, 20, 32]
[3, 19, 20, 21, 32]
[16, 19, 20, 21, 32]
[5, 8, 10, 18, 34]
[20, 21, 32, 37, 40]
[5, 8, 10, 19, 34]
[10, 19, 20, 31, 34]
[15, 19, 31, 34, 41]
[15, 19, 23, 31, 34]
[2, 15, 31, 34, 41]
[3, 15, 20, 31, 36]
[11, 15, 20, 31, 36]
[8, 13, 25, 32, 34]
[12, 16, 19, 24, 32]
[3, 16, 19, 24, 32]
[12, 16, 24, 25, 32]
[3, 16, 24, 25, 32]
[12, 16, 21, 25, 32]
[3, 16, 21, 25, 32]
[16, 21, 25, 32, 40]
[21, 25, 32, 39, 40]
[13, 21, 25, 32, 39]
[15, 19, 20, 31, 34]
[11, 15, 19, 20, 31]
[8, 11, 19, 20, 31]
[5, 8, 19, 20, 31]
[5, 10, 19, 20, 31]
[3, 10, 19, 20, 31]
[5, 10, 20, 31, 34]
[5, 10, 20, 34, 37]
[8, 10, 25, 32, 34]
[7, 13, 25, 32, 39]
[3, 13, 21, 25, 32]
[13, 25, 26, 34, 39]
[2, 15, 26, 31, 34]
[15, 26, 31, 34, 41]
[11, 15, 26, 31, 41]
[15, 19, 26, 31, 41]
[15, 19, 26, 31, 34]
[5, 19, 26, 31, 34]
[12, 15, 19, 26, 31]
[12, 14, 24, 25, 26]
[11, 12, 15, 26, 31]
[2, 12, 15, 17, 26]
[2, 12, 15, 26, 31]
[0, 8, 12, 25, 32]
[0, 12, 14, 25, 26]
[0, 12, 14, 21, 25]
[0, 5, 12, 26, 31]
[0, 12, 15, 26, 31]
[0, 11, 15, 26, 31]
[5, 20, 26, 31, 34]
[3, 5, 10, 18, 31]
[8, 10, 19, 20, 30]
[10, 20, 26, 34, 37]
[3, 15, 16, 32, 35]
[0, 8, 13, 25, 32]
[0, 12, 24, 25, 32]
[0, 12, 21, 25, 32]
[0, 1, 12, 16, 21]
[0, 21, 25, 32, 40]
[13, 15, 32, 34, 35]
[3, 15, 19, 32, 35]
[0, 8, 18, 25, 32]
[8, 10, 18, 25, 32]
[3, 5, 10, 19, 20]
[0, 5, 18, 23, 29]
[5, 8, 10, 18, 31]
[0, 5, 9, 18, 29]
[0, 8, 27, 35, 40]
[0, 7, 13, 26, 35]
[9, 13, 15, 32, 35]
[3, 13, 15, 32, 35]
[8, 13, 32, 34, 35]
[1, 7, 13, 32, 35]
[7, 9, 13, 32, 35]
[0, 8, 13, 32, 35]
[0, 7, 13, 32, 35]
[8, 13, 27, 32, 35]
[8, 27, 32, 33, 35]
[0, 8, 27, 32, 35]
[0, 8, 32, 35, 40]
[0, 8, 32, 33, 35]
[0, 5, 12, 18, 31]
[0, 18, 23, 24, 29]
[8, 10, 18, 31, 34]
[2, 8, 10, 18, 31]
[0, 18, 24, 29, 30]
[2, 10, 18, 34, 38]
[2, 3, 10, 18, 31]
[2, 10, 18, 31, 34]
[0, 9, 18, 29, 31]
[18, 24, 29, 32, 41]
[0, 18, 23, 29, 31]
[0, 12, 15, 26, 35]
[12, 15, 17, 26, 35]
[9, 13, 15, 26, 35]
[0, 16, 23, 25, 43]
[0, 16, 21, 23, 25]
[2, 8, 10, 18, 34]
[8, 10, 18, 34, 38]
[2, 8, 18, 34, 38]
[20, 26, 29, 31, 34]
[19, 20, 26, 31, 34]
[0, 8, 12, 18, 31]
[0, 5, 8, 12, 18]
[5, 8, 12, 18, 31]
[2, 8, 12, 18, 38]
[8, 10, 18, 30, 38]
[0, 8, 18, 32, 35]
[8, 12, 18, 32, 35]
[0, 8, 12, 32, 35]
[0, 8, 12, 18, 35]
[5, 8, 12, 18, 35]
[0, 8, 13, 27, 35]
[8, 12, 18, 25, 35]
[3, 18, 25, 35, 42]
[10, 20, 26, 31, 34]
[16, 20, 21, 37, 40]
[7, 12, 25, 26, 35]
[7, 13, 25, 26, 35]
[0, 25, 26, 35, 40]
[0, 9, 15, 26, 35]
[12, 15, 19, 26, 35]
[8, 27, 33, 35, 44]
[8, 19, 27, 33, 35]
[11, 15, 20, 26, 31]
[8, 11, 20, 31, 36]
[16, 19, 20, 21, 40]
[0, 16, 21, 25, 40]
[0, 12, 16, 21, 25]
[0, 12, 18, 24, 25]
[0, 18, 23, 24, 25]
[18, 23, 24, 25, 42]
[3, 18, 24, 25, 42]
[0, 8, 18, 25, 35]
[0, 13, 15, 26, 35]
[3, 15, 16, 19, 20]
[3, 16, 19, 20, 21]
[7, 9, 13, 26, 35]
[11, 19, 20, 26, 31]
[10, 19, 20, 26, 34]
[8, 18, 25, 34, 35]
[13, 25, 26, 34, 35]
[15, 19, 20, 26, 34]
[0, 7, 9, 26, 35]
[0, 12, 15, 16, 35]
[8, 13, 25, 34, 35]
[0, 1, 7, 12, 35]
[0, 1, 7, 33, 35]
[13, 15, 26, 34, 35]
[0, 7, 12, 26, 35]
[10, 20, 25, 26, 34]
[3, 16, 20, 21, 25]
[0, 12, 25, 26, 35]
[1, 7, 19, 33, 35]
[15, 19, 26, 34, 35]
[0, 7, 26, 33, 35]
[7, 19, 26, 33, 35]
[7, 12, 19, 26, 35]
[5, 19, 26, 34, 35]
[5, 13, 26, 34, 35]
[15, 20, 26, 31, 34]
[5, 9, 13, 26, 35]
[5, 12, 17, 26, 35]
[0, 5, 8, 18, 35]
[0, 5, 8, 13, 35]
[0, 5, 13, 26, 35]
[0, 5, 26, 35, 40]
[0, 7, 25, 26, 35]
[0, 13, 25, 26, 35]
[5, 10, 20, 26, 37]
[5, 10, 17, 20, 26]
[5, 10, 19, 20, 26]
[5, 20, 26, 29, 34]
[0, 5, 12, 26, 35]
[0, 1, 12, 16, 35]
[0, 5, 16, 35, 40]
[5, 16, 19, 35, 40]
[5, 16, 19, 20, 40]
[3, 5, 16, 19, 35]
[3, 15, 16, 19, 35]
[3, 5, 16, 19, 20]
[3, 5, 16, 17, 35]
[3, 5, 16, 17, 20]
[0, 7, 13, 25, 35]
[3, 16, 17, 20, 37]
[3, 5, 10, 20, 31]
[3, 5, 10, 20, 37]
[3, 16, 20, 21, 37]
[5, 10, 17, 20, 37]
[0, 5, 12, 16, 35]
[5, 16, 20, 37, 40]
[5, 12, 16, 19, 35]
[5, 12, 19, 26, 35]
[5, 19, 20, 26, 34]
[0, 5, 9, 26, 35]
[5, 11, 20, 26, 31]
[5, 19, 26, 35, 40]
[5, 8, 18, 34, 35]
[5, 8, 12, 35, 44]
[0, 5, 8, 12, 35]
[5, 12, 16, 17, 35]
[12, 15, 16, 17, 35]
[1, 12, 16, 32, 35]
[8, 18, 32, 34, 35]
[1, 7, 32, 33, 35]
[1, 7, 12, 32, 35]
[0, 7, 9, 32, 35]
[0, 1, 7, 32, 35]
[0, 5, 12, 18, 35]
[3, 15, 16, 17, 35]
[1, 12, 16, 19, 35]
[0, 7, 12, 25, 35]
[5, 8, 10, 19, 20]
[0, 8, 13, 25, 35]
[0, 8, 25, 35, 40]
[0, 8, 12, 25, 35]
[0, 12, 18, 25, 35]
[5, 8, 11, 20, 31]
[3, 15, 16, 17, 20]
[3, 5, 16, 20, 37]
[7, 19, 32, 33, 35]
[5, 20, 26, 34, 37]
[5, 10, 20, 26, 31]
[5, 20, 26, 29, 31]
[5, 8, 13, 34, 35]
[5, 8, 19, 34, 35]
[0, 5, 8, 35, 40]
[5, 16, 17, 20, 37]
[8, 19, 20, 32, 34]
[2, 8, 18, 32, 34]
[8, 19, 32, 34, 35]
[18, 24, 29, 32, 34]
[18, 24, 32, 34, 41]
[12, 15, 16, 32, 35]
[0, 15, 16, 32, 35]
[0, 7, 32, 33, 35]
[8, 10, 18, 32, 34]
[2, 8, 10, 18, 32]
[2, 8, 12, 18, 32]
[2, 10, 18, 32, 34]
[2, 3, 10, 18, 32]
[0, 12, 18, 24, 32]
[7, 12, 19, 32, 35]
[3, 16, 19, 32, 35]
[1, 7, 19, 32, 35]
[16, 19, 32, 35, 40]
[1, 16, 19, 32, 35]
[0, 9, 18, 32, 35]
[0, 9, 15, 32, 35]
[3, 20, 21, 32, 37]
[10, 20, 32, 34, 37]
[11, 20, 32, 37, 40]
[16, 20, 21, 32, 40]
[16, 19, 20, 32, 40]
[10, 19, 20, 32, 34]
[8, 10, 19, 20, 32]
[16, 20, 32, 37, 40]
[0, 16, 32, 35, 40]
[8, 10, 20, 32, 34]
[8, 19, 27, 32, 35]
[8, 19, 32, 33, 35]
[0, 13, 15, 32, 35]
[3, 16, 19, 20, 32]
[16, 20, 21, 32, 37]
[3, 16, 20, 21, 32]
[3, 15, 16, 20, 32]
[3, 16, 20, 32, 37]
[11, 19, 20, 32, 40]
[0, 8, 12, 18, 32]
[19, 20, 21, 32, 40]
[0, 18, 24, 29, 32]
[3, 18, 24, 25, 32]
[0, 7, 12, 32, 35]
[0, 12, 15, 32, 35]
[0, 12, 16, 32, 35]
[12, 16, 19, 32, 35]
[8, 12, 19, 32, 35]
[8, 19, 32, 35, 40]
[8, 18, 25, 32, 34]
[0, 1, 16, 32, 35]
[8, 10, 20, 25, 32]
[8, 20, 25, 32, 40]
[8, 20, 25, 32, 34]
[8, 18, 25, 32, 35]
[8, 25, 32, 34, 35]
[8, 13, 25, 32, 35]
[8, 12, 18, 25, 32]
[0, 8, 25, 32, 35]
[8, 12, 25, 32, 35]
[3, 10, 18, 25, 32]
[3, 18, 25, 32, 35]
[3, 10, 20, 25, 32]
[3, 20, 21, 25, 32]
[20, 21, 25, 32, 40]
[16, 20, 21, 25, 32]
[0, 18, 25, 32, 35]
[0, 25, 32, 35, 40]
[7, 13, 25, 32, 35]
[0, 13, 25, 32, 35]
[0, 7, 25, 32, 35]
[0, 18, 24, 25, 32]
[3, 16, 25, 32, 35]
[3, 16, 20, 25, 32]
[0, 12, 18, 25, 32]
[0, 12, 25, 32, 35]
[12, 18, 24, 25, 32]
[12, 18, 25, 32, 35]
[7, 12, 25, 32, 35]
[12, 16, 25, 32, 35]
[0, 12, 16, 25, 32]
[18, 25, 32, 34, 35]
[18, 25, 32, 34, 39]
[16, 20, 25, 32, 40]
[0, 16, 25, 32, 40]
[18, 24, 25, 32, 34]
[10, 18, 25, 32, 34]
[13, 25, 32, 34, 35]
[10, 20, 25, 32, 34]
[0, 16, 25, 32, 35]
[0, 16, 24, 25, 32]
[0, 16, 21, 25, 32]
