[17, 18]
[4, 18]
[3, 18]
[2, 18]
[5, 18]
[10, 18]
[12, 18]
[14, 18]
[15, 18]
[16, 18]
[3, 5]
[2, 5]
[2, 60]
[3, 60]
[18, 60]
[4, 60]
[2, 4]
[1, 4]
[2, 3]
[1, 3]
[3, 59]
[2, 59]
[6, 60]
[11, 60]
[4, 56]
[2, 56]
[1, 56]
[5, 56]
[6, 56]
[12, 56]
[24, 56]
[28, 56]
[31, 56]
[32, 56]
[34, 56]
[36, 56]
[38, 56]
[40, 56]
[45, 56]
[46, 56]
[47, 56]
[49, 56]
[50, 56]
[53, 56]
[54, 56]
[55, 56]
[11, 28]
[10, 59]
[1, 59]
[4, 59]
[6, 59]
[9, 59]
[12, 59]
[13, 59]
[14, 59]
[15, 59]
[17, 59]
[18, 59]
[20, 59]
[22, 59]
[23, 59]
[25, 59]
[26, 59]
[27, 59]
[28, 59]
[30, 59]
[31, 59]
[37, 59]
[38, 59]
[39, 59]
[59, 111]
[49, 59]
[59, 114]
[59, 67]
[45, 59]
[59, 108]
[59, 100]
[55, 59]
[43, 59]
[59, 125]
[59, 123]
[59, 61]
[59, 119]
[59, 102]
[59, 86]
[59, 63]
[50, 59]
[59, 60]
[59, 96]
[59, 95]
[59, 75]
[56, 59]
[59, 89]
[59, 76]
[59, 64]
[59, 106]
[59, 80]
[59, 68]
[59, 83]
[59, 81]
[59, 66]
[59, 98]
[59, 69]
[47, 59]
[59, 122]
[59, 97]
[59, 91]
[59, 77]
[59, 112]
[59, 62]
[59, 113]
[59, 88]
[59, 128]
[51, 59]
[46, 59]
[48, 59]
[40, 59]
[0, 59]
[57, 59]
[17, 53]
[9, 17]
[9, 19]
[9, 42]
[18, 21]
[18, 94]
[18, 90]
[18, 78]
[18, 29]
[18, 35]
[18, 117]
[18, 115]
[18, 87]
[18, 84]
[18, 79]
[18, 52]
[18, 32]
[18, 27]
[18, 85]
[18, 31]
[18, 107]
[18, 105]
[18, 103]
[18, 24]
[18, 118]
[18, 33]
[18, 109]
[18, 110]
[18, 116]
[18, 126]
[41, 93]
[9, 93]
[39, 93]
[93, 99]
[93, 101]
[7, 93]
[16, 93]
[72, 93]
[9, 121]
[42, 121]
[1, 121]
[44, 121]
[99, 121]
[7, 121]
[41, 121]
[53, 121]
[58, 121]
[16, 121]
[5, 42]
[1, 5]
[5, 9]
[19, 42]
[1, 42]
[19, 58]
[42, 58]
[17, 20]
[20, 41]
[17, 41]
[17, 42]
[9, 44]
[42, 44]
[5, 17]
[16, 60]
[7, 16]
[80, 122]
[108, 122]
[121, 122]
[7, 122]
[10, 20]
[7, 10]
[9, 10]
[10, 42]
[5, 10]
[10, 44]
[10, 99]
[10, 58]
[10, 72]
[10, 127]
[6, 10]
[2, 10]
[10, 124]
[10, 120]
[10, 34]
[10, 14]
[10, 74]
[10, 104]
[10, 70]
[10, 13]
[10, 78]
[10, 21]
[10, 117]
[10, 115]
[10, 87]
[10, 84]
[10, 52]
[10, 32]
[10, 105]
[10, 24]
[10, 118]
[10, 33]
[1, 44]
[5, 44]
[19, 57]
[9, 57]
[5, 58]
[44, 58]
[58, 99]
[7, 58]
[41, 58]
[53, 58]
[7, 9]
[7, 42]
[19, 39]
[1, 39]
[17, 99]
[17, 60]
[9, 39]
[19, 61]
[1, 61]
[9, 61]
[5, 61]
[39, 61]
[61, 99]
[41, 61]
[53, 61]
[16, 61]
[61, 72]
[61, 93]
[26, 61]
[36, 61]
[25, 61]
[61, 120]
[61, 82]
[61, 73]
[34, 61]
[4, 61]
[61, 92]
[61, 74]
[61, 104]
[61, 70]
[13, 61]
[61, 94]
[21, 61]
[61, 79]
[61, 103]
[33, 61]
[10, 61]
[61, 110]
[61, 126]
[15, 61]
[12, 61]
[38, 61]
[22, 61]
[28, 61]
[61, 111]
[61, 114]
[61, 67]
[55, 61]
[43, 61]
[14, 27]
[9, 27]
[27, 42]
[5, 27]
[27, 44]
[27, 99]
[27, 101]
[27, 41]
[16, 27]
[27, 121]
[27, 72]
[27, 93]
[27, 54]
[27, 36]
[2, 27]
[27, 124]
[3, 27]
[27, 120]
[27, 30]
[27, 92]
[27, 104]
[27, 94]
[27, 35]
[27, 79]
[27, 32]
[19, 52]
[42, 52]
[9, 52]
[5, 52]
[52, 99]
[52, 101]
[52, 53]
[52, 121]
[52, 72]
[11, 52]
[36, 52]
[6, 52]
[25, 52]
[52, 124]
[3, 52]
[34, 52]
[30, 52]
[52, 65]
[52, 92]
[52, 78]
[52, 94]
[35, 52]
[52, 117]
[52, 115]
[52, 87]
[9, 84]
[42, 84]
[44, 84]
[84, 99]
[84, 101]
[16, 84]
[72, 84]
[26, 84]
[11, 84]
[6, 84]
[25, 84]
[2, 84]
[3, 84]
[84, 120]
[82, 84]
[73, 84]
[34, 84]
[14, 84]
[74, 84]
[84, 104]
[70, 84]
[71, 84]
[84, 94]
[21, 84]
[17, 90]
[39, 90]
[19, 90]
[1, 90]
[44, 90]
[90, 101]
[41, 90]
[58, 90]
[90, 121]
[72, 90]
[54, 90]
[26, 90]
[36, 90]
[6, 90]
[25, 90]
[2, 90]
[82, 90]
[34, 90]
[90, 104]
[78, 90]
[16, 127]
[42, 127]
[5, 127]
[99, 127]
[53, 127]
[58, 127]
[39, 44]
[17, 121]
[54, 60]
[101, 103]
[99, 103]
[17, 127]
[1, 20]
[17, 93]
[20, 121]
[9, 41]
[41, 44]
[9, 99]
[19, 99]
[11, 23]
[26, 115]
[20, 26]
[20, 93]
[22, 26]
[16, 22]
[26, 60]
[19, 24]
[5, 24]
[25, 60]
[6, 19]
[1, 6]
[61, 96]
[18, 23]
[9, 23]
[1, 99]
[61, 64]
[1, 23]
[44, 99]
[61, 89]
[5, 23]
[39, 99]
[61, 76]
[23, 44]
[19, 101]
[61, 80]
[23, 39]
[1, 101]
[24, 44]
[24, 39]
[13, 24]
[24, 99]
[24, 53]
[24, 58]
[24, 72]
[24, 127]
[8, 24]
[24, 120]
[24, 78]
[24, 29]
[24, 117]
[24, 87]
[24, 84]
[13, 19]
[1, 13]
[13, 44]
[7, 13]
[13, 72]
[13, 93]
[13, 127]
[19, 22]
[1, 22]
[22, 42]
[22, 44]
[22, 39]
[22, 99]
[22, 101]
[22, 127]
[8, 22]
[22, 36]
[22, 82]
[22, 120]
[22, 78]
[21, 22]
[22, 29]
[22, 115]
[22, 87]
[22, 84]
[22, 118]
[10, 22]
[18, 22]
[8, 13]
[13, 120]
[13, 73]
[13, 14]
[13, 65]
[42, 101]
[5, 101]
[1, 7]
[5, 7]
[7, 39]
[7, 99]
[39, 41]
[41, 99]
[7, 41]
[19, 53]
[1, 53]
[42, 53]
[39, 53]
[7, 53]
[72, 121]
[17, 73]
[14, 17]
[61, 91]
[17, 29]
[61, 119]
[17, 115]
[61, 63]
[17, 118]
[7, 117]
[7, 72]
[39, 72]
[60, 61]
[20, 117]
[14, 20]
[14, 19]
[5, 14]
[21, 38]
[29, 38]
[16, 21]
[16, 58]
[58, 72]
[44, 72]
[1, 72]
[72, 101]
[72, 99]
[41, 72]
[72, 82]
[9, 82]
[82, 101]
[10, 76]
[9, 76]
[9, 21]
[21, 42]
[5, 21]
[21, 39]
[21, 101]
[21, 99]
[7, 21]
[21, 41]
[21, 53]
[21, 58]
[21, 72]
[21, 121]
[21, 73]
[21, 65]
[21, 29]
[21, 115]
[4, 21]
[21, 30]
[21, 71]
[21, 85]
[21, 107]
[21, 109]
[21, 94]
[54, 58]
[16, 99]
[7, 82]
[82, 121]
[82, 127]
[73, 99]
[19, 73]
[22, 52]
[22, 30]
[22, 71]
[17, 22]
[22, 25]
[22, 49]
[22, 110]
[11, 22]
[22, 124]
[22, 27]
[22, 105]
[22, 116]
[20, 22]
[22, 108]
[22, 100]
[1, 73]
[42, 73]
[14, 39]
[14, 44]
[14, 101]
[39, 73]
[7, 14]
[14, 41]
[73, 101]
[7, 73]
[53, 73]
[72, 73]
[73, 93]
[19, 65]
[42, 65]
[5, 65]
[44, 65]
[65, 101]
[65, 99]
[58, 65]
[65, 72]
[53, 94]
[13, 17]
[20, 90]
[14, 53]
[22, 103]
[5, 94]
[76, 121]
[20, 35]
[3, 11]
[9, 11]
[1, 11]
[11, 44]
[11, 99]
[7, 11]
[11, 58]
[11, 73]
[11, 13]
[11, 127]
[11, 82]
[11, 29]
[11, 24]
[11, 93]
[11, 115]
[11, 74]
[4, 11]
[2, 11]
[11, 96]
[11, 102]
[11, 49]
[11, 20]
[11, 79]
[11, 38]
[11, 67]
[24, 26]
[14, 26]
[26, 39]
[26, 42]
[26, 44]
[1, 26]
[26, 82]
[26, 101]
[26, 41]
[13, 26]
[26, 58]
[26, 73]
[26, 65]
[26, 127]
[17, 26]
[26, 46]
[3, 26]
[26, 111]
[26, 32]
[26, 78]
[5, 26]
[26, 70]
[44, 120]
[1, 120]
[19, 120]
[9, 120]
[82, 120]
[41, 120]
[53, 120]
[72, 120]
[14, 120]
[65, 120]
[120, 127]
[3, 120]
[111, 120]
[14, 82]
[14, 58]
[73, 82]
[56, 101]
[56, 65]
[18, 47]
[44, 47]
[14, 73]
[14, 16]
[16, 41]
[50, 58]
[13, 50]
[16, 73]
[1, 16]
[44, 46]
[1, 46]
[18, 46]
[39, 46]
[10, 38]
[38, 39]
[19, 46]
[61, 62]
[18, 62]
[42, 62]
[1, 62]
[7, 62]
[21, 62]
[62, 82]
[58, 62]
[53, 62]
[62, 72]
[62, 121]
[52, 62]
[62, 73]
[14, 62]
[16, 62]
[46, 62]
[3, 62]
[26, 62]
[62, 101]
[62, 90]
[56, 62]
[62, 70]
[11, 62]
[62, 93]
[62, 74]
[4, 62]
[2, 62]
[62, 78]
[20, 62]
[29, 62]
[38, 62]
[35, 62]
[36, 62]
[62, 110]
[37, 62]
[62, 94]
[62, 92]
[62, 87]
[62, 125]
[62, 81]
[62, 75]
[46, 61]
[46, 82]
[41, 46]
[46, 58]
[46, 72]
[10, 46]
[46, 121]
[14, 46]
[46, 127]
[16, 46]
[3, 16]
[3, 41]
[41, 64]
[18, 64]
[39, 64]
[3, 82]
[1, 64]
[19, 64]
[9, 64]
[7, 64]
[64, 84]
[21, 64]
[13, 64]
[58, 64]
[53, 64]
[64, 72]
[17, 64]
[64, 121]
[64, 99]
[52, 64]
[64, 73]
[14, 64]
[64, 127]
[16, 64]
[32, 64]
[3, 53]
[64, 101]
[64, 65]
[64, 90]
[3, 73]
[64, 111]
[22, 64]
[64, 93]
[54, 64]
[4, 64]
[2, 64]
[49, 64]
[64, 78]
[29, 64]
[38, 64]
[8, 64]
[37, 64]
[64, 125]
[30, 64]
[64, 68]
[64, 75]
[64, 116]
[57, 64]
[34, 64]
[55, 64]
[64, 86]
[64, 66]
[6, 64]
[64, 122]
[12, 41]
[3, 127]
[3, 46]
[20, 24]
[16, 24]
[19, 25]
[25, 39]
[20, 47]
[47, 87]
[9, 87]
[19, 87]
[39, 87]
[42, 87]
[1, 87]
[7, 87]
[13, 87]
[53, 87]
[72, 87]
[5, 87]
[14, 87]
[3, 87]
[32, 87]
[26, 87]
[87, 101]
[65, 87]
[87, 120]
[70, 87]
[11, 87]
[87, 93]
[87, 115]
[74, 87]
[49, 87]
[29, 87]
[35, 87]
[36, 87]
[8, 87]
[87, 94]
[32, 42]
[19, 32]
[13, 54]
[19, 54]
[9, 32]
[32, 41]
[7, 32]
[3, 20]
[32, 60]
[20, 66]
[20, 75]
[18, 75]
[42, 75]
[32, 84]
[13, 32]
[32, 58]
[17, 32]
[32, 121]
[65, 127]
[32, 65]
[21, 90]
[56, 90]
[16, 65]
[13, 78]
[19, 78]
[39, 78]
[53, 78]
[21, 78]
[78, 120]
[13, 74]
[41, 43]
[19, 43]
[42, 43]
[78, 101]
[45, 64]
[25, 64]
[64, 112]
[64, 123]
[14, 78]
[65, 78]
[22, 111]
[56, 78]
[14, 110]
[19, 110]
[42, 110]
[1, 110]
[84, 110]
[58, 110]
[53, 110]
[99, 110]
[110, 120]
[110, 127]
[11, 110]
[101, 110]
[16, 110]
[78, 110]
[93, 120]
[78, 93]
[56, 80]
[80, 90]
[80, 127]
[5, 80]
[9, 80]
[18, 80]
[39, 80]
[44, 80]
[1, 80]
[58, 80]
[53, 80]
[21, 80]
[80, 101]
[65, 80]
[26, 80]
[80, 110]
[80, 93]
[54, 80]
[74, 80]
[80, 92]
[68, 80]
[80, 111]
[28, 80]
[3, 80]
[27, 80]
[80, 116]
[57, 80]
[80, 118]
[6, 80]
[25, 80]
[80, 96]
[80, 112]
[93, 110]
[1, 54]
[13, 115]
[7, 115]
[115, 121]
[58, 115]
[53, 115]
[82, 115]
[110, 115]
[32, 46]
[90, 115]
[26, 74]
[21, 74]
[42, 74]
[44, 74]
[19, 74]
[39, 74]
[52, 60]
[60, 110]
[30, 60]
[60, 81]
[28, 60]
[27, 60]
[60, 86]
[60, 123]
[60, 70]
[46, 60]
[60, 66]
[60, 107]
[47, 60]
[34, 60]
[60, 85]
[60, 109]
[60, 128]
[60, 104]
[60, 124]
[60, 113]
[60, 62]
[60, 74]
[60, 92]
[60, 125]
[60, 116]
[23, 60]
[45, 60]
[60, 112]
[60, 98]
[37, 60]
[15, 60]
[60, 126]
[60, 119]
[33, 60]
[31, 60]
[12, 60]
[43, 60]
[40, 60]
[14, 29]
[7, 29]
[29, 42]
[29, 44]
[1, 29]
[29, 41]
[29, 58]
[29, 53]
[5, 29]
[29, 73]
[29, 120]
[29, 101]
[29, 65]
[29, 90]
[26, 29]
[29, 93]
[29, 115]
[35, 121]
[35, 44]
[20, 60]
[20, 80]
[20, 120]
[20, 36]
[20, 118]
[20, 122]
[8, 20]
[20, 68]
[20, 55]
[20, 95]
[20, 79]
[20, 46]
[20, 97]
[6, 20]
[20, 69]
[20, 78]
[20, 89]
[20, 27]
[20, 86]
[20, 34]
[20, 114]
[20, 128]
[20, 104]
[20, 124]
[20, 125]
[20, 116]
[20, 33]
[20, 40]
[20, 100]
[20, 105]
[20, 129]
[20, 81]
[20, 70]
[20, 74]
[12, 20]
[20, 51]
[20, 48]
[0, 20]
[15, 20]
[20, 126]
[24, 96]
[24, 49]
[57, 62]
[22, 96]
[18, 96]
[39, 96]
[43, 53]
[1, 96]
[7, 96]
[13, 96]
[58, 96]
[72, 96]
[10, 96]
[17, 96]
[96, 121]
[73, 96]
[14, 96]
[96, 101]
[96, 115]
[21, 49]
[13, 49]
[41, 49]
[42, 49]
[7, 49]
[19, 50]
[18, 76]
[39, 76]
[108, 127]
[9, 108]
[7, 108]
[84, 108]
[41, 108]
[53, 108]
[72, 108]
[17, 108]
[65, 108]
[90, 108]
[26, 108]
[16, 108]
[52, 108]
[2, 108]
[108, 120]
[54, 108]
[93, 108]
[3, 108]
[74, 108]
[94, 108]
[87, 108]
[30, 108]
[28, 108]
[92, 108]
[49, 82]
[49, 65]
[49, 90]
[26, 49]
[4, 121]
[4, 58]
[4, 13]
[4, 72]
[4, 82]
[4, 73]
[4, 115]
[4, 120]
[4, 24]
[4, 65]
[4, 29]
[2, 121]
[2, 44]
[2, 13]
[2, 58]
[2, 82]
[60, 103]
[60, 69]
[17, 45]
[13, 45]
[19, 45]
[9, 45]
[45, 84]
[45, 72]
[5, 45]
[45, 99]
[45, 82]
[45, 73]
[21, 45]
[24, 45]
[45, 93]
[11, 45]
[45, 65]
[16, 45]
[45, 52]
[32, 45]
[45, 70]
[30, 45]
[28, 45]
[45, 92]
[43, 45]
[45, 110]
[45, 118]
[31, 45]
[8, 45]
[45, 68]
[45, 46]
[6, 45]
[45, 49]
[37, 45]
[45, 122]
[45, 116]
[45, 119]
[25, 45]
[45, 123]
[45, 108]
[38, 45]
[45, 91]
[12, 45]
[45, 90]
[45, 47]
[45, 51]
[74, 101]
[101, 111]
[35, 101]
[36, 101]
[95, 101]
[86, 101]
[101, 125]
[2, 14]
[2, 24]
[2, 29]
[54, 127]
[54, 72]
[54, 99]
[13, 104]
[44, 104]
[42, 104]
[17, 104]
[104, 121]
[5, 104]
[82, 104]
[21, 104]
[104, 120]
[24, 104]
[4, 104]
[3, 104]
[74, 104]
[104, 111]
[94, 104]
[76, 104]
[23, 104]
[35, 104]
[81, 104]
[16, 104]
[32, 104]
[70, 104]
[78, 104]
[30, 104]
[92, 104]
[104, 110]
[8, 104]
[65, 104]
[56, 104]
[49, 104]
[37, 104]
[103, 104]
[25, 104]
[104, 123]
[38, 104]
[34, 104]
[40, 104]
[48, 104]
[79, 104]
[104, 105]
[88, 104]
[77, 104]
[85, 104]
[97, 104]
[67, 104]
[104, 117]
[104, 106]
[104, 107]
[47, 104]
[80, 104]
[104, 114]
[15, 104]
[0, 104]
[0, 18]
[0, 13]
[0, 58]
[0, 72]
[0, 121]
[0, 5]
[0, 99]
[0, 82]
[0, 26]
[0, 120]
[0, 93]
[0, 11]
[0, 54]
[0, 96]
[0, 94]
[0, 35]
[0, 101]
[0, 52]
[0, 6]
[0, 75]
[0, 55]
[0, 109]
[0, 68]
[0, 57]
[0, 95]
[0, 86]
[0, 70]
[0, 65]
[0, 28]
[0, 50]
[0, 74]
[0, 69]
[0, 100]
[0, 92]
[0, 45]
[0, 33]
[0, 43]
[0, 126]
[0, 102]
[0, 25]
[0, 124]
[0, 56]
[0, 83]
[0, 37]
[0, 123]
[0, 34]
[0, 128]
[0, 105]
[0, 79]
[0, 90]
[0, 77]
[0, 85]
[0, 97]
[0, 67]
[0, 117]
[0, 107]
[0, 80]
[0, 89]
[0, 60]
[0, 15]
[0, 103]
[0, 88]
[1, 88]
[44, 88]
[18, 88]
[84, 88]
[41, 88]
[13, 88]
[53, 88]
[17, 88]
[88, 121]
[82, 88]
[14, 88]
[88, 127]
[61, 88]
[22, 88]
[87, 88]
[11, 88]
[4, 88]
[2, 88]
[3, 88]
[88, 96]
[88, 111]
[88, 94]
[35, 88]
[36, 88]
[88, 101]
[52, 88]
[6, 88]
[21, 88]
[55, 88]
[29, 88]
[88, 91]
[86, 88]
[88, 110]
[74, 88]
[27, 88]
[66, 88]
[31, 88]
[88, 119]
[88, 108]
[88, 126]
[88, 98]
[25, 88]
[88, 124]
[62, 88]
[83, 88]
[37, 88]
[76, 88]
[88, 123]
[34, 88]
[38, 88]
[88, 128]
[40, 88]
[48, 88]
[88, 105]
[77, 88]
[88, 107]
[47, 88]
[88, 114]
[88, 89]
[60, 88]
[88, 103]
[39, 103]
[7, 103]
[58, 103]
[53, 103]
[17, 103]
[103, 121]
[5, 103]
[82, 103]
[73, 103]
[103, 127]
[24, 103]
[93, 103]
[11, 103]
[2, 103]
[3, 103]
[96, 103]
[103, 111]
[94, 103]
[35, 103]
[52, 103]
[46, 103]
[6, 103]
[21, 103]
[55, 103]
[91, 103]
[103, 122]
[57, 103]
[86, 103]
[32, 103]
[64, 103]
[103, 110]
[8, 103]
[28, 103]
[103, 118]
[74, 103]
[66, 103]
[103, 125]
[33, 103]
[103, 113]
[43, 103]
[103, 126]
[98, 103]
[102, 103]
[71, 103]
[37, 103]
[76, 103]
[103, 123]
[38, 103]
[103, 128]
[40, 103]
[48, 103]
[103, 105]
[79, 103]
[90, 103]
[103, 106]
[80, 103]
[103, 114]
[103, 129]
[1, 129]
[18, 129]
[19, 129]
[7, 129]
[41, 129]
[13, 129]
[10, 129]
[17, 129]
[121, 129]
[5, 129]
[99, 129]
[73, 129]
[14, 129]
[127, 129]
[4, 129]
[3, 129]
[96, 129]
[111, 129]
[36, 129]
[46, 129]
[6, 129]
[115, 129]
[55, 129]
[91, 129]
[95, 129]
[16, 129]
[32, 129]
[70, 129]
[78, 129]
[30, 129]
[110, 129]
[8, 129]
[118, 129]
[27, 129]
[69, 129]
[23, 129]
[81, 129]
[45, 129]
[43, 129]
[56, 129]
[37, 129]
[76, 129]
[12, 129]
[98, 129]
[102, 129]
[79, 129]
[90, 129]
[117, 129]
[80, 129]
[123, 129]
[38, 129]
[128, 129]
[105, 129]
[97, 129]
[106, 129]
[114, 129]
[60, 129]
[15, 129]
[15, 39]
[15, 19]
[9, 15]
[15, 41]
[10, 15]
[15, 17]
[15, 121]
[15, 99]
[15, 82]
[14, 15]
[15, 26]
[15, 22]
[15, 120]
[15, 93]
[15, 87]
[11, 15]
[2, 15]
[15, 96]
[15, 52]
[6, 15]
[15, 21]
[15, 115]
[15, 75]
[15, 55]
[15, 68]
[15, 91]
[15, 57]
[15, 86]
[15, 32]
[15, 70]
[15, 64]
[15, 78]
[15, 27]
[15, 125]
[15, 31]
[15, 119]
[15, 92]
[15, 45]
[15, 43]
[15, 37]
[15, 76]
[15, 100]
[15, 113]
[15, 108]
[12, 15]
[15, 51]
[15, 102]
[15, 25]
[15, 49]
[15, 62]
[15, 79]
[15, 128]
[15, 40]
[15, 85]
[15, 47]
[15, 114]
[1, 114]
[44, 114]
[39, 114]
[19, 114]
[7, 114]
[13, 114]
[53, 114]
[17, 114]
[114, 121]
[99, 114]
[82, 114]
[73, 114]
[114, 120]
[93, 114]
[87, 114]
[11, 114]
[54, 114]
[3, 114]
[96, 114]
[94, 114]
[35, 114]
[36, 114]
[52, 114]
[6, 114]
[114, 115]
[68, 114]
[91, 114]
[57, 114]
[86, 114]
[16, 114]
[32, 114]
[30, 114]
[50, 114]
[74, 114]
[27, 114]
[114, 119]
[23, 114]
[92, 114]
[45, 114]
[56, 114]
[37, 114]
[76, 114]
[109, 114]
[112, 114]
[33, 114]
[49, 114]
[62, 114]
[31, 114]
[69, 114]
[43, 114]
[79, 114]
[90, 114]
[67, 114]
[114, 117]
[34, 114]
[114, 128]
[102, 114]
[71, 114]
[83, 114]
[97, 114]
[47, 114]
[39, 47]
[19, 47]
[9, 47]
[7, 47]
[41, 47]
[47, 72]
[17, 47]
[47, 121]
[5, 47]
[47, 73]
[14, 47]
[26, 47]
[22, 47]
[47, 120]
[47, 93]
[11, 47]
[2, 47]
[47, 94]
[35, 47]
[36, 47]
[47, 52]
[21, 47]
[47, 115]
[16, 47]
[32, 47]
[47, 65]
[47, 74]
[47, 90]
[47, 68]
[47, 122]
[47, 57]
[30, 47]
[28, 47]
[47, 118]
[27, 47]
[47, 116]
[47, 125]
[37, 47]
[47, 109]
[47, 66]
[47, 113]
[47, 126]
[47, 98]
[25, 47]
[47, 62]
[43, 47]
[47, 79]
[47, 80]
[12, 47]
[47, 83]
[47, 85]
[47, 97]
[47, 106]
[47, 107]
[1, 107]
[39, 107]
[19, 107]
[58, 107]
[72, 107]
[107, 121]
[5, 107]
[82, 107]
[24, 107]
[3, 107]
[96, 107]
[107, 111]
[46, 107]
[75, 107]
[55, 107]
[91, 107]
[86, 107]
[64, 107]
[78, 107]
[107, 110]
[8, 107]
[23, 107]
[76, 107]
[33, 107]
[49, 107]
[31, 107]
[69, 107]
[77, 107]
[93, 107]
[11, 107]
[94, 107]
[35, 107]
[52, 107]
[16, 107]
[65, 107]
[107, 123]
[102, 107]
[107, 122]
[30, 107]
[27, 107]
[107, 116]
[74, 107]
[107, 109]
[34, 107]
[107, 113]
[98, 107]
[25, 107]
[43, 107]
[90, 107]
[38, 107]
[62, 107]
[62, 95]
[62, 112]
[33, 62]
[62, 117]
[62, 100]
[62, 108]
[62, 71]
[62, 124]
[62, 89]
[62, 126]
[62, 85]
[62, 66]
[62, 80]
[62, 97]
[55, 62]
[62, 86]
[62, 77]
[62, 123]
[40, 62]
[62, 122]
[34, 62]
[25, 62]
[9, 25]
[13, 25]
[25, 58]
[25, 72]
[25, 121]
[5, 25]
[25, 99]
[25, 73]
[25, 26]
[25, 120]
[3, 25]
[25, 96]
[25, 46]
[25, 50]
[25, 119]
[23, 25]
[25, 76]
[25, 115]
[25, 32]
[25, 68]
[25, 28]
[25, 118]
[25, 49]
[25, 102]
[25, 93]
[25, 110]
[16, 25]
[25, 36]
[2, 25]
[25, 92]
[25, 78]
[25, 94]
[25, 111]
[54, 73]
[26, 54]
[8, 11]
[24, 54]
[25, 74]
[3, 24]
[8, 99]
[8, 44]
[8, 53]
[8, 82]
[8, 73]
[8, 127]
[7, 31]
[31, 39]
[31, 44]
[1, 31]
[19, 31]
[31, 53]
[31, 72]
[5, 31]
[31, 99]
[31, 127]
[31, 120]
[19, 48]
[42, 48]
[31, 101]
[64, 105]
[11, 30]
[24, 46]
[2, 31]
[24, 31]
[22, 128]
[16, 128]
[21, 63]
[9, 63]
[42, 63]
[44, 63]
[39, 63]
[63, 84]
[13, 63]
[58, 63]
[63, 72]
[10, 63]
[17, 63]
[63, 121]
[5, 63]
[26, 63]
[63, 120]
[3, 63]
[56, 63]
[31, 63]
[6, 63]
[63, 65]
[30, 63]
[27, 63]
[11, 63]
[29, 63]
[63, 103]
[12, 63]
[63, 104]
[63, 116]
[43, 63]
[63, 76]
[57, 63]
[63, 109]
[63, 105]
[63, 100]
[63, 81]
[63, 124]
[63, 115]
[32, 63]
[15, 63]
[63, 88]
[63, 126]
[63, 77]
[62, 63]
[28, 63]
[63, 110]
[63, 92]
[63, 78]
[50, 63]
[63, 94]
[22, 63]
[63, 111]
[63, 74]
[23, 63]
[49, 63]
[63, 125]
[63, 90]
[63, 86]
[63, 83]
[63, 108]
[63, 85]
[63, 80]
[34, 63]
[40, 63]
[60, 63]
[47, 63]
[13, 71]
[41, 71]
[7, 71]
[17, 71]
[5, 71]
[71, 99]
[14, 71]
[71, 127]
[71, 120]
[71, 101]
[24, 71]
[3, 71]
[56, 71]
[31, 71]
[6, 71]
[65, 71]
[11, 71]
[4, 71]
[29, 71]
[71, 87]
[70, 71]
[51, 71]
[71, 79]
[71, 113]
[71, 109]
[46, 71]
[71, 112]
[71, 115]
[71, 96]
[71, 89]
[12, 71]
[28, 71]
[71, 93]
[71, 110]
[2, 71]
[50, 71]
[71, 94]
[71, 75]
[71, 81]
[71, 124]
[23, 71]
[71, 102]
[48, 71]
[71, 108]
[71, 122]
[71, 78]
[71, 74]
[49, 71]
[60, 71]
[25, 71]
[71, 80]
[71, 106]
[71, 97]
[71, 77]
[71, 95]
[37, 71]
[67, 71]
[64, 71]
[19, 30]
[17, 30]
[30, 44]
[1, 30]
[9, 30]
[30, 53]
[30, 72]
[30, 121]
[30, 99]
[30, 127]
[26, 30]
[30, 120]
[30, 101]
[24, 30]
[30, 54]
[30, 65]
[31, 54]
[3, 31]
[8, 16]
[16, 35]
[16, 76]
[16, 100]
[16, 70]
[16, 55]
[16, 51]
[16, 113]
[8, 31]
[31, 32]
[17, 23]
[13, 23]
[23, 41]
[23, 58]
[23, 72]
[23, 127]
[23, 120]
[23, 54]
[23, 27]
[23, 32]
[23, 87]
[8, 23]
[23, 35]
[22, 69]
[22, 33]
[22, 126]
[22, 38]
[22, 119]
[22, 91]
[22, 46]
[68, 73]
[18, 68]
[42, 68]
[1, 68]
[19, 68]
[41, 68]
[53, 68]
[68, 99]
[68, 82]
[26, 68]
[10, 68]
[17, 68]
[68, 121]
[14, 68]
[68, 120]
[68, 101]
[68, 93]
[54, 68]
[8, 68]
[30, 68]
[35, 68]
[35, 42]
[19, 35]
[7, 35]
[54, 93]
[16, 23]
[23, 52]
[22, 67]
[12, 67]
[17, 67]
[13, 67]
[26, 67]
[41, 67]
[42, 67]
[1, 67]
[44, 67]
[67, 84]
[67, 99]
[67, 82]
[67, 127]
[58, 67]
[10, 67]
[67, 120]
[56, 67]
[21, 67]
[32, 67]
[67, 93]
[30, 67]
[67, 76]
[67, 68]
[67, 92]
[2, 67]
[3, 67]
[57, 67]
[67, 70]
[55, 67]
[67, 118]
[67, 126]
[45, 67]
[67, 123]
[67, 119]
[67, 96]
[67, 81]
[67, 113]
[67, 109]
[67, 83]
[67, 90]
[67, 128]
[67, 89]
[48, 67]
[67, 74]
[49, 67]
[25, 67]
[37, 67]
[67, 124]
[67, 102]
[66, 67]
[67, 80]
[67, 97]
[67, 77]
[8, 93]
[35, 41]
[5, 35]
[4, 23]
[25, 125]
[23, 68]
[23, 36]
[23, 92]
[65, 85]
[22, 75]
[22, 89]
[22, 106]
[22, 97]
[22, 77]
[24, 113]
[84, 113]
[14, 76]
[14, 28]
[28, 121]
[28, 84]
[28, 39]
[18, 28]
[5, 28]
[28, 82]
[28, 127]
[26, 28]
[28, 58]
[28, 72]
[10, 28]
[28, 73]
[28, 120]
[28, 87]
[24, 28]
[28, 30]
[28, 76]
[28, 94]
[28, 116]
[28, 100]
[28, 70]
[28, 55]
[28, 51]
[28, 118]
[7, 76]
[58, 94]
[2, 23]
[64, 100]
[64, 119]
[80, 126]
[70, 80]
[33, 84]
[1, 33]
[5, 33]
[33, 82]
[33, 127]
[33, 72]
[11, 33]
[32, 33]
[33, 94]
[9, 33]
[33, 99]
[17, 33]
[33, 120]
[33, 54]
[29, 33]
[33, 57]
[33, 55]
[33, 118]
[8, 33]
[33, 35]
[4, 33]
[33, 46]
[33, 112]
[33, 43]
[33, 45]
[33, 36]
[33, 51]
[33, 100]
[33, 52]
[51, 125]
[82, 94]
[17, 94]
[1, 94]
[6, 21]
[25, 108]
[25, 123]
[26, 76]
[53, 76]
[76, 99]
[35, 43]
[43, 72]
[9, 43]
[43, 58]
[7, 43]
[13, 43]
[43, 127]
[43, 121]
[43, 73]
[43, 115]
[3, 43]
[43, 87]
[29, 43]
[43, 57]
[43, 55]
[8, 43]
[4, 43]
[43, 112]
[13, 76]
[17, 76]
[76, 120]
[76, 93]
[94, 121]
[94, 99]
[19, 95]
[42, 95]
[7, 57]
[11, 57]
[29, 32]
[29, 76]
[79, 118]
[17, 79]
[30, 79]
[32, 79]
[39, 79]
[42, 79]
[19, 79]
[79, 82]
[79, 101]
[56, 79]
[72, 79]
[73, 79]
[13, 79]
[79, 84]
[5, 79]
[76, 79]
[3, 79]
[70, 79]
[69, 79]
[79, 111]
[65, 79]
[74, 79]
[49, 79]
[79, 96]
[46, 79]
[79, 112]
[45, 79]
[79, 94]
[79, 102]
[2, 79]
[79, 87]
[6, 79]
[79, 116]
[57, 79]
[23, 79]
[36, 79]
[8, 79]
[35, 79]
[79, 113]
[43, 79]
[79, 119]
[50, 79]
[51, 79]
[79, 100]
[34, 79]
[68, 79]
[12, 79]
[79, 117]
[48, 79]
[29, 54]
[19, 125]
[1, 125]
[39, 125]
[99, 125]
[73, 125]
[58, 125]
[125, 127]
[16, 125]
[32, 125]
[54, 125]
[4, 125]
[70, 125]
[109, 125]
[110, 125]
[106, 125]
[40, 125]
[122, 125]
[31, 125]
[28, 125]
[94, 125]
[87, 125]
[6, 125]
[76, 125]
[55, 125]
[46, 125]
[8, 125]
[113, 125]
[118, 125]
[27, 125]
[100, 125]
[68, 125]
[92, 125]
[4, 30]
[30, 115]
[3, 93]
[19, 70]
[1, 70]
[24, 70]
[70, 72]
[70, 101]
[41, 70]
[23, 105]
[23, 81]
[23, 122]
[6, 23]
[23, 69]
[23, 110]
[12, 23]
[23, 124]
[23, 77]
[23, 96]
[23, 86]
[23, 78]
[23, 37]
[23, 91]
[23, 83]
[23, 128]
[23, 98]
[23, 66]
[70, 121]
[108, 123]
[33, 108]
[108, 116]
[57, 108]
[31, 108]
[8, 108]
[108, 109]
[108, 113]
[81, 108]
[64, 108]
[105, 108]
[50, 108]
[6, 108]
[69, 108]
[108, 110]
[27, 108]
[12, 108]
[86, 108]
[37, 108]
[77, 108]
[29, 70]
[70, 76]
[5, 112]
[70, 73]
[13, 70]
[16, 106]
[10, 106]
[44, 106]
[56, 106]
[7, 106]
[21, 106]
[18, 106]
[1, 106]
[9, 106]
[42, 106]
[14, 106]
[41, 106]
[106, 127]
[5, 106]
[39, 106]
[101, 106]
[53, 106]
[45, 106]
[80, 106]
[32, 106]
[93, 106]
[52, 106]
[3, 106]
[90, 106]
[106, 110]
[54, 106]
[43, 106]
[106, 115]
[76, 87]
[27, 76]
[76, 90]
[76, 110]
[4, 76]
[43, 52]
[55, 73]
[42, 55]
[42, 50]
[9, 50]
[27, 43]
[43, 90]
[43, 110]
[4, 110]
[29, 46]
[43, 46]
[46, 115]
[41, 112]
[44, 113]
[99, 113]
[72, 113]
[1, 113]
[18, 113]
[10, 113]
[14, 113]
[13, 113]
[7, 113]
[7, 55]
[55, 84]
[4, 113]
[90, 113]
[56, 113]
[82, 113]
[73, 113]
[11, 113]
[113, 121]
[26, 113]
[30, 78]
[29, 113]
[58, 113]
[54, 78]
[93, 113]
[3, 113]
[76, 113]
[110, 113]
[3, 68]
[76, 78]
[78, 115]
[78, 113]
[68, 78]
[78, 100]
[78, 117]
[78, 94]
[78, 122]
[78, 96]
[49, 78]
[8, 78]
[35, 78]
[40, 78]
[46, 78]
[77, 78]
[78, 119]
[78, 128]
[78, 124]
[31, 78]
[48, 78]
[78, 98]
[78, 105]
[75, 78]
[6, 78]
[33, 78]
[4, 70]
[30, 70]
[3, 70]
[58, 70]
[70, 93]
[70, 110]
[55, 99]
[90, 118]
[28, 90]
[89, 90]
[68, 90]
[90, 117]
[4, 116]
[19, 116]
[17, 116]
[44, 116]
[9, 116]
[1, 116]
[42, 116]
[41, 116]
[116, 127]
[7, 116]
[5, 116]
[26, 116]
[110, 116]
[87, 116]
[101, 116]
[29, 116]
[53, 116]
[58, 116]
[32, 116]
[116, 120]
[52, 116]
[54, 116]
[30, 116]
[115, 116]
[70, 116]
[22, 37]
[7, 37]
[11, 37]
[13, 37]
[18, 37]
[10, 37]
[37, 127]
[37, 121]
[37, 39]
[29, 37]
[24, 37]
[37, 53]
[25, 37]
[37, 120]
[37, 52]
[37, 110]
[4, 37]
[37, 115]
[76, 116]
[37, 76]
[7, 100]
[17, 100]
[10, 100]
[72, 100]
[42, 100]
[41, 100]
[99, 100]
[84, 100]
[87, 100]
[82, 100]
[100, 127]
[3, 100]
[11, 100]
[73, 100]
[57, 87]
[21, 57]
[18, 57]
[5, 100]
[100, 121]
[39, 100]
[100, 101]
[29, 100]
[17, 57]
[45, 100]
[32, 100]
[100, 120]
[58, 100]
[27, 100]
[100, 110]
[30, 100]
[60, 100]
[76, 100]
[100, 106]
[60, 108]
[27, 28]
[28, 37]
[28, 106]
[14, 89]
[29, 94]
[94, 120]
[54, 94]
[94, 115]
[94, 110]
[70, 94]
[7, 119]
[99, 119]
[72, 119]
[94, 116]
[1, 119]
[43, 119]
[41, 119]
[44, 119]
[17, 119]
[82, 119]
[119, 127]
[5, 119]
[16, 94]
[14, 57]
[113, 116]
[94, 113]
[57, 84]
[44, 57]
[37, 94]
[16, 96]
[30, 96]
[96, 120]
[54, 96]
[96, 116]
[8, 115]
[4, 8]
[8, 70]
[8, 116]
[8, 100]
[8, 37]
[8, 96]
[40, 127]
[18, 40]
[9, 40]
[1, 40]
[11, 40]
[40, 41]
[40, 42]
[40, 99]
[40, 44]
[40, 84]
[10, 40]
[13, 40]
[40, 82]
[39, 40]
[40, 47]
[40, 53]
[19, 40]
[3, 40]
[29, 40]
[40, 52]
[40, 87]
[18, 91]
[42, 91]
[40, 115]
[4, 40]
[40, 70]
[40, 116]
[12, 30]
[40, 100]
[40, 106]
[40, 96]
[21, 55]
[41, 55]
[11, 55]
[55, 121]
[24, 55]
[12, 21]
[10, 12]
[10, 57]
[41, 57]
[24, 57]
[57, 127]
[5, 57]
[57, 93]
[57, 58]
[57, 120]
[54, 57]
[57, 115]
[57, 116]
[57, 78]
[27, 57]
[57, 94]
[57, 100]
[57, 96]
[8, 57]
[57, 128]
[57, 92]
[2, 57]
[31, 57]
[57, 90]
[57, 75]
[112, 121]
[17, 112]
[42, 112]
[72, 112]
[18, 112]
[44, 112]
[99, 112]
[84, 112]
[13, 112]
[82, 112]
[73, 112]
[7, 112]
[32, 112]
[93, 112]
[29, 112]
[52, 112]
[58, 112]
[110, 112]
[112, 120]
[54, 112]
[4, 112]
[70, 112]
[112, 116]
[27, 112]
[92, 100]
[14, 92]
[42, 92]
[9, 92]
[72, 92]
[80, 117]
[56, 117]
[44, 117]
[72, 117]
[1, 117]
[99, 117]
[14, 117]
[13, 117]
[73, 117]
[5, 117]
[39, 117]
[26, 117]
[101, 117]
[45, 117]
[32, 117]
[117, 125]
[25, 117]
[64, 117]
[93, 117]
[4, 117]
[70, 117]
[116, 117]
[112, 117]
[92, 117]
[75, 117]
[117, 122]
[6, 117]
[33, 117]
[81, 117]
[117, 126]
[37, 117]
[28, 117]
[113, 117]
[85, 117]
[55, 117]
[66, 127]
[127, 128]
[18, 128]
[42, 128]
[66, 108]
[85, 108]
[92, 127]
[2, 94]
[37, 112]
[2, 30]
[31, 94]
[31, 43]
[31, 93]
[31, 87]
[31, 110]
[31, 76]
[31, 115]
[31, 116]
[31, 106]
[33, 90]
[2, 32]
[2, 125]
[2, 110]
[2, 76]
[2, 43]
[2, 16]
[2, 106]
[21, 81]
[9, 81]
[1, 81]
[42, 81]
[44, 81]
[18, 81]
[10, 81]
[17, 81]
[81, 127]
[7, 81]
[81, 101]
[53, 81]
[29, 81]
[52, 81]
[81, 120]
[81, 93]
[81, 115]
[32, 81]
[43, 81]
[16, 81]
[81, 90]
[70, 81]
[68, 81]
[68, 116]
[68, 115]
[68, 94]
[68, 70]
[28, 68]
[68, 112]
[2, 68]
[40, 68]
[68, 113]
[51, 68]
[68, 69]
[50, 68]
[68, 123]
[68, 86]
[68, 102]
[9, 102]
[44, 102]
[10, 102]
[14, 102]
[17, 102]
[41, 102]
[82, 102]
[102, 127]
[73, 102]
[102, 121]
[39, 102]
[26, 102]
[101, 102]
[56, 102]
[24, 102]
[19, 102]
[29, 102]
[58, 102]
[102, 120]
[54, 102]
[93, 102]
[32, 102]
[30, 102]
[76, 102]
[43, 102]
[60, 102]
[102, 106]
[4, 102]
[102, 108]
[102, 115]
[81, 102]
[28, 102]
[102, 118]
[31, 102]
[97, 102]
[66, 102]
[74, 102]
[102, 105]
[102, 112]
[70, 102]
[102, 113]
[69, 102]
[50, 102]
[102, 116]
[86, 102]
[42, 86]
[86, 99]
[84, 86]
[10, 86]
[14, 86]
[86, 127]
[73, 86]
[21, 86]
[7, 86]
[5, 86]
[39, 86]
[24, 86]
[25, 86]
[58, 86]
[86, 120]
[54, 86]
[27, 86]
[32, 86]
[30, 86]
[43, 86]
[16, 86]
[4, 86]
[86, 117]
[86, 94]
[86, 90]
[81, 86]
[28, 86]
[86, 118]
[31, 86]
[86, 91]
[86, 105]
[86, 112]
[2, 86]
[40, 86]
[35, 86]
[51, 86]
[69, 86]
[50, 86]
[85, 86]
[66, 86]
[65, 86]
[75, 86]
[86, 96]
[57, 86]
[12, 86]
[86, 100]
[55, 86]
[49, 86]
[46, 86]
[86, 119]
[83, 86]
[1, 83]
[72, 83]
[9, 83]
[42, 83]
[83, 99]
[44, 83]
[18, 83]
[83, 84]
[14, 83]
[17, 83]
[13, 83]
[20, 83]
[83, 127]
[7, 83]
[5, 83]
[39, 83]
[56, 83]
[45, 83]
[25, 83]
[64, 83]
[79, 83]
[83, 93]
[83, 87]
[83, 110]
[76, 83]
[43, 83]
[83, 106]
[83, 90]
[81, 83]
[60, 83]
[78, 83]
[83, 118]
[31, 83]
[34, 83]
[83, 97]
[74, 83]
[48, 83]
[8, 83]
[83, 112]
[40, 83]
[35, 83]
[51, 83]
[50, 83]
[83, 123]
[83, 85]
[37, 83]
[83, 96]
[83, 128]
[6, 83]
[57, 83]
[83, 100]
[55, 83]
[83, 98]
[83, 111]
[36, 83]
[1, 36]
[36, 72]
[9, 36]
[36, 99]
[36, 41]
[36, 82]
[36, 127]
[36, 73]
[11, 36]
[7, 36]
[26, 36]
[36, 53]
[19, 36]
[36, 120]
[3, 36]
[32, 36]
[36, 110]
[30, 36]
[36, 76]
[36, 43]
[16, 36]
[36, 106]
[4, 36]
[36, 117]
[36, 94]
[36, 81]
[28, 36]
[36, 97]
[36, 92]
[8, 36]
[36, 105]
[36, 112]
[2, 36]
[36, 50]
[36, 123]
[36, 116]
[36, 68]
[36, 66]
[36, 65]
[36, 122]
[36, 96]
[6, 36]
[12, 36]
[36, 46]
[36, 119]
[36, 124]
[36, 98]
[36, 111]
[1, 111]
[44, 111]
[84, 111]
[10, 111]
[13, 111]
[111, 127]
[21, 111]
[39, 111]
[53, 111]
[19, 111]
[29, 111]
[58, 111]
[93, 111]
[87, 111]
[32, 111]
[110, 111]
[16, 111]
[94, 111]
[111, 115]
[76, 111]
[43, 111]
[106, 111]
[34, 111]
[91, 111]
[48, 111]
[28, 111]
[70, 111]
[69, 111]
[85, 111]
[75, 111]
[111, 128]
[97, 111]
[100, 111]
[92, 111]
[8, 111]
[111, 113]
[50, 111]
[111, 116]
[65, 111]
[12, 111]
[111, 126]
[46, 111]
[46, 94]
[46, 117]
[31, 46]
[28, 46]
[46, 69]
[1, 69]
[69, 72]
[9, 69]
[42, 69]
[44, 69]
[18, 69]
[14, 69]
[17, 69]
[13, 69]
[69, 82]
[69, 127]
[7, 69]
[69, 121]
[39, 69]
[26, 69]
[24, 69]
[53, 69]
[19, 69]
[52, 69]
[58, 69]
[54, 69]
[69, 87]
[3, 69]
[32, 69]
[69, 110]
[30, 69]
[69, 76]
[69, 106]
[43, 69]
[69, 94]
[69, 115]
[69, 117]
[31, 69]
[69, 74]
[28, 69]
[40, 69]
[37, 69]
[69, 97]
[55, 69]
[69, 105]
[69, 112]
[69, 113]
[50, 69]
[65, 69]
[69, 122]
[69, 96]
[6, 69]
[12, 69]
[69, 119]
[69, 98]
[38, 69]
[1, 38]
[38, 72]
[9, 38]
[38, 44]
[14, 38]
[17, 38]
[13, 38]
[38, 73]
[38, 121]
[38, 47]
[38, 101]
[38, 53]
[38, 80]
[38, 52]
[3, 38]
[38, 110]
[30, 38]
[4, 38]
[38, 106]
[38, 60]
[38, 94]
[38, 81]
[34, 38]
[38, 48]
[38, 118]
[38, 97]
[38, 92]
[8, 38]
[38, 105]
[38, 112]
[38, 113]
[38, 70]
[37, 38]
[38, 75]
[38, 55]
[38, 116]
[38, 65]
[6, 38]
[12, 38]
[38, 95]
[38, 119]
[38, 124]
[38, 98]
[61, 98]
[42, 98]
[98, 99]
[18, 98]
[44, 98]
[17, 98]
[13, 98]
[82, 98]
[73, 98]
[11, 98]
[7, 98]
[5, 98]
[98, 121]
[26, 98]
[22, 98]
[98, 101]
[56, 98]
[45, 98]
[19, 98]
[25, 98]
[79, 98]
[52, 98]
[98, 120]
[54, 98]
[93, 98]
[3, 98]
[32, 98]
[98, 125]
[76, 98]
[98, 106]
[43, 98]
[98, 115]
[31, 98]
[34, 98]
[74, 98]
[48, 98]
[28, 98]
[40, 98]
[35, 98]
[97, 98]
[8, 98]
[98, 105]
[98, 112]
[2, 98]
[98, 113]
[51, 98]
[98, 123]
[70, 98]
[46, 98]
[37, 98]
[98, 128]
[98, 100]
[49, 98]
[98, 116]
[65, 98]
[96, 98]
[98, 119]
[77, 98]
[98, 102]
[89, 98]
[57, 98]
[98, 122]
[72, 122]
[9, 122]
[99, 122]
[18, 122]
[14, 122]
[17, 122]
[41, 122]
[11, 122]
[5, 122]
[24, 122]
[25, 122]
[29, 122]
[58, 122]
[87, 122]
[3, 122]
[32, 122]
[110, 122]
[30, 122]
[4, 122]
[106, 122]
[90, 122]
[31, 122]
[34, 122]
[91, 122]
[40, 122]
[35, 122]
[97, 122]
[8, 122]
[112, 122]
[118, 122]
[75, 122]
[122, 128]
[100, 122]
[6, 122]
[95, 122]
[116, 122]
[96, 122]
[46, 122]
[77, 122]
[109, 122]
[122, 123]
[66, 122]
[61, 66]
[9, 66]
[66, 99]
[44, 66]
[18, 66]
[66, 73]
[21, 66]
[7, 66]
[66, 121]
[39, 66]
[26, 66]
[22, 66]
[66, 101]
[53, 66]
[66, 80]
[25, 66]
[29, 66]
[58, 66]
[66, 93]
[66, 87]
[27, 66]
[32, 66]
[66, 90]
[66, 115]
[31, 66]
[2, 66]
[38, 66]
[66, 70]
[66, 74]
[66, 113]
[55, 66]
[37, 66]
[65, 66]
[66, 85]
[66, 112]
[66, 81]
[51, 66]
[12, 66]
[66, 126]
[57, 66]
[66, 91]
[66, 100]
[66, 116]
[35, 66]
[66, 96]
[66, 98]
[66, 89]
[66, 118]
[66, 78]
[66, 123]
[72, 123]
[42, 123]
[99, 123]
[10, 123]
[17, 123]
[13, 123]
[41, 123]
[82, 123]
[11, 123]
[7, 123]
[5, 123]
[121, 123]
[26, 123]
[24, 123]
[53, 123]
[19, 123]
[52, 123]
[120, 123]
[54, 123]
[4, 123]
[76, 123]
[43, 123]
[16, 123]
[90, 123]
[94, 123]
[31, 123]
[40, 123]
[70, 123]
[48, 123]
[28, 123]
[97, 123]
[123, 124]
[49, 123]
[119, 123]
[75, 123]
[55, 123]
[81, 123]
[95, 123]
[91, 123]
[35, 123]
[46, 123]
[12, 123]
[123, 126]
[118, 123]
[78, 123]
[51, 78]
[50, 78]
[78, 126]
[78, 118]
[9, 118]
[42, 118]
[99, 118]
[14, 118]
[41, 118]
[73, 118]
[21, 118]
[118, 121]
[39, 118]
[26, 118]
[101, 118]
[24, 118]
[53, 118]
[58, 118]
[54, 118]
[87, 118]
[27, 118]
[3, 118]
[30, 118]
[4, 118]
[76, 118]
[16, 118]
[112, 118]
[116, 118]
[106, 118]
[40, 118]
[2, 118]
[97, 118]
[34, 118]
[118, 124]
[118, 119]
[55, 118]
[91, 118]
[37, 118]
[85, 118]
[46, 118]
[65, 118]
[31, 118]
[105, 118]
[113, 118]
[96, 118]
[109, 118]
[89, 118]
[51, 118]
[12, 118]
[118, 126]
[57, 118]
[57, 68]
[35, 57]
[40, 57]
[57, 91]
[57, 85]
[49, 57]
[57, 124]
[55, 57]
[57, 81]
[46, 57]
[57, 97]
[37, 57]
[57, 65]
[57, 95]
[57, 77]
[51, 57]
[12, 57]
[57, 126]
[57, 89]
[57, 102]
[6, 102]
[75, 102]
[102, 111]
[102, 128]
[96, 102]
[96, 112]
[92, 96]
[74, 96]
[35, 96]
[91, 96]
[33, 96]
[50, 96]
[81, 96]
[68, 96]
[95, 96]
[55, 96]
[46, 96]
[6, 96]
[96, 128]
[61, 128]
[9, 128]
[13, 128]
[101, 128]
[56, 128]
[45, 128]
[80, 128]
[25, 128]
[79, 128]
[125, 128]
[43, 128]
[82, 128]
[29, 128]
[32, 128]
[110, 128]
[70, 128]
[14, 128]
[84, 128]
[17, 128]
[41, 128]
[5, 128]
[87, 128]
[94, 128]
[120, 128]
[54, 128]
[27, 128]
[8, 128]
[100, 128]
[40, 128]
[91, 128]
[85, 128]
[33, 128]
[105, 128]
[50, 128]
[113, 128]
[31, 128]
[95, 128]
[49, 128]
[55, 128]
[126, 128]
[97, 128]
[1, 97]
[42, 97]
[97, 99]
[97, 121]
[39, 97]
[26, 97]
[53, 97]
[19, 97]
[3, 97]
[76, 97]
[4, 97]
[44, 97]
[21, 97]
[24, 97]
[84, 97]
[18, 97]
[97, 112]
[2, 97]
[97, 116]
[17, 97]
[75, 97]
[97, 101]
[56, 97]
[45, 97]
[79, 97]
[43, 97]
[97, 110]
[70, 97]
[97, 127]
[87, 97]
[54, 97]
[27, 97]
[28, 97]
[97, 100]
[37, 97]
[74, 97]
[34, 97]
[35, 97]
[91, 97]
[85, 97]
[33, 97]
[97, 105]
[81, 97]
[49, 97]
[55, 97]
[46, 97]
[77, 97]
[65, 97]
[97, 119]
[119, 121]
[26, 119]
[53, 119]
[19, 119]
[76, 119]
[52, 119]
[4, 119]
[58, 119]
[93, 119]
[2, 119]
[116, 119]
[68, 119]
[75, 119]
[119, 125]
[110, 119]
[87, 119]
[119, 120]
[28, 119]
[8, 119]
[48, 119]
[35, 119]
[33, 119]
[51, 119]
[105, 119]
[50, 119]
[113, 119]
[31, 119]
[119, 126]
[119, 128]
[96, 119]
[49, 119]
[55, 119]
[46, 119]
[6, 119]
[119, 124]
[1, 124]
[11, 124]
[64, 124]
[3, 124]
[30, 124]
[73, 124]
[21, 124]
[24, 124]
[115, 124]
[106, 124]
[112, 124]
[92, 124]
[101, 124]
[56, 124]
[45, 124]
[29, 124]
[70, 124]
[94, 124]
[54, 124]
[37, 124]
[40, 124]
[44, 124]
[41, 124]
[95, 124]
[12, 124]
[82, 124]
[17, 124]
[124, 127]
[43, 124]
[121, 124]
[19, 124]
[2, 124]
[110, 124]
[87, 124]
[120, 124]
[8, 124]
[74, 124]
[48, 124]
[109, 124]
[102, 124]
[28, 124]
[51, 124]
[91, 124]
[50, 124]
[124, 126]
[77, 124]
[1, 77]
[72, 77]
[42, 77]
[3, 77]
[21, 77]
[24, 77]
[14, 77]
[77, 84]
[18, 77]
[77, 92]
[77, 117]
[77, 101]
[56, 77]
[45, 77]
[77, 79]
[29, 77]
[77, 94]
[7, 77]
[65, 77]
[66, 77]
[77, 106]
[44, 77]
[41, 77]
[27, 77]
[37, 77]
[40, 77]
[26, 77]
[53, 77]
[4, 77]
[68, 77]
[5, 77]
[35, 77]
[33, 77]
[31, 77]
[36, 77]
[77, 112]
[38, 77]
[2, 77]
[77, 110]
[77, 87]
[8, 77]
[74, 77]
[48, 77]
[28, 77]
[51, 77]
[77, 91]
[1, 91]
[72, 91]
[39, 91]
[64, 91]
[3, 91]
[16, 91]
[21, 91]
[13, 91]
[14, 91]
[84, 91]
[91, 92]
[91, 117]
[91, 101]
[25, 91]
[79, 91]
[32, 91]
[91, 94]
[54, 91]
[7, 91]
[65, 91]
[44, 91]
[27, 91]
[37, 91]
[26, 91]
[4, 91]
[58, 91]
[91, 93]
[35, 91]
[31, 91]
[75, 84]
[14, 34]
[11, 34]
[30, 55]
[34, 41]
[34, 72]
[1, 34]
[9, 34]
[34, 42]
[34, 99]
[22, 34]
[34, 73]
[17, 34]
[34, 127]
[34, 39]
[13, 34]
[34, 101]
[25, 34]
[34, 44]
[34, 87]
[34, 94]
[21, 34]
[3, 34]
[32, 34]
[34, 37]
[4, 34]
[55, 115]
[55, 93]
[55, 70]
[53, 55]
[3, 55]
[32, 55]
[8, 55]
[27, 55]
[37, 55]
[55, 106]
[4, 55]
[55, 76]
[55, 116]
[55, 68]
[46, 55]
[55, 92]
[35, 55]
[55, 75]
[49, 55]
[8, 46]
[46, 68]
[34, 40]
[28, 34]
[33, 34]
[75, 93]
[43, 75]
[75, 101]
[13, 75]
[29, 75]
[72, 75]
[52, 91]
[31, 100]
[31, 37]
[37, 68]
[33, 37]
[9, 75]
[75, 99]
[75, 80]
[5, 75]
[16, 75]
[39, 75]
[21, 75]
[75, 115]
[58, 75]
[75, 94]
[32, 75]
[75, 87]
[75, 120]
[75, 116]
[8, 75]
[40, 75]
[75, 100]
[75, 106]
[18, 48]
[9, 48]
[10, 48]
[23, 48]
[1, 48]
[48, 73]
[48, 82]
[48, 125]
[48, 127]
[48, 64]
[14, 48]
[48, 121]
[30, 48]
[48, 53]
[3, 48]
[48, 99]
[48, 60]
[48, 80]
[5, 48]
[39, 48]
[16, 48]
[25, 48]
[48, 110]
[4, 48]
[48, 101]
[43, 48]
[48, 93]
[48, 58]
[48, 94]
[32, 48]
[40, 48]
[48, 120]
[28, 48]
[48, 116]
[33, 48]
[48, 100]
[48, 84]
[17, 50]
[10, 50]
[22, 50]
[1, 50]
[50, 82]
[50, 125]
[50, 127]
[14, 50]
[50, 121]
[50, 70]
[29, 50]
[2, 75]
[2, 40]
[48, 55]
[75, 81]
[48, 81]
[18, 95]
[24, 95]
[30, 95]
[87, 95]
[25, 95]
[41, 95]
[73, 74]
[72, 95]
[13, 95]
[11, 95]
[95, 99]
[79, 95]
[54, 95]
[9, 95]
[22, 95]
[73, 95]
[53, 95]
[90, 95]
[5, 95]
[26, 95]
[27, 95]
[95, 115]
[74, 125]
[58, 74]
[32, 74]
[74, 110]
[4, 74]
[74, 76]
[70, 74]
[74, 120]
[28, 74]
[24, 74]
[53, 74]
[74, 115]
[43, 74]
[74, 106]
[74, 127]
[40, 74]
[74, 93]
[74, 116]
[2, 74]
[74, 75]
[74, 112]
[74, 85]
[74, 92]
[35, 74]
[34, 74]
[74, 91]
[65, 74]
[6, 74]
[74, 117]
[48, 74]
[51, 74]
[16, 95]
[46, 95]
[43, 95]
[94, 95]
[95, 127]
[8, 95]
[29, 95]
[93, 95]
[95, 116]
[33, 95]
[68, 95]
[31, 95]
[95, 113]
[16, 49]
[33, 65]
[28, 49]
[28, 65]
[8, 65]
[40, 65]
[32, 49]
[3, 49]
[49, 80]
[49, 52]
[49, 54]
[8, 49]
[49, 110]
[49, 106]
[49, 81]
[49, 115]
[55, 65]
[46, 112]
[40, 112]
[19, 92]
[92, 101]
[92, 121]
[82, 92]
[7, 92]
[11, 92]
[41, 92]
[79, 92]
[5, 92]
[26, 92]
[31, 65]
[24, 92]
[53, 92]
[4, 92]
[29, 92]
[92, 120]
[32, 92]
[30, 92]
[43, 92]
[92, 115]
[92, 106]
[40, 92]
[76, 92]
[2, 92]
[81, 92]
[35, 73]
[44, 85]
[56, 85]
[58, 85]
[85, 99]
[13, 85]
[25, 85]
[85, 93]
[14, 85]
[52, 85]
[16, 85]
[85, 110]
[42, 85]
[19, 85]
[85, 101]
[11, 85]
[79, 85]
[5, 85]
[85, 127]
[85, 120]
[39, 51]
[27, 85]
[17, 51]
[1, 51]
[18, 51]
[51, 99]
[51, 93]
[51, 72]
[9, 51]
[51, 73]
[3, 51]
[51, 94]
[51, 70]
[19, 51]
[51, 121]
[11, 51]
[5, 51]
[26, 51]
[24, 51]
[51, 53]
[51, 120]
[27, 51]
[30, 51]
[51, 60]
[4, 51]
[43, 51]
[51, 116]
[31, 51]
[2, 51]
[51, 81]
[51, 85]
[6, 51]
[51, 113]
[46, 51]
[37, 51]
[51, 90]
[51, 106]
[51, 112]
[51, 95]
[51, 91]
[48, 51]
[49, 51]
[82, 85]
[32, 85]
[85, 115]
[85, 116]
[2, 85]
[75, 85]
[69, 85]
[6, 16]
[6, 14]
[6, 99]
[6, 17]
[6, 58]
[6, 54]
[6, 8]
[6, 72]
[6, 9]
[6, 73]
[3, 6]
[6, 110]
[6, 94]
[6, 7]
[5, 6]
[6, 53]
[6, 29]
[4, 6]
[6, 43]
[6, 33]
[6, 31]
[6, 40]
[6, 82]
[6, 115]
[6, 116]
[12, 17]
[1, 12]
[12, 99]
[12, 93]
[12, 14]
[12, 54]
[8, 12]
[12, 16]
[12, 87]
[12, 72]
[9, 12]
[12, 73]
[3, 12]
[12, 110]
[12, 94]
[12, 19]
[12, 121]
[12, 24]
[12, 127]
[12, 120]
[12, 84]
[85, 100]
[75, 112]
[112, 113]
[6, 55]
[6, 100]
[6, 112]
[12, 32]
[4, 12]
[12, 33]
[12, 76]
[12, 31]
[12, 115]
[12, 116]
[12, 27]
[12, 96]
[12, 75]
[12, 85]
[6, 12]
[2, 12]
[46, 85]
[37, 85]
[6, 37]
[12, 37]
[12, 90]
[85, 106]
[12, 106]
[12, 128]
[75, 92]
[92, 112]
[6, 92]
[12, 92]
[41, 126]
[93, 126]
[45, 126]
[1, 126]
[52, 126]
[42, 126]
[70, 126]
[19, 126]
[101, 126]
[26, 126]
[24, 126]
[84, 126]
[120, 126]
[32, 126]
[17, 126]
[58, 126]
[99, 126]
[14, 126]
[68, 126]
[27, 126]
[5, 126]
[54, 126]
[8, 126]
[43, 126]
[94, 126]
[40, 126]
[82, 126]
[4, 126]
[115, 126]
[116, 126]
[46, 126]
[76, 126]
[90, 126]
[2, 126]
[75, 126]
[112, 126]
[100, 126]
[6, 126]
[106, 126]
[85, 126]
[92, 126]
[55, 95]
[75, 95]
[95, 100]
[6, 95]
[12, 95]
[85, 95]
[87, 91]
[28, 91]
[91, 120]
[91, 116]
[48, 92]
[39, 50]
[50, 80]
[26, 50]
[50, 110]
[5, 50]
[40, 50]
[46, 50]
[50, 90]
[33, 50]
[50, 72]
[27, 50]
[7, 50]
[16, 50]
[4, 50]
[50, 84]
[50, 93]
[50, 113]
[50, 100]
[50, 52]
[28, 50]
[50, 120]
[50, 116]
[50, 76]
[31, 50]
[50, 92]
[34, 75]
[34, 48]
[34, 81]
[92, 95]
[2, 34]
[34, 50]
[31, 34]
[34, 51]
[34, 92]
[12, 50]
[65, 75]
[34, 112]
[50, 65]
[34, 65]
[12, 65]
[65, 102]
[76, 91]
[91, 112]
[85, 91]
[35, 70]
[35, 115]
[35, 82]
[35, 110]
[35, 106]
[32, 35]
[2, 35]
[35, 100]
[35, 113]
[102, 119]
[50, 117]
[17, 105]
[19, 105]
[47, 105]
[105, 114]
[1, 105]
[87, 105]
[21, 105]
[11, 105]
[105, 121]
[56, 105]
[41, 105]
[105, 127]
[60, 105]
[30, 105]
[54, 105]
[53, 105]
[13, 105]
[3, 105]
[94, 105]
[72, 105]
[70, 105]
[82, 105]
[26, 105]
[33, 105]
[43, 105]
[81, 105]
[44, 105]
[6, 48]
[6, 65]
[49, 94]
[40, 49]
[49, 68]
[49, 75]
[49, 76]
[49, 50]
[49, 117]
[4, 35]
[35, 37]
[35, 116]
[87, 109]
[109, 127]
[11, 109]
[42, 109]
[1, 109]
[56, 109]
[109, 121]
[41, 109]
[30, 109]
[99, 109]
[9, 109]
[53, 109]
[17, 109]
[13, 109]
[5, 109]
[29, 109]
[16, 109]
[84, 109]
[70, 109]
[8, 109]
[92, 109]
[2, 109]
[83, 109]
[43, 109]
[54, 109]
[92, 105]
[2, 105]
[105, 113]
[48, 105]
[55, 105]
[34, 105]
[35, 75]
[35, 76]
[35, 50]
[28, 35]
[35, 95]
[35, 65]
[12, 102]
[18, 89]
[64, 89]
[89, 114]
[56, 89]
[11, 89]
[89, 127]
[89, 99]
[9, 89]
[13, 89]
[80, 89]
[29, 89]
[39, 89]
[84, 89]
[8, 89]
[45, 89]
[58, 89]
[89, 93]
[54, 89]
[70, 89]
[86, 89]
[46, 89]
[89, 108]
[7, 89]
[27, 89]
[33, 89]
[89, 92]
[89, 110]
[68, 89]
[4, 89]
[48, 89]
[89, 106]
[89, 117]
[50, 89]
[89, 116]
[65, 89]
[35, 89]
[89, 91]
[89, 102]
[12, 89]
[28, 89]
[35, 112]
[89, 128]
[85, 124]
[6, 91]
[6, 35]
[52, 105]
[105, 116]
[28, 105]
[85, 119]
[105, 112]
[6, 105]
[65, 105]
[105, 117]
[12, 105]
[91, 105]
[89, 105]
[85, 105]
[49, 112]
[35, 49]
[49, 91]
[49, 95]
[49, 89]
[49, 85]
[48, 126]
[50, 126]
[35, 126]
[91, 126]
[65, 126]
[105, 126]
[49, 126]
[44, 109]
[93, 109]
[31, 109]
[51, 109]
[101, 109]
[26, 109]
[4, 109]
[7, 109]
[109, 115]
[82, 109]
[96, 109]
[28, 109]
[48, 109]
[50, 109]
[89, 109]
[49, 109]
[40, 109]
[97, 109]
[109, 111]
[34, 109]
[91, 109]
[102, 109]
