[22, 23]
[4, 23]
[3, 23]
[1, 23]
[6, 23]
[7, 23]
[10, 23]
[11, 23]
[14, 23]
[15, 23]
[16, 23]
[19, 23]
[21, 23]
[3, 5]
[2, 5]
[2, 24]
[5, 24]
[11, 75]
[2, 75]
[1, 75]
[3, 75]
[5, 75]
[6, 75]
[8, 75]
[13, 75]
[17, 75]
[25, 75]
[27, 75]
[28, 75]
[29, 75]
[30, 75]
[31, 75]
[33, 75]
[34, 75]
[35, 75]
[38, 75]
[39, 75]
[40, 75]
[46, 75]
[50, 75]
[52, 75]
[54, 75]
[56, 75]
[58, 75]
[62, 75]
[63, 75]
[64, 75]
[65, 75]
[67, 75]
[69, 75]
[71, 75]
[72, 75]
[73, 75]
[2, 57]
[6, 57]
[10, 57]
[11, 57]
[12, 57]
[13, 57]
[16, 57]
[22, 57]
[25, 57]
[26, 57]
[27, 57]
[28, 57]
[33, 57]
[37, 57]
[38, 57]
[39, 57]
[40, 57]
[41, 57]
[42, 57]
[43, 57]
[44, 57]
[45, 57]
[47, 57]
[12, 28]
[12, 74]
[3, 74]
[1, 5]
[5, 76]
[5, 21]
[23, 35]
[23, 36]
[23, 55]
[23, 50]
[23, 38]
[23, 111]
[23, 105]
[23, 103]
[23, 100]
[23, 88]
[23, 83]
[23, 140]
[23, 56]
[23, 69]
[23, 164]
[23, 47]
[23, 60]
[23, 26]
[23, 128]
[23, 53]
[23, 44]
[23, 32]
[23, 42]
[23, 39]
[23, 34]
[23, 127]
[23, 123]
[23, 113]
[23, 115]
[23, 108]
[23, 106]
[23, 98]
[23, 97]
[23, 86]
[23, 84]
[23, 82]
[23, 80]
[23, 148]
[23, 147]
[23, 146]
[23, 145]
[23, 129]
[23, 43]
[23, 37]
[23, 54]
[23, 73]
[23, 126]
[23, 125]
[23, 118]
[23, 117]
[23, 110]
[23, 104]
[23, 96]
[23, 102]
[23, 94]
[23, 93]
[23, 90]
[23, 85]
[23, 160]
[23, 156]
[23, 79]
[23, 151]
[23, 149]
[23, 142]
[23, 136]
[23, 133]
[23, 130]
[23, 109]
[23, 65]
[23, 40]
[23, 74]
[23, 62]
[23, 154]
[23, 162]
[28, 76]
[46, 76]
[21, 46]
[21, 22]
[14, 21]
[14, 26]
[1, 26]
[24, 26]
[7, 26]
[14, 22]
[1, 22]
[22, 33]
[22, 45]
[22, 48]
[22, 66]
[45, 48]
[14, 45]
[1, 45]
[26, 51]
[26, 48]
[14, 41]
[7, 41]
[48, 51]
[1, 48]
[7, 77]
[57, 77]
[22, 74]
[45, 66]
[45, 51]
[7, 51]
[1, 14]
[1, 33]
[41, 51]
[33, 41]
[41, 48]
[1, 25]
[7, 25]
[21, 155]
[24, 25]
[25, 28]
[25, 41]
[25, 45]
[25, 51]
[25, 48]
[25, 157]
[25, 150]
[25, 101]
[9, 25]
[25, 70]
[25, 158]
[25, 91]
[25, 121]
[25, 135]
[25, 61]
[25, 58]
[25, 71]
[25, 144]
[25, 161]
[25, 112]
[25, 78]
[25, 152]
[25, 95]
[25, 67]
[25, 76]
[25, 52]
[0, 25]
[114, 159]
[153, 159]
[22, 159]
[33, 159]
[51, 159]
[1, 159]
[45, 159]
[66, 159]
[107, 159]
[81, 159]
[139, 159]
[101, 159]
[46, 159]
[11, 159]
[28, 159]
[59, 159]
[18, 159]
[10, 159]
[30, 159]
[68, 159]
[70, 159]
[20, 159]
[158, 159]
[121, 159]
[159, 163]
[49, 159]
[3, 159]
[27, 159]
[71, 159]
[119, 159]
[138, 159]
[132, 159]
[92, 159]
[64, 155]
[22, 155]
[76, 89]
[18, 76]
[18, 22]
[7, 18]
[75, 77]
[75, 157]
[75, 101]
[18, 24]
[24, 28]
[11, 24]
[75, 141]
[75, 91]
[18, 41]
[62, 139]
[33, 62]
[57, 62]
[14, 62]
[1, 62]
[41, 62]
[22, 62]
[62, 150]
[62, 81]
[62, 120]
[11, 62]
[59, 62]
[10, 62]
[62, 70]
[62, 68]
[20, 62]
[15, 62]
[62, 163]
[62, 135]
[62, 119]
[62, 78]
[62, 124]
[62, 92]
[62, 76]
[0, 62]
[12, 62]
[4, 62]
[62, 101]
[62, 77]
[46, 62]
[28, 62]
[58, 62]
[6, 62]
[31, 62]
[62, 63]
[62, 72]
[8, 62]
[2, 62]
[62, 157]
[62, 122]
[62, 91]
[62, 159]
[62, 155]
[62, 141]
[62, 137]
[50, 62]
[38, 62]
[62, 88]
[62, 83]
[62, 131]
[62, 69]
[62, 164]
[47, 62]
[26, 62]
[53, 62]
[42, 62]
[39, 62]
[34, 62]
[62, 82]
[62, 127]
[43, 62]
[54, 62]
[62, 125]
[62, 117]
[62, 110]
[62, 94]
[62, 136]
[62, 65]
[40, 62]
[66, 161]
[14, 161]
[7, 161]
[57, 161]
[33, 161]
[48, 161]
[22, 161]
[153, 161]
[150, 161]
[139, 161]
[107, 161]
[120, 161]
[16, 161]
[59, 161]
[10, 161]
[99, 161]
[135, 161]
[24, 161]
[78, 161]
[41, 45]
[7, 20]
[14, 20]
[21, 158]
[1, 21]
[21, 153]
[21, 139]
[21, 120]
[11, 21]
[16, 21]
[21, 59]
[21, 70]
[21, 68]
[21, 99]
[21, 163]
[21, 49]
[21, 119]
[21, 144]
[21, 92]
[0, 21]
[12, 21]
[4, 21]
[14, 59]
[7, 59]
[22, 59]
[57, 59]
[20, 45]
[24, 163]
[24, 59]
[9, 24]
[15, 24]
[24, 158]
[24, 99]
[24, 135]
[24, 49]
[11, 20]
[20, 22]
[20, 41]
[20, 48]
[20, 66]
[20, 153]
[20, 120]
[16, 20]
[18, 20]
[20, 70]
[20, 68]
[14, 139]
[1, 139]
[70, 139]
[7, 70]
[1, 70]
[70, 71]
[14, 71]
[11, 16]
[7, 16]
[57, 66]
[51, 66]
[75, 131]
[25, 77]
[27, 131]
[81, 131]
[131, 150]
[14, 131]
[1, 131]
[107, 131]
[11, 131]
[16, 131]
[59, 131]
[10, 131]
[68, 131]
[20, 131]
[15, 131]
[99, 131]
[131, 135]
[61, 131]
[124, 131]
[131, 152]
[131, 132]
[76, 131]
[0, 131]
[21, 131]
[101, 131]
[28, 131]
[3, 131]
[6, 131]
[13, 131]
[8, 131]
[5, 131]
[2, 131]
[131, 157]
[122, 131]
[121, 131]
[71, 131]
[55, 131]
[116, 131]
[112, 131]
[95, 131]
[89, 131]
[87, 131]
[88, 131]
[52, 141]
[1, 18]
[18, 66]
[18, 81]
[18, 120]
[11, 18]
[9, 18]
[51, 153]
[14, 153]
[57, 153]
[33, 153]
[66, 153]
[22, 153]
[7, 66]
[17, 51]
[17, 33]
[19, 20]
[10, 19]
[10, 22]
[10, 45]
[19, 45]
[7, 19]
[14, 19]
[26, 66]
[26, 27]
[26, 153]
[1, 19]
[19, 51]
[19, 66]
[19, 153]
[19, 150]
[19, 81]
[19, 139]
[18, 19]
[19, 70]
[19, 68]
[19, 99]
[19, 163]
[19, 135]
[19, 61]
[19, 119]
[19, 161]
[19, 124]
[19, 152]
[19, 132]
[19, 144]
[19, 92]
[19, 76]
[0, 19]
[4, 19]
[19, 101]
[19, 46]
[19, 30]
[3, 19]
[6, 19]
[19, 67]
[19, 63]
[19, 72]
[17, 19]
[5, 19]
[2, 19]
[19, 157]
[19, 71]
[19, 55]
[19, 159]
[19, 95]
[19, 89]
[19, 87]
[19, 155]
[19, 143]
[19, 137]
[19, 138]
[19, 50]
[19, 88]
[19, 83]
[19, 56]
[19, 164]
[19, 32]
[19, 42]
[19, 39]
[19, 82]
[19, 43]
[19, 73]
[19, 125]
[19, 118]
[19, 93]
[19, 160]
[19, 149]
[19, 130]
[19, 109]
[19, 65]
[19, 40]
[14, 110]
[1, 110]
[7, 110]
[51, 110]
[66, 110]
[22, 110]
[110, 150]
[59, 110]
[18, 110]
[10, 110]
[110, 158]
[110, 132]
[110, 144]
[92, 110]
[76, 110]
[0, 110]
[4, 110]
[77, 110]
[64, 110]
[3, 110]
[6, 110]
[67, 110]
[31, 110]
[25, 110]
[13, 110]
[8, 110]
[5, 110]
[2, 110]
[110, 157]
[110, 122]
[110, 121]
[110, 114]
[91, 110]
[110, 116]
[110, 159]
[95, 110]
[110, 143]
[110, 141]
[110, 134]
[50, 110]
[38, 110]
[110, 111]
[110, 131]
[69, 110]
[60, 110]
[32, 110]
[39, 110]
[34, 110]
[82, 110]
[37, 110]
[14, 115]
[33, 115]
[1, 115]
[24, 115]
[7, 115]
[45, 115]
[48, 115]
[22, 115]
[21, 115]
[115, 157]
[115, 120]
[2, 115]
[13, 115]
[42, 115]
[99, 115]
[114, 115]
[67, 115]
[11, 115]
[46, 115]
[115, 163]
[6, 115]
[115, 154]
[81, 115]
[111, 115]
[57, 115]
[88, 115]
[2, 7]
[2, 41]
[14, 83]
[45, 83]
[48, 83]
[83, 157]
[14, 157]
[1, 157]
[20, 73]
[13, 73]
[13, 24]
[13, 14]
[132, 164]
[18, 88]
[18, 42]
[18, 99]
[18, 114]
[18, 67]
[18, 64]
[3, 18]
[18, 115]
[18, 55]
[18, 135]
[18, 108]
[18, 121]
[66, 114]
[14, 114]
[33, 114]
[1, 114]
[24, 114]
[7, 114]
[48, 114]
[22, 114]
[114, 157]
[114, 164]
[2, 114]
[75, 114]
[13, 114]
[114, 154]
[111, 114]
[50, 114]
[114, 161]
[47, 114]
[99, 114]
[153, 163]
[83, 153]
[71, 126]
[20, 71]
[21, 71]
[24, 71]
[33, 71]
[1, 71]
[41, 71]
[66, 71]
[51, 71]
[71, 157]
[71, 120]
[71, 107]
[6, 71]
[71, 154]
[71, 81]
[71, 111]
[57, 71]
[59, 71]
[42, 71]
[71, 99]
[64, 71]
[3, 71]
[71, 88]
[71, 95]
[71, 100]
[71, 148]
[71, 72]
[71, 112]
[71, 158]
[71, 127]
[30, 71]
[71, 144]
[0, 71]
[71, 92]
[61, 71]
[71, 125]
[9, 71]
[71, 91]
[71, 117]
[34, 71]
[71, 90]
[71, 78]
[15, 71]
[71, 97]
[71, 105]
[71, 87]
[71, 124]
[71, 84]
[71, 143]
[44, 71]
[71, 115]
[32, 71]
[71, 74]
[71, 142]
[71, 138]
[12, 71]
[71, 129]
[71, 134]
[37, 71]
[71, 123]
[71, 152]
[71, 130]
[71, 104]
[71, 136]
[132, 162]
[150, 162]
[162, 163]
[14, 162]
[41, 162]
[1, 162]
[62, 162]
[24, 162]
[110, 162]
[45, 162]
[83, 162]
[157, 162]
[28, 162]
[4, 162]
[13, 162]
[107, 162]
[81, 162]
[153, 162]
[131, 162]
[47, 162]
[114, 162]
[122, 162]
[108, 162]
[121, 162]
[27, 162]
[76, 162]
[128, 162]
[67, 162]
[111, 162]
[2, 162]
[41, 135]
[1, 135]
[14, 135]
[66, 135]
[7, 135]
[22, 135]
[83, 135]
[120, 135]
[135, 164]
[4, 135]
[13, 135]
[135, 163]
[57, 135]
[59, 135]
[135, 153]
[52, 135]
[114, 135]
[11, 135]
[20, 135]
[122, 135]
[48, 139]
[7, 139]
[66, 139]
[139, 164]
[46, 139]
[81, 139]
[57, 139]
[59, 139]
[41, 120]
[1, 120]
[20, 164]
[20, 47]
[20, 26]
[20, 52]
[83, 161]
[27, 161]
[27, 157]
[16, 27]
[22, 27]
[27, 48]
[7, 27]
[27, 70]
[48, 70]
[27, 51]
[51, 70]
[27, 120]
[22, 70]
[27, 164]
[70, 153]
[4, 27]
[70, 162]
[27, 107]
[50, 70]
[52, 70]
[70, 122]
[22, 120]
[14, 120]
[66, 120]
[7, 120]
[45, 120]
[4, 14]
[4, 33]
[1, 4]
[4, 7]
[14, 107]
[33, 107]
[1, 107]
[41, 107]
[66, 107]
[48, 107]
[14, 46]
[33, 46]
[1, 46]
[41, 46]
[45, 46]
[46, 51]
[4, 46]
[22, 163]
[33, 163]
[1, 163]
[66, 163]
[45, 163]
[48, 163]
[120, 163]
[4, 163]
[107, 163]
[46, 163]
[22, 81]
[33, 81]
[1, 81]
[41, 81]
[51, 81]
[4, 81]
[46, 81]
[81, 163]
[57, 81]
[33, 150]
[1, 150]
[41, 150]
[66, 150]
[45, 150]
[51, 150]
[4, 150]
[107, 150]
[46, 150]
[57, 150]
[45, 59]
[59, 107]
[46, 59]
[59, 163]
[59, 150]
[120, 153]
[4, 153]
[107, 153]
[81, 153]
[150, 153]
[16, 46]
[16, 120]
[16, 163]
[20, 114]
[11, 114]
[11, 22]
[11, 33]
[16, 150]
[16, 83]
[16, 72]
[22, 72]
[7, 72]
[25, 162]
[2, 25]
[3, 13]
[3, 41]
[26, 158]
[26, 35]
[26, 42]
[18, 26]
[26, 107]
[26, 163]
[26, 162]
[26, 150]
[26, 139]
[16, 26]
[26, 83]
[13, 26]
[26, 50]
[26, 164]
[26, 47]
[26, 122]
[6, 26]
[2, 26]
[26, 69]
[25, 26]
[26, 65]
[26, 52]
[8, 26]
[26, 49]
[26, 54]
[26, 93]
[26, 58]
[26, 155]
[26, 121]
[26, 116]
[26, 38]
[26, 101]
[26, 132]
[26, 154]
[26, 76]
[26, 128]
[26, 88]
[26, 145]
[26, 92]
[9, 26]
[26, 118]
[26, 105]
[26, 84]
[26, 64]
[26, 32]
[12, 26]
[26, 136]
[26, 119]
[26, 151]
[26, 89]
[26, 63]
[26, 140]
[26, 138]
[26, 152]
[26, 112]
[26, 144]
[26, 53]
[26, 97]
[26, 71]
[26, 106]
[26, 44]
[26, 37]
[26, 80]
[26, 90]
[26, 124]
[26, 129]
[26, 146]
[26, 73]
[26, 103]
[77, 159]
[77, 120]
[21, 77]
[55, 70]
[70, 82]
[66, 157]
[7, 157]
[70, 108]
[31, 70]
[45, 157]
[51, 157]
[70, 149]
[30, 70]
[13, 48]
[1, 13]
[13, 66]
[13, 45]
[13, 81]
[4, 13]
[13, 46]
[13, 107]
[13, 157]
[13, 28]
[13, 161]
[11, 13]
[13, 51]
[13, 67]
[13, 72]
[13, 77]
[13, 60]
[13, 164]
[13, 47]
[13, 153]
[13, 82]
[13, 108]
[13, 31]
[13, 30]
[13, 61]
[13, 94]
[13, 134]
[4, 83]
[46, 83]
[21, 157]
[28, 51]
[4, 157]
[157, 161]
[28, 161]
[20, 141]
[83, 139]
[35, 161]
[28, 35]
[14, 35]
[33, 35]
[1, 35]
[35, 41]
[24, 35]
[35, 45]
[35, 131]
[35, 162]
[35, 83]
[35, 51]
[35, 157]
[35, 164]
[35, 47]
[35, 153]
[27, 35]
[35, 149]
[35, 127]
[35, 60]
[35, 114]
[35, 82]
[35, 130]
[13, 35]
[35, 68]
[35, 56]
[35, 52]
[35, 111]
[2, 35]
[25, 35]
[35, 54]
[35, 154]
[35, 88]
[35, 158]
[9, 35]
[35, 118]
[32, 35]
[35, 119]
[35, 69]
[35, 128]
[35, 92]
[0, 35]
[15, 35]
[35, 43]
[35, 76]
[35, 53]
[35, 44]
[35, 37]
[35, 148]
[35, 40]
[35, 91]
[17, 35]
[5, 35]
[35, 39]
[35, 36]
[35, 79]
[35, 124]
[35, 142]
[35, 159]
[35, 134]
[58, 139]
[139, 157]
[46, 157]
[21, 28]
[1, 11]
[11, 66]
[4, 15]
[15, 18]
[83, 150]
[4, 11]
[11, 48]
[3, 20]
[25, 55]
[25, 82]
[25, 130]
[25, 56]
[17, 25]
[25, 32]
[32, 68]
[16, 32]
[11, 46]
[25, 160]
[15, 160]
[16, 160]
[18, 160]
[66, 160]
[1, 160]
[110, 160]
[7, 160]
[120, 160]
[160, 163]
[59, 160]
[107, 160]
[57, 160]
[4, 160]
[139, 160]
[81, 160]
[157, 160]
[28, 160]
[150, 160]
[50, 160]
[160, 164]
[153, 160]
[160, 162]
[71, 160]
[42, 160]
[135, 160]
[72, 160]
[10, 160]
[127, 160]
[141, 160]
[3, 160]
[60, 160]
[114, 160]
[31, 160]
[30, 160]
[58, 160]
[88, 160]
[64, 160]
[12, 160]
[132, 160]
[92, 160]
[70, 160]
[0, 160]
[43, 160]
[29, 160]
[117, 160]
[38, 160]
[53, 160]
[78, 160]
[123, 160]
[82, 160]
[130, 160]
[65, 160]
[8, 160]
[11, 59]
[11, 107]
[7, 15]
[15, 41]
[28, 157]
[11, 153]
[28, 153]
[153, 158]
[157, 158]
[59, 158]
[33, 158]
[50, 153]
[153, 164]
[47, 157]
[47, 163]
[7, 47]
[7, 130]
[48, 130]
[14, 47]
[14, 108]
[1, 108]
[33, 47]
[1, 47]
[24, 47]
[62, 108]
[108, 111]
[83, 108]
[83, 130]
[21, 130]
[130, 139]
[51, 130]
[107, 130]
[16, 130]
[81, 130]
[130, 162]
[130, 150]
[130, 135]
[28, 130]
[50, 130]
[130, 164]
[67, 130]
[99, 130]
[42, 130]
[72, 130]
[69, 130]
[10, 130]
[127, 130]
[130, 141]
[3, 130]
[60, 130]
[31, 130]
[30, 130]
[94, 130]
[52, 130]
[49, 130]
[58, 130]
[88, 130]
[130, 158]
[12, 130]
[130, 152]
[70, 130]
[15, 130]
[43, 130]
[29, 130]
[38, 130]
[76, 130]
[130, 148]
[78, 130]
[101, 130]
[130, 159]
[82, 130]
[47, 66]
[14, 60]
[33, 60]
[47, 131]
[22, 47]
[47, 48]
[1, 60]
[22, 60]
[24, 60]
[60, 131]
[60, 163]
[18, 60]
[21, 60]
[46, 47]
[60, 107]
[60, 162]
[47, 139]
[60, 157]
[47, 60]
[47, 51]
[60, 135]
[11, 60]
[47, 107]
[14, 61]
[33, 61]
[4, 47]
[1, 28]
[28, 46]
[28, 120]
[28, 81]
[22, 50]
[45, 50]
[50, 66]
[33, 50]
[50, 163]
[46, 50]
[50, 120]
[50, 107]
[16, 50]
[50, 81]
[50, 157]
[50, 161]
[22, 164]
[41, 164]
[20, 77]
[27, 46]
[70, 119]
[70, 158]
[61, 70]
[70, 94]
[163, 164]
[14, 164]
[48, 164]
[21, 164]
[46, 164]
[16, 164]
[4, 164]
[81, 164]
[157, 164]
[11, 150]
[28, 164]
[49, 70]
[28, 150]
[50, 164]
[67, 161]
[6, 161]
[6, 163]
[6, 24]
[6, 14]
[6, 45]
[6, 48]
[151, 163]
[45, 151]
[6, 81]
[13, 58]
[14, 58]
[6, 16]
[6, 139]
[6, 157]
[6, 150]
[6, 50]
[6, 153]
[42, 163]
[24, 42]
[33, 42]
[14, 42]
[42, 66]
[42, 45]
[22, 42]
[42, 51]
[42, 107]
[42, 81]
[16, 42]
[13, 42]
[28, 42]
[11, 42]
[6, 42]
[6, 135]
[67, 163]
[24, 67]
[88, 149]
[88, 162]
[33, 88]
[14, 88]
[88, 163]
[48, 88]
[59, 88]
[83, 88]
[88, 139]
[28, 88]
[11, 88]
[88, 135]
[67, 88]
[27, 88]
[88, 99]
[3, 88]
[77, 88]
[2, 88]
[88, 154]
[10, 88]
[49, 88]
[88, 93]
[67, 120]
[24, 123]
[41, 123]
[1, 123]
[66, 123]
[110, 123]
[7, 123]
[123, 131]
[19, 123]
[123, 163]
[18, 123]
[48, 123]
[59, 123]
[81, 123]
[16, 123]
[123, 139]
[123, 162]
[123, 150]
[13, 123]
[28, 123]
[50, 123]
[42, 123]
[123, 135]
[3, 123]
[47, 123]
[111, 123]
[123, 149]
[10, 123]
[123, 127]
[31, 123]
[30, 123]
[58, 123]
[123, 158]
[118, 123]
[119, 123]
[123, 152]
[0, 123]
[15, 123]
[38, 123]
[55, 123]
[82, 123]
[56, 123]
[65, 123]
[44, 123]
[37, 123]
[36, 123]
[69, 123]
[123, 125]
[75, 123]
[123, 132]
[123, 148]
[78, 123]
[101, 123]
[123, 124]
[109, 123]
[123, 128]
[123, 136]
[74, 123]
[123, 159]
[87, 123]
[27, 81]
[27, 83]
[27, 28]
[27, 50]
[27, 153]
[27, 42]
[27, 135]
[22, 99]
[14, 99]
[66, 99]
[16, 73]
[17, 26]
[25, 37]
[25, 154]
[25, 111]
[25, 109]
[25, 44]
[25, 136]
[25, 147]
[25, 65]
[25, 54]
[25, 104]
[31, 32]
[32, 102]
[14, 102]
[1, 102]
[66, 102]
[7, 102]
[102, 131]
[19, 102]
[102, 163]
[102, 162]
[71, 102]
[102, 107]
[4, 102]
[57, 102]
[81, 102]
[83, 102]
[50, 102]
[102, 150]
[46, 102]
[102, 153]
[102, 161]
[20, 102]
[69, 102]
[75, 102]
[6, 102]
[47, 102]
[102, 122]
[76, 102]
[102, 141]
[72, 102]
[30, 102]
[102, 118]
[102, 114]
[38, 102]
[102, 130]
[102, 148]
[102, 124]
[35, 102]
[3, 102]
[60, 102]
[10, 102]
[94, 102]
[93, 102]
[15, 102]
[43, 102]
[102, 125]
[9, 102]
[52, 102]
[58, 102]
[102, 152]
[70, 102]
[0, 102]
[102, 144]
[55, 102]
[91, 102]
[102, 138]
[102, 108]
[100, 102]
[102, 129]
[102, 116]
[102, 140]
[102, 126]
[102, 109]
[17, 102]
[102, 147]
[65, 102]
[102, 104]
[84, 102]
[97, 102]
[25, 102]
[102, 112]
[8, 102]
[73, 102]
[102, 128]
[102, 115]
[40, 102]
[95, 102]
[102, 105]
[102, 133]
[102, 121]
[102, 156]
[25, 84]
[22, 32]
[32, 41]
[22, 143]
[16, 61]
[1, 61]
[7, 99]
[99, 163]
[132, 133]
[57, 132]
[7, 132]
[70, 117]
[69, 70]
[70, 76]
[70, 118]
[38, 70]
[70, 148]
[70, 93]
[12, 70]
[43, 70]
[34, 70]
[63, 70]
[70, 79]
[70, 134]
[9, 70]
[70, 101]
[70, 152]
[27, 99]
[99, 139]
[99, 162]
[146, 157]
[45, 146]
[24, 146]
[33, 146]
[66, 146]
[24, 145]
[14, 145]
[33, 145]
[1, 145]
[66, 145]
[7, 145]
[45, 145]
[131, 145]
[145, 163]
[21, 145]
[51, 145]
[120, 145]
[139, 145]
[145, 157]
[107, 145]
[4, 145]
[57, 145]
[145, 164]
[145, 150]
[13, 145]
[46, 145]
[145, 153]
[75, 145]
[47, 145]
[72, 145]
[114, 145]
[10, 145]
[20, 145]
[30, 145]
[130, 145]
[145, 149]
[125, 145]
[124, 145]
[117, 145]
[53, 145]
[143, 145]
[137, 145]
[32, 145]
[102, 145]
[145, 158]
[122, 145]
[118, 145]
[145, 148]
[34, 145]
[63, 145]
[145, 152]
[70, 145]
[0, 145]
[144, 145]
[55, 145]
[91, 145]
[2, 145]
[108, 145]
[90, 145]
[129, 145]
[111, 145]
[126, 145]
[80, 145]
[56, 145]
[109, 145]
[44, 145]
[136, 145]
[145, 147]
[65, 145]
[54, 145]
[104, 145]
[25, 145]
[112, 145]
[73, 145]
[128, 145]
[95, 145]
[105, 145]
[133, 145]
[145, 156]
[145, 151]
[99, 107]
[77, 107]
[77, 164]
[24, 77]
[41, 77]
[59, 77]
[16, 77]
[77, 153]
[77, 135]
[42, 77]
[77, 163]
[77, 162]
[11, 77]
[28, 77]
[50, 77]
[77, 161]
[47, 77]
[141, 164]
[14, 141]
[1, 141]
[22, 141]
[99, 141]
[27, 141]
[41, 141]
[120, 141]
[11, 99]
[28, 99]
[51, 117]
[110, 117]
[66, 117]
[117, 131]
[48, 117]
[117, 157]
[4, 117]
[81, 117]
[46, 117]
[27, 117]
[41, 117]
[117, 120]
[59, 117]
[16, 117]
[88, 117]
[117, 163]
[11, 117]
[28, 117]
[50, 117]
[99, 117]
[117, 141]
[117, 135]
[77, 117]
[60, 117]
[20, 117]
[64, 117]
[30, 117]
[94, 117]
[49, 117]
[117, 149]
[31, 117]
[68, 117]
[117, 124]
[15, 48]
[50, 99]
[27, 60]
[50, 60]
[60, 161]
[60, 99]
[60, 141]
[60, 77]
[60, 114]
[33, 72]
[1, 72]
[66, 72]
[47, 150]
[47, 164]
[22, 132]
[33, 132]
[1, 132]
[48, 132]
[46, 132]
[41, 132]
[59, 132]
[132, 153]
[28, 132]
[88, 132]
[50, 132]
[72, 132]
[132, 149]
[60, 132]
[20, 132]
[64, 132]
[61, 132]
[58, 132]
[69, 132]
[94, 132]
[119, 132]
[49, 132]
[31, 132]
[68, 132]
[125, 132]
[124, 132]
[15, 132]
[29, 132]
[53, 132]
[42, 47]
[27, 47]
[10, 60]
[60, 67]
[11, 47]
[3, 163]
[3, 66]
[28, 47]
[27, 30]
[7, 30]
[30, 46]
[30, 48]
[20, 38]
[20, 101]
[30, 31]
[31, 41]
[18, 31]
[14, 31]
[31, 81]
[24, 31]
[31, 120]
[16, 31]
[22, 31]
[31, 66]
[31, 51]
[31, 157]
[21, 31]
[31, 48]
[31, 161]
[31, 163]
[31, 162]
[31, 46]
[31, 59]
[31, 153]
[31, 47]
[31, 164]
[31, 50]
[27, 31]
[31, 67]
[31, 99]
[31, 114]
[31, 42]
[6, 31]
[31, 149]
[3, 31]
[31, 141]
[31, 127]
[2, 31]
[8, 31]
[31, 82]
[47, 50]
[77, 114]
[65, 70]
[27, 67]
[67, 139]
[11, 141]
[50, 141]
[67, 141]
[42, 141]
[72, 141]
[3, 141]
[14, 67]
[33, 67]
[45, 67]
[4, 67]
[22, 67]
[66, 67]
[51, 67]
[21, 67]
[48, 67]
[46, 67]
[41, 67]
[124, 127]
[27, 124]
[18, 124]
[14, 124]
[16, 124]
[57, 124]
[124, 157]
[83, 124]
[24, 124]
[22, 124]
[66, 124]
[124, 164]
[11, 124]
[124, 161]
[28, 124]
[50, 124]
[124, 139]
[120, 124]
[88, 124]
[124, 153]
[67, 124]
[47, 124]
[114, 124]
[124, 141]
[69, 124]
[77, 124]
[124, 135]
[122, 124]
[20, 124]
[64, 124]
[58, 124]
[67, 153]
[67, 107]
[67, 99]
[27, 114]
[67, 114]
[28, 58]
[18, 58]
[33, 58]
[1, 58]
[58, 81]
[13, 64]
[14, 64]
[33, 64]
[1, 64]
[16, 64]
[59, 64]
[64, 150]
[45, 64]
[11, 64]
[22, 64]
[46, 64]
[64, 164]
[7, 64]
[28, 64]
[64, 120]
[64, 107]
[42, 64]
[64, 114]
[64, 72]
[3, 64]
[64, 69]
[64, 125]
[20, 64]
[6, 67]
[6, 99]
[41, 72]
[10, 41]
[10, 18]
[10, 46]
[7, 10]
[10, 153]
[10, 157]
[10, 83]
[10, 59]
[10, 162]
[10, 164]
[4, 10]
[10, 139]
[10, 163]
[10, 120]
[10, 47]
[10, 99]
[67, 135]
[10, 135]
[122, 163]
[24, 122]
[33, 122]
[14, 122]
[75, 122]
[57, 122]
[45, 122]
[66, 122]
[41, 122]
[51, 122]
[21, 122]
[48, 122]
[46, 122]
[59, 122]
[13, 122]
[35, 122]
[122, 164]
[22, 154]
[45, 154]
[62, 154]
[16, 154]
[24, 154]
[154, 161]
[48, 154]
[153, 154]
[59, 154]
[154, 162]
[13, 154]
[154, 164]
[4, 154]
[154, 163]
[50, 154]
[107, 154]
[47, 154]
[42, 154]
[58, 154]
[68, 154]
[4, 122]
[50, 122]
[120, 122]
[11, 122]
[88, 122]
[47, 122]
[10, 122]
[58, 122]
[58, 66]
[41, 58]
[58, 161]
[51, 58]
[7, 58]
[58, 153]
[58, 83]
[58, 59]
[58, 150]
[58, 162]
[58, 164]
[24, 52]
[14, 52]
[76, 77]
[72, 76]
[76, 139]
[76, 157]
[33, 76]
[1, 76]
[51, 76]
[76, 83]
[76, 150]
[76, 164]
[76, 120]
[20, 76]
[76, 161]
[76, 153]
[13, 76]
[50, 76]
[42, 76]
[67, 76]
[76, 94]
[33, 52]
[1, 52]
[20, 60]
[52, 60]
[21, 52]
[41, 52]
[52, 83]
[52, 59]
[28, 52]
[52, 139]
[52, 161]
[13, 52]
[11, 52]
[52, 127]
[6, 52]
[31, 52]
[52, 111]
[52, 122]
[52, 154]
[52, 65]
[52, 116]
[52, 128]
[52, 53]
[52, 143]
[52, 105]
[34, 52]
[52, 63]
[52, 144]
[52, 138]
[52, 80]
[52, 109]
[37, 52]
[52, 147]
[52, 74]
[52, 85]
[52, 146]
[52, 96]
[52, 156]
[52, 103]
[52, 99]
[3, 99]
[58, 99]
[99, 149]
[65, 99]
[55, 99]
[99, 125]
[15, 99]
[99, 128]
[32, 99]
[99, 105]
[12, 99]
[43, 99]
[34, 99]
[99, 152]
[99, 138]
[89, 99]
[99, 129]
[98, 99]
[37, 161]
[147, 161]
[2, 161]
[73, 161]
[55, 161]
[149, 161]
[98, 161]
[109, 161]
[121, 161]
[103, 161]
[116, 161]
[156, 161]
[3, 161]
[134, 161]
[36, 161]
[29, 161]
[108, 161]
[82, 161]
[85, 161]
[90, 161]
[115, 161]
[140, 161]
[113, 161]
[143, 161]
[152, 161]
[12, 161]
[5, 161]
[151, 161]
[39, 161]
[38, 161]
[93, 161]
[92, 161]
[89, 161]
[16, 17]
[17, 71]
[17, 22]
[17, 21]
[72, 155]
[75, 155]
[17, 18]
[17, 88]
[17, 66]
[17, 41]
[17, 139]
[17, 46]
[17, 150]
[17, 81]
[17, 162]
[17, 20]
[17, 99]
[17, 160]
[17, 59]
[17, 47]
[17, 107]
[17, 83]
[17, 42]
[17, 27]
[17, 60]
[17, 67]
[17, 117]
[17, 50]
[10, 17]
[17, 141]
[17, 54]
[10, 114]
[10, 141]
[22, 54]
[16, 54]
[54, 70]
[7, 54]
[33, 54]
[45, 54]
[1, 54]
[48, 54]
[52, 54]
[54, 164]
[54, 120]
[54, 132]
[54, 163]
[54, 66]
[54, 162]
[42, 54]
[54, 60]
[54, 117]
[50, 54]
[54, 141]
[22, 104]
[21, 104]
[19, 104]
[1, 104]
[24, 104]
[75, 104]
[14, 104]
[104, 131]
[104, 132]
[104, 164]
[45, 104]
[104, 135]
[104, 123]
[11, 104]
[28, 104]
[64, 104]
[88, 104]
[66, 104]
[104, 160]
[47, 104]
[104, 107]
[50, 104]
[54, 104]
[17, 104]
[53, 157]
[24, 53]
[22, 144]
[41, 144]
[48, 144]
[33, 144]
[144, 153]
[70, 144]
[144, 164]
[135, 144]
[120, 144]
[144, 163]
[16, 144]
[139, 144]
[46, 144]
[20, 144]
[42, 144]
[117, 144]
[10, 144]
[54, 144]
[17, 144]
[53, 144]
[77, 144]
[105, 144]
[30, 144]
[127, 144]
[84, 144]
[49, 144]
[58, 144]
[136, 144]
[97, 144]
[124, 144]
[144, 155]
[56, 144]
[111, 144]
[100, 144]
[133, 144]
[86, 144]
[32, 144]
[122, 144]
[76, 144]
[0, 144]
[53, 81]
[45, 53]
[53, 131]
[1, 53]
[22, 53]
[21, 53]
[53, 120]
[53, 163]
[18, 53]
[53, 88]
[53, 66]
[137, 161]
[137, 157]
[72, 157]
[72, 163]
[41, 53]
[53, 139]
[46, 53]
[53, 162]
[20, 53]
[42, 53]
[50, 53]
[10, 53]
[72, 81]
[4, 72]
[72, 164]
[72, 120]
[11, 72]
[72, 114]
[72, 139]
[72, 150]
[59, 72]
[72, 107]
[72, 83]
[42, 72]
[50, 72]
[54, 72]
[17, 72]
[72, 104]
[10, 77]
[54, 77]
[6, 54]
[17, 77]
[17, 124]
[6, 104]
[104, 124]
[6, 53]
[53, 124]
[137, 141]
[64, 137]
[132, 137]
[137, 153]
[75, 137]
[130, 137]
[18, 137]
[46, 137]
[21, 137]
[22, 137]
[20, 137]
[67, 137]
[137, 164]
[4, 137]
[120, 137]
[114, 137]
[59, 137]
[107, 137]
[42, 137]
[6, 137]
[124, 137]
[53, 137]
[50, 137]
[66, 137]
[104, 137]
[94, 137]
[65, 137]
[137, 148]
[61, 137]
[30, 137]
[127, 137]
[129, 137]
[58, 137]
[137, 155]
[56, 137]
[95, 137]
[126, 137]
[111, 137]
[100, 137]
[133, 137]
[32, 137]
[96, 137]
[118, 137]
[122, 137]
[106, 137]
[2, 137]
[80, 137]
[137, 154]
[37, 137]
[137, 147]
[98, 137]
[109, 137]
[121, 137]
[103, 137]
[137, 156]
[31, 137]
[108, 137]
[85, 137]
[90, 137]
[113, 137]
[137, 143]
[12, 137]
[5, 137]
[137, 151]
[78, 137]
[39, 137]
[38, 137]
[92, 137]
[73, 158]
[14, 73]
[11, 55]
[8, 11]
[8, 24]
[8, 130]
[8, 48]
[8, 72]
[8, 139]
[8, 51]
[8, 25]
[8, 135]
[8, 132]
[8, 16]
[8, 162]
[8, 47]
[8, 117]
[8, 41]
[4, 8]
[8, 163]
[8, 150]
[8, 81]
[8, 10]
[8, 21]
[8, 22]
[8, 114]
[8, 59]
[8, 42]
[8, 77]
[6, 8]
[105, 157]
[25, 105]
[33, 105]
[19, 105]
[62, 105]
[105, 110]
[14, 105]
[45, 105]
[75, 105]
[48, 105]
[105, 135]
[105, 162]
[27, 105]
[4, 105]
[105, 163]
[105, 139]
[10, 105]
[64, 105]
[46, 105]
[105, 141]
[72, 105]
[54, 105]
[41, 87]
[27, 87]
[14, 87]
[1, 87]
[6, 76]
[72, 87]
[87, 139]
[40, 76]
[68, 76]
[87, 141]
[93, 141]
[4, 93]
[14, 93]
[93, 110]
[1, 93]
[82, 120]
[82, 162]
[14, 82]
[33, 82]
[24, 82]
[7, 82]
[82, 135]
[82, 132]
[28, 82]
[82, 99]
[60, 82]
[82, 150]
[10, 82]
[64, 82]
[18, 82]
[46, 82]
[67, 82]
[82, 157]
[59, 82]
[72, 82]
[6, 82]
[8, 82]
[63, 82]
[44, 82]
[74, 82]
[82, 136]
[82, 97]
[82, 159]
[82, 158]
[82, 112]
[69, 82]
[76, 82]
[0, 82]
[82, 146]
[34, 82]
[79, 82]
[55, 82]
[82, 116]
[82, 124]
[3, 82]
[82, 134]
[29, 82]
[45, 87]
[18, 87]
[75, 87]
[48, 87]
[141, 159]
[75, 159]
[77, 87]
[88, 159]
[7, 87]
[60, 159]
[87, 163]
[87, 132]
[67, 159]
[87, 135]
[6, 159]
[87, 99]
[8, 159]
[105, 159]
[22, 87]
[87, 164]
[47, 87]
[87, 117]
[87, 120]
[87, 150]
[42, 87]
[20, 44]
[16, 44]
[28, 44]
[75, 97]
[44, 120]
[27, 44]
[75, 86]
[33, 44]
[75, 95]
[75, 113]
[75, 108]
[75, 142]
[75, 112]
[75, 129]
[75, 156]
[75, 90]
[75, 143]
[75, 96]
[75, 121]
[75, 138]
[75, 84]
[75, 134]
[75, 126]
[75, 80]
[75, 98]
[75, 151]
[75, 116]
[75, 89]
[75, 100]
[75, 140]
[75, 133]
[75, 106]
[44, 163]
[44, 64]
[44, 45]
[44, 131]
[18, 158]
[64, 158]
[14, 44]
[74, 163]
[74, 120]
[44, 130]
[44, 114]
[44, 135]
[44, 99]
[44, 132]
[44, 117]
[44, 141]
[44, 47]
[44, 67]
[44, 83]
[8, 44]
[15, 150]
[15, 120]
[8, 66]
[61, 163]
[44, 81]
[11, 44]
[61, 120]
[24, 61]
[61, 153]
[61, 135]
[60, 61]
[61, 83]
[61, 164]
[61, 64]
[27, 61]
[61, 72]
[46, 61]
[41, 61]
[61, 150]
[48, 61]
[4, 61]
[61, 162]
[61, 66]
[8, 61]
[61, 77]
[11, 61]
[44, 124]
[61, 124]
[44, 139]
[10, 44]
[8, 50]
[10, 61]
[61, 139]
[58, 114]
[117, 154]
[141, 154]
[77, 154]
[122, 123]
[47, 58]
[58, 67]
[58, 107]
[27, 58]
[11, 58]
[6, 58]
[42, 58]
[58, 120]
[10, 58]
[4, 58]
[50, 58]
[44, 58]
[65, 88]
[24, 65]
[65, 153]
[65, 110]
[65, 130]
[28, 65]
[65, 157]
[65, 135]
[65, 83]
[7, 65]
[65, 164]
[48, 65]
[51, 65]
[65, 150]
[59, 65]
[65, 124]
[65, 114]
[65, 67]
[65, 107]
[27, 65]
[65, 117]
[58, 65]
[17, 65]
[8, 65]
[50, 65]
[65, 77]
[119, 163]
[14, 119]
[1, 119]
[77, 119]
[13, 119]
[45, 119]
[119, 153]
[119, 120]
[18, 119]
[16, 119]
[119, 157]
[119, 135]
[22, 119]
[52, 119]
[60, 119]
[7, 119]
[46, 119]
[48, 119]
[119, 162]
[59, 119]
[119, 124]
[114, 119]
[67, 119]
[107, 119]
[119, 144]
[10, 119]
[17, 119]
[50, 119]
[119, 141]
[104, 119]
[8, 149]
[16, 149]
[110, 149]
[45, 149]
[18, 149]
[28, 149]
[149, 153]
[63, 159]
[51, 63]
[51, 149]
[64, 149]
[21, 149]
[149, 157]
[17, 159]
[72, 149]
[135, 149]
[83, 149]
[149, 164]
[46, 149]
[41, 149]
[149, 150]
[65, 159]
[81, 149]
[59, 149]
[53, 159]
[65, 93]
[124, 149]
[120, 149]
[27, 149]
[67, 149]
[11, 149]
[66, 149]
[42, 149]
[10, 149]
[4, 149]
[58, 149]
[22, 93]
[33, 93]
[24, 93]
[13, 93]
[28, 93]
[16, 93]
[93, 157]
[93, 135]
[93, 99]
[60, 93]
[83, 93]
[41, 93]
[59, 93]
[93, 124]
[93, 114]
[47, 93]
[72, 93]
[66, 93]
[42, 93]
[93, 132]
[10, 93]
[93, 117]
[58, 93]
[44, 93]
[6, 93]
[93, 149]
[14, 38]
[38, 45]
[33, 38]
[38, 153]
[13, 38]
[18, 38]
[38, 135]
[38, 52]
[38, 60]
[38, 88]
[7, 38]
[38, 164]
[38, 64]
[38, 46]
[38, 48]
[38, 51]
[38, 150]
[38, 81]
[38, 107]
[27, 38]
[11, 38]
[38, 144]
[38, 117]
[38, 157]
[10, 38]
[4, 38]
[38, 59]
[38, 124]
[38, 114]
[38, 42]
[38, 58]
[38, 50]
[38, 104]
[21, 96]
[19, 96]
[1, 96]
[24, 96]
[96, 131]
[94, 159]
[109, 159]
[39, 159]
[69, 159]
[73, 159]
[5, 159]
[142, 159]
[40, 159]
[151, 159]
[154, 159]
[54, 159]
[36, 159]
[29, 159]
[70, 96]
[62, 96]
[96, 110]
[45, 96]
[96, 153]
[25, 96]
[71, 96]
[96, 160]
[18, 96]
[49, 163]
[45, 49]
[14, 49]
[49, 77]
[21, 63]
[13, 63]
[14, 63]
[1, 63]
[9, 63]
[9, 65]
[65, 127]
[56, 65]
[65, 92]
[1, 92]
[14, 92]
[45, 92]
[92, 153]
[24, 92]
[13, 92]
[28, 92]
[16, 92]
[92, 135]
[92, 99]
[60, 92]
[57, 92]
[64, 92]
[92, 163]
[41, 92]
[51, 92]
[92, 162]
[92, 139]
[22, 92]
[67, 92]
[11, 92]
[92, 132]
[92, 120]
[92, 157]
[4, 92]
[59, 92]
[92, 124]
[92, 114]
[42, 92]
[92, 141]
[6, 92]
[77, 92]
[92, 149]
[92, 93]
[92, 96]
[92, 152]
[56, 92]
[56, 131]
[14, 56]
[33, 56]
[56, 70]
[13, 56]
[28, 56]
[18, 56]
[56, 135]
[56, 60]
[56, 88]
[56, 64]
[56, 163]
[48, 56]
[56, 150]
[56, 81]
[56, 83]
[47, 56]
[56, 67]
[56, 132]
[56, 117]
[56, 157]
[10, 56]
[56, 58]
[56, 149]
[56, 93]
[38, 56]
[56, 96]
[56, 116]
[9, 56]
[1, 9]
[9, 45]
[9, 33]
[9, 13]
[9, 28]
[9, 16]
[9, 135]
[9, 52]
[9, 60]
[9, 164]
[9, 64]
[9, 162]
[9, 150]
[9, 81]
[9, 22]
[9, 47]
[9, 67]
[9, 107]
[9, 27]
[9, 10]
[4, 9]
[9, 59]
[9, 124]
[9, 42]
[9, 44]
[9, 77]
[9, 38]
[38, 96]
[96, 135]
[96, 99]
[88, 96]
[57, 96]
[35, 96]
[64, 96]
[41, 96]
[48, 96]
[51, 96]
[96, 150]
[96, 139]
[81, 96]
[22, 96]
[47, 96]
[67, 96]
[96, 107]
[27, 96]
[11, 96]
[96, 120]
[96, 117]
[96, 157]
[4, 96]
[96, 124]
[96, 114]
[72, 96]
[42, 96]
[96, 141]
[77, 96]
[50, 96]
[96, 149]
[96, 116]
[45, 116]
[33, 116]
[116, 153]
[70, 116]
[13, 116]
[116, 160]
[18, 116]
[116, 135]
[88, 116]
[57, 116]
[7, 116]
[41, 116]
[48, 116]
[51, 116]
[81, 116]
[22, 116]
[47, 116]
[67, 116]
[107, 116]
[27, 116]
[116, 123]
[116, 120]
[116, 144]
[116, 157]
[114, 116]
[66, 116]
[58, 116]
[116, 149]
[38, 116]
[116, 152]
[1, 152]
[33, 152]
[24, 152]
[18, 152]
[152, 164]
[64, 152]
[46, 152]
[51, 152]
[152, 162]
[81, 152]
[22, 152]
[83, 152]
[67, 152]
[27, 152]
[11, 152]
[144, 152]
[10, 152]
[4, 152]
[59, 152]
[124, 152]
[114, 152]
[72, 152]
[66, 152]
[58, 152]
[141, 152]
[44, 152]
[104, 152]
[50, 152]
[38, 152]
[9, 152]
[127, 152]
[127, 131]
[45, 127]
[33, 127]
[24, 127]
[16, 127]
[18, 127]
[7, 127]
[127, 163]
[48, 127]
[127, 162]
[81, 127]
[22, 127]
[47, 127]
[127, 157]
[4, 127]
[114, 127]
[66, 127]
[42, 127]
[127, 141]
[44, 127]
[6, 127]
[93, 127]
[96, 127]
[9, 127]
[8, 93]
[8, 38]
[8, 96]
[8, 116]
[8, 152]
[8, 122]
[122, 132]
[122, 141]
[77, 122]
[119, 149]
[93, 119]
[116, 119]
[56, 119]
[17, 56]
[17, 38]
[17, 116]
[17, 127]
[17, 92]
[17, 122]
[17, 49]
[33, 49]
[13, 49]
[49, 60]
[46, 49]
[49, 162]
[49, 139]
[49, 81]
[49, 107]
[27, 49]
[49, 124]
[49, 114]
[49, 72]
[6, 49]
[49, 59]
[4, 49]
[49, 65]
[8, 49]
[49, 50]
[38, 49]
[49, 96]
[49, 116]
[9, 49]
[49, 56]
[49, 92]
[3, 49]
[3, 153]
[3, 21]
[3, 135]
[3, 164]
[3, 46]
[3, 48]
[3, 51]
[3, 162]
[3, 150]
[3, 139]
[3, 83]
[3, 157]
[3, 42]
[3, 44]
[3, 58]
[3, 10]
[3, 144]
[3, 6]
[3, 59]
[3, 50]
[3, 93]
[3, 152]
[3, 127]
[3, 96]
[3, 116]
[3, 92]
[3, 17]
[3, 100]
[19, 100]
[100, 110]
[45, 100]
[33, 100]
[100, 130]
[70, 100]
[13, 100]
[28, 100]
[88, 100]
[7, 100]
[100, 163]
[81, 100]
[47, 100]
[67, 100]
[100, 107]
[11, 100]
[100, 114]
[20, 100]
[100, 153]
[21, 100]
[100, 123]
[100, 164]
[46, 100]
[48, 100]
[51, 100]
[100, 162]
[100, 150]
[83, 100]
[100, 157]
[42, 100]
[66, 100]
[65, 100]
[6, 100]
[59, 100]
[50, 100]
[10, 100]
[100, 119]
[38, 100]
[9, 100]
[77, 100]
[49, 100]
[93, 100]
[100, 152]
[100, 127]
[100, 141]
[100, 116]
[100, 113]
[19, 113]
[62, 113]
[113, 131]
[26, 113]
[113, 130]
[24, 113]
[25, 113]
[70, 113]
[16, 113]
[113, 160]
[18, 113]
[52, 113]
[60, 113]
[57, 113]
[35, 113]
[7, 113]
[113, 163]
[22, 113]
[47, 113]
[67, 113]
[107, 113]
[11, 113]
[113, 132]
[113, 114]
[41, 113]
[20, 113]
[4, 113]
[21, 113]
[113, 123]
[113, 135]
[51, 113]
[113, 162]
[113, 139]
[83, 113]
[113, 157]
[66, 113]
[58, 113]
[113, 144]
[104, 113]
[59, 113]
[50, 113]
[10, 113]
[38, 113]
[56, 113]
[93, 113]
[113, 152]
[113, 141]
[113, 116]
[53, 113]
[53, 65]
[44, 53]
[53, 149]
[38, 53]
[9, 53]
[9, 54]
[54, 65]
[54, 58]
[54, 56]
[49, 54]
[54, 122]
[53, 93]
[53, 127]
[53, 116]
[54, 127]
[54, 92]
[3, 53]
[54, 100]
[54, 113]
[94, 113]
[94, 131]
[16, 94]
[18, 94]
[60, 94]
[67, 94]
[94, 120]
[94, 153]
[94, 135]
[46, 94]
[48, 94]
[51, 94]
[94, 107]
[94, 114]
[41, 94]
[94, 150]
[94, 139]
[42, 94]
[72, 94]
[77, 94]
[10, 94]
[94, 124]
[17, 94]
[8, 94]
[44, 94]
[38, 94]
[65, 94]
[56, 94]
[94, 119]
[94, 127]
[92, 94]
[49, 94]
[94, 152]
[3, 94]
[94, 100]
[94, 109]
[109, 131]
[45, 109]
[33, 109]
[109, 130]
[24, 109]
[16, 109]
[18, 109]
[99, 109]
[57, 109]
[64, 109]
[109, 163]
[81, 109]
[22, 109]
[47, 109]
[67, 109]
[27, 109]
[109, 132]
[109, 117]
[4, 109]
[109, 153]
[109, 164]
[48, 109]
[109, 162]
[109, 144]
[11, 109]
[41, 109]
[109, 139]
[42, 109]
[109, 141]
[72, 109]
[6, 109]
[109, 124]
[17, 109]
[8, 109]
[109, 149]
[38, 109]
[50, 109]
[109, 119]
[93, 109]
[109, 127]
[49, 109]
[109, 152]
[100, 109]
[109, 113]
[33, 63]
[57, 63]
[7, 63]
[63, 64]
[63, 81]
[47, 63]
[4, 63]
[46, 63]
[11, 63]
[63, 150]
[59, 63]
[10, 63]
[6, 63]
[63, 124]
[17, 63]
[8, 63]
[63, 104]
[53, 63]
[54, 63]
[63, 152]
[3, 63]
[63, 94]
[39, 63]
[1, 39]
[39, 145]
[26, 39]
[39, 130]
[25, 39]
[39, 70]
[39, 102]
[39, 71]
[18, 39]
[39, 163]
[22, 39]
[39, 67]
[27, 39]
[39, 120]
[39, 132]
[20, 39]
[39, 153]
[39, 135]
[39, 164]
[39, 48]
[39, 162]
[39, 107]
[39, 114]
[39, 139]
[39, 42]
[39, 72]
[39, 77]
[39, 119]
[39, 93]
[7, 39]
[39, 81]
[39, 47]
[39, 46]
[39, 51]
[11, 39]
[39, 116]
[39, 49]
[39, 100]
[39, 109]
[8, 39]
[39, 104]
[9, 39]
[39, 54]
[39, 152]
[3, 39]
[39, 94]
[69, 94]
[45, 69]
[16, 69]
[18, 69]
[69, 88]
[22, 69]
[67, 69]
[69, 120]
[69, 135]
[69, 164]
[48, 69]
[41, 69]
[69, 141]
[69, 72]
[21, 69]
[66, 69]
[33, 69]
[44, 69]
[69, 149]
[50, 69]
[57, 69]
[7, 69]
[69, 81]
[47, 69]
[4, 69]
[6, 69]
[69, 127]
[69, 96]
[69, 92]
[69, 109]
[54, 69]
[69, 104]
[9, 69]
[3, 69]
[69, 151]
[36, 69]
[29, 69]
[69, 134]
[69, 136]
[34, 69]
[69, 121]
[69, 128]
[69, 87]
[69, 155]
[69, 76]
[55, 69]
[69, 126]
[69, 140]
[0, 69]
[69, 118]
[69, 85]
[69, 80]
[69, 152]
[63, 69]
[5, 63]
[36, 63]
[63, 111]
[34, 63]
[63, 86]
[30, 63]
[63, 108]
[63, 89]
[63, 155]
[63, 147]
[63, 126]
[63, 140]
[63, 125]
[0, 63]
[63, 90]
[1, 90]
[19, 90]
[90, 131]
[90, 110]
[90, 130]
[24, 90]
[70, 90]
[13, 90]
[16, 90]
[90, 99]
[60, 90]
[88, 90]
[90, 163]
[22, 90]
[67, 90]
[20, 90]
[90, 117]
[90, 123]
[90, 164]
[48, 90]
[90, 162]
[90, 144]
[41, 90]
[83, 90]
[90, 141]
[72, 90]
[77, 90]
[66, 90]
[90, 159]
[51, 90]
[11, 90]
[59, 90]
[90, 122]
[90, 116]
[49, 90]
[90, 100]
[90, 113]
[8, 90]
[81, 90]
[4, 90]
[6, 90]
[90, 124]
[44, 90]
[90, 127]
[90, 96]
[90, 92]
[90, 109]
[54, 90]
[9, 90]
[3, 90]
[5, 90]
[90, 154]
[90, 134]
[90, 136]
[90, 121]
[15, 90]
[78, 90]
[30, 90]
[90, 108]
[89, 90]
[90, 155]
[55, 90]
[90, 126]
[90, 125]
[90, 118]
[118, 131]
[110, 118]
[14, 118]
[45, 118]
[24, 118]
[16, 118]
[99, 118]
[52, 118]
[60, 118]
[88, 118]
[118, 163]
[27, 118]
[118, 135]
[118, 164]
[48, 118]
[118, 157]
[107, 118]
[41, 118]
[118, 139]
[83, 118]
[72, 118]
[21, 118]
[66, 118]
[65, 118]
[118, 159]
[93, 118]
[7, 118]
[46, 118]
[11, 118]
[59, 118]
[118, 122]
[116, 118]
[56, 118]
[49, 118]
[100, 118]
[113, 118]
[53, 118]
[118, 149]
[47, 118]
[4, 118]
[6, 118]
[44, 118]
[96, 118]
[39, 118]
[54, 118]
[104, 118]
[9, 118]
[5, 118]
[40, 118]
[118, 154]
[29, 118]
[86, 118]
[118, 121]
[78, 118]
[30, 118]
[118, 128]
[89, 118]
[76, 118]
[55, 118]
[103, 118]
[0, 118]
[0, 14]
[0, 70]
[0, 99]
[0, 60]
[0, 88]
[0, 163]
[0, 27]
[0, 120]
[0, 20]
[0, 117]
[0, 153]
[0, 135]
[0, 164]
[0, 48]
[0, 162]
[0, 157]
[0, 107]
[0, 114]
[0, 41]
[0, 139]
[0, 77]
[0, 66]
[0, 33]
[0, 58]
[0, 50]
[0, 159]
[0, 93]
[0, 7]
[0, 150]
[0, 10]
[0, 122]
[0, 38]
[0, 116]
[0, 56]
[0, 49]
[0, 100]
[0, 113]
[0, 53]
[0, 149]
[0, 81]
[0, 4]
[0, 6]
[0, 124]
[0, 44]
[0, 96]
[0, 92]
[0, 109]
[0, 94]
[0, 39]
[0, 54]
[0, 104]
[0, 5]
[0, 40]
[0, 151]
[0, 154]
[0, 36]
[0, 143]
[0, 134]
[0, 136]
[0, 111]
[0, 115]
[0, 34]
[0, 86]
[0, 121]
[0, 15]
[0, 78]
[0, 30]
[0, 128]
[0, 87]
[0, 76]
[0, 55]
[0, 147]
[0, 126]
[0, 103]
[0, 125]
[1, 125]
[125, 131]
[110, 125]
[14, 125]
[45, 125]
[24, 125]
[13, 125]
[22, 125]
[27, 125]
[120, 125]
[125, 153]
[125, 135]
[125, 162]
[107, 125]
[41, 125]
[83, 125]
[42, 125]
[77, 125]
[33, 125]
[58, 125]
[50, 125]
[125, 159]
[119, 125]
[57, 125]
[7, 125]
[125, 150]
[59, 125]
[122, 125]
[38, 125]
[116, 125]
[49, 125]
[100, 125]
[17, 125]
[81, 125]
[4, 125]
[6, 125]
[44, 125]
[96, 125]
[109, 125]
[94, 125]
[39, 125]
[5, 125]
[40, 125]
[125, 151]
[125, 154]
[29, 125]
[125, 136]
[111, 125]
[115, 125]
[15, 125]
[125, 128]
[89, 125]
[125, 155]
[125, 147]
[125, 126]
[1, 126]
[19, 126]
[110, 126]
[45, 126]
[126, 130]
[24, 126]
[126, 160]
[18, 126]
[99, 126]
[60, 126]
[27, 126]
[120, 126]
[126, 132]
[20, 126]
[117, 126]
[123, 126]
[126, 164]
[126, 162]
[126, 157]
[107, 126]
[42, 126]
[72, 126]
[21, 126]
[66, 126]
[65, 126]
[50, 126]
[126, 159]
[119, 126]
[57, 126]
[46, 126]
[51, 126]
[59, 126]
[122, 126]
[8, 126]
[81, 126]
[38, 126]
[56, 126]
[6, 126]
[124, 126]
[96, 126]
[92, 126]
[3, 126]
[34, 126]
[121, 126]
[87, 126]
[76, 126]
[55, 126]
[126, 140]
[103, 126]
[5, 126]
[40, 126]
[126, 151]
[111, 126]
[126, 147]
[1, 147]
[131, 147]
[130, 147]
[24, 147]
[70, 147]
[28, 147]
[18, 147]
[22, 147]
[27, 147]
[120, 147]
[147, 157]
[144, 147]
[41, 147]
[83, 147]
[141, 147]
[72, 147]
[21, 147]
[66, 147]
[33, 147]
[58, 147]
[147, 159]
[46, 147]
[51, 147]
[11, 147]
[147, 150]
[122, 147]
[116, 147]
[113, 147]
[8, 147]
[4, 147]
[38, 147]
[56, 147]
[6, 147]
[127, 147]
[147, 149]
[54, 147]
[44, 147]
[96, 147]
[92, 147]
[109, 147]
[94, 147]
[86, 147]
[78, 147]
[87, 147]
[76, 147]
[55, 147]
[140, 147]
[103, 147]
[147, 151]
[29, 147]
[147, 155]
[1, 155]
[18, 155]
[88, 155]
[35, 155]
[155, 164]
[48, 155]
[155, 162]
[41, 155]
[139, 155]
[83, 155]
[77, 155]
[50, 155]
[57, 155]
[7, 155]
[51, 155]
[11, 155]
[150, 155]
[59, 155]
[10, 155]
[122, 155]
[49, 155]
[100, 155]
[113, 155]
[53, 155]
[81, 155]
[4, 155]
[6, 155]
[127, 155]
[149, 155]
[54, 155]
[96, 155]
[92, 155]
[94, 155]
[3, 155]
[143, 155]
[86, 155]
[30, 155]
[87, 155]
[108, 155]
[55, 155]
[104, 155]
[9, 155]
[5, 155]
[154, 155]
[136, 155]
[111, 155]
[115, 155]
[89, 155]
[70, 89]
[13, 89]
[18, 89]
[88, 89]
[89, 163]
[89, 120]
[89, 132]
[20, 89]
[89, 153]
[89, 135]
[89, 162]
[89, 144]
[89, 107]
[72, 89]
[33, 89]
[65, 89]
[50, 89]
[89, 119]
[89, 93]
[7, 89]
[89, 122]
[89, 100]
[89, 113]
[47, 89]
[4, 89]
[89, 124]
[89, 127]
[34, 89]
[86, 89]
[89, 121]
[89, 108]
[55, 89]
[89, 140]
[89, 103]
[5, 89]
[89, 151]
[89, 154]
[29, 89]
[89, 136]
[89, 111]
[14, 111]
[45, 111]
[13, 111]
[28, 111]
[111, 163]
[22, 111]
[111, 132]
[20, 111]
[111, 164]
[111, 157]
[107, 111]
[111, 139]
[42, 111]
[111, 141]
[72, 111]
[77, 111]
[21, 111]
[33, 111]
[50, 111]
[93, 111]
[57, 111]
[7, 111]
[51, 111]
[111, 150]
[10, 111]
[111, 122]
[111, 116]
[49, 111]
[100, 111]
[8, 111]
[81, 111]
[4, 111]
[56, 111]
[111, 124]
[111, 127]
[111, 149]
[54, 111]
[96, 111]
[92, 111]
[109, 111]
[39, 111]
[3, 111]
[36, 111]
[111, 143]
[34, 111]
[86, 111]
[111, 121]
[30, 111]
[87, 111]
[76, 111]
[103, 111]
[104, 111]
[9, 111]
[40, 111]
[111, 151]
[111, 136]
[1, 136]
[110, 136]
[14, 136]
[45, 136]
[130, 136]
[28, 136]
[16, 136]
[136, 160]
[99, 136]
[60, 136]
[120, 136]
[132, 136]
[117, 136]
[136, 153]
[48, 136]
[107, 136]
[114, 136]
[41, 136]
[136, 139]
[83, 136]
[72, 136]
[66, 136]
[33, 136]
[58, 136]
[50, 136]
[93, 136]
[57, 136]
[7, 136]
[46, 136]
[51, 136]
[11, 136]
[136, 150]
[59, 136]
[122, 136]
[8, 136]
[53, 136]
[81, 136]
[47, 136]
[56, 136]
[6, 136]
[44, 136]
[92, 136]
[94, 136]
[39, 136]
[36, 136]
[136, 143]
[121, 136]
[78, 136]
[30, 136]
[55, 136]
[136, 140]
[103, 136]
[104, 136]
[5, 136]
[40, 136]
[136, 151]
[1, 151]
[62, 151]
[131, 151]
[14, 151]
[24, 151]
[25, 151]
[13, 151]
[151, 160]
[99, 151]
[60, 151]
[88, 151]
[35, 151]
[20, 151]
[117, 151]
[151, 153]
[123, 151]
[135, 151]
[151, 164]
[151, 162]
[151, 157]
[144, 151]
[107, 151]
[41, 151]
[139, 151]
[83, 151]
[141, 151]
[72, 151]
[77, 151]
[66, 151]
[33, 151]
[65, 151]
[50, 151]
[93, 151]
[57, 151]
[51, 151]
[11, 151]
[116, 151]
[100, 151]
[113, 151]
[17, 151]
[8, 151]
[53, 151]
[124, 151]
[127, 151]
[149, 151]
[54, 151]
[44, 151]
[109, 151]
[121, 151]
[78, 151]
[30, 151]
[87, 151]
[108, 151]
[55, 151]
[140, 151]
[103, 151]
[9, 151]
[5, 151]
[5, 26]
[5, 130]
[5, 25]
[5, 70]
[5, 102]
[5, 71]
[5, 16]
[5, 160]
[5, 18]
[5, 27]
[5, 132]
[5, 20]
[5, 117]
[5, 162]
[5, 144]
[5, 141]
[5, 72]
[5, 77]
[5, 58]
[5, 119]
[5, 93]
[5, 10]
[5, 116]
[5, 49]
[5, 17]
[5, 8]
[5, 53]
[5, 124]
[5, 149]
[5, 54]
[5, 44]
[5, 96]
[5, 92]
[5, 94]
[5, 39]
[5, 36]
[5, 143]
[5, 134]
[5, 34]
[5, 78]
[5, 30]
[5, 87]
[5, 104]
[5, 9]
[9, 36]
[9, 143]
[9, 34]
[9, 86]
[9, 87]
[9, 108]
[9, 76]
[9, 55]
[1, 55]
[45, 55]
[52, 55]
[55, 60]
[55, 88]
[27, 55]
[55, 132]
[55, 117]
[55, 153]
[55, 157]
[55, 144]
[55, 107]
[41, 55]
[55, 139]
[55, 83]
[42, 55]
[55, 141]
[55, 77]
[21, 55]
[55, 66]
[33, 55]
[50, 55]
[55, 159]
[55, 119]
[7, 55]
[10, 55]
[55, 122]
[55, 116]
[55, 100]
[55, 113]
[8, 55]
[55, 81]
[4, 55]
[55, 124]
[55, 127]
[54, 55]
[55, 96]
[55, 92]
[55, 109]
[55, 94]
[39, 55]
[3, 55]
[36, 55]
[55, 143]
[34, 55]
[55, 78]
[30, 55]
[55, 108]
[108, 110]
[45, 108]
[24, 108]
[60, 108]
[88, 108]
[35, 108]
[22, 108]
[67, 108]
[27, 108]
[108, 132]
[20, 108]
[108, 135]
[108, 164]
[72, 108]
[46, 108]
[49, 108]
[108, 144]
[107, 108]
[42, 108]
[77, 108]
[21, 108]
[66, 108]
[58, 108]
[47, 108]
[50, 108]
[6, 108]
[10, 108]
[108, 122]
[108, 113]
[8, 108]
[53, 108]
[4, 108]
[56, 108]
[108, 124]
[76, 108]
[108, 149]
[96, 108]
[108, 109]
[94, 108]
[3, 108]
[108, 143]
[78, 108]
[30, 108]
[1, 30]
[16, 30]
[30, 163]
[22, 30]
[30, 153]
[30, 135]
[30, 164]
[30, 162]
[30, 72]
[30, 33]
[30, 49]
[30, 157]
[30, 83]
[30, 141]
[21, 30]
[30, 65]
[30, 58]
[30, 50]
[30, 93]
[30, 122]
[30, 113]
[30, 38]
[30, 124]
[30, 127]
[30, 87]
[30, 149]
[30, 96]
[30, 92]
[30, 109]
[30, 36]
[30, 78]
[24, 78]
[70, 78]
[16, 78]
[78, 88]
[78, 163]
[22, 78]
[67, 78]
[27, 78]
[78, 120]
[20, 78]
[78, 117]
[78, 153]
[78, 162]
[78, 114]
[72, 78]
[57, 78]
[59, 78]
[78, 157]
[78, 107]
[78, 139]
[42, 78]
[78, 141]
[77, 78]
[66, 78]
[58, 78]
[47, 78]
[78, 119]
[11, 78]
[78, 122]
[78, 113]
[8, 78]
[78, 81]
[38, 78]
[78, 124]
[78, 127]
[78, 86]
[78, 87]
[76, 78]
[78, 149]
[78, 94]
[3, 78]
[36, 78]
[78, 134]
[14, 134]
[45, 134]
[24, 134]
[28, 134]
[16, 134]
[134, 160]
[18, 134]
[60, 134]
[134, 163]
[117, 134]
[134, 153]
[134, 135]
[48, 134]
[41, 134]
[72, 134]
[33, 134]
[7, 134]
[46, 134]
[51, 134]
[134, 150]
[49, 134]
[17, 134]
[134, 157]
[107, 134]
[42, 134]
[134, 141]
[77, 134]
[21, 134]
[66, 134]
[47, 134]
[50, 134]
[134, 159]
[119, 134]
[93, 134]
[11, 134]
[6, 134]
[116, 134]
[100, 134]
[113, 134]
[53, 134]
[44, 134]
[127, 134]
[87, 134]
[76, 134]
[134, 149]
[54, 134]
[96, 134]
[92, 134]
[109, 134]
[94, 134]
[39, 134]
[3, 134]
[36, 134]
[134, 143]
[1, 143]
[14, 143]
[45, 143]
[13, 143]
[18, 143]
[35, 143]
[67, 143]
[27, 143]
[132, 143]
[20, 143]
[143, 153]
[123, 143]
[143, 164]
[48, 143]
[143, 162]
[114, 143]
[72, 143]
[7, 143]
[46, 143]
[51, 143]
[143, 150]
[59, 143]
[49, 143]
[143, 144]
[42, 143]
[65, 143]
[143, 159]
[119, 143]
[93, 143]
[11, 143]
[116, 143]
[113, 143]
[8, 143]
[44, 143]
[4, 143]
[38, 143]
[56, 143]
[124, 143]
[127, 143]
[143, 149]
[92, 143]
[39, 143]
[36, 143]
[1, 36]
[36, 131]
[14, 36]
[36, 145]
[36, 45]
[36, 130]
[24, 36]
[25, 36]
[36, 70]
[36, 102]
[13, 36]
[28, 36]
[18, 36]
[36, 88]
[36, 163]
[22, 36]
[36, 67]
[36, 120]
[36, 132]
[20, 36]
[36, 153]
[36, 164]
[36, 162]
[36, 72]
[7, 36]
[36, 150]
[36, 59]
[36, 49]
[36, 144]
[36, 42]
[36, 77]
[21, 36]
[36, 66]
[36, 50]
[11, 36]
[10, 36]
[36, 113]
[36, 53]
[36, 44]
[36, 81]
[36, 38]
[36, 56]
[36, 87]
[36, 76]
[36, 54]
[36, 96]
[36, 94]
[36, 39]
[24, 74]
[19, 74]
[25, 73]
[43, 49]
[76, 119]
[38, 76]
[76, 159]
[76, 113]
[76, 116]
[39, 76]
[76, 124]
[67, 87]
[59, 87]
[59, 73]
[11, 87]
[87, 107]
[60, 87]
[87, 94]
[29, 94]
[14, 29]
[76, 96]
[3, 76]
[76, 109]
[76, 122]
[17, 87]
[66, 87]
[29, 42]
[21, 29]
[22, 29]
[7, 29]
[7, 79]
[47, 79]
[29, 79]
[33, 79]
[79, 120]
[16, 79]
[27, 79]
[79, 110]
[79, 135]
[20, 79]
[79, 131]
[57, 79]
[24, 79]
[52, 79]
[44, 87]
[87, 149]
[87, 88]
[46, 87]
[84, 159]
[18, 29]
[27, 29]
[1, 29]
[23, 29]
[19, 29]
[29, 47]
[29, 110]
[29, 99]
[29, 52]
[29, 83]
[20, 29]
[29, 162]
[29, 45]
[29, 157]
[29, 139]
[29, 163]
[29, 100]
[29, 50]
[29, 141]
[29, 60]
[29, 58]
[29, 92]
[11, 29]
[10, 29]
[29, 59]
[29, 46]
[29, 54]
[29, 93]
[29, 65]
[29, 151]
[5, 29]
[6, 29]
[29, 53]
[54, 87]
[65, 87]
[56, 87]
[20, 115]
[25, 115]
[115, 135]
[115, 136]
[52, 115]
[77, 115]
[115, 141]
[72, 115]
[49, 115]
[10, 115]
[93, 115]
[53, 115]
[78, 115]
[100, 115]
[50, 115]
[5, 61]
[66, 105]
[44, 105]
[74, 162]
[7, 74]
[58, 105]
[74, 153]
[63, 105]
[61, 147]
[30, 104]
[24, 73]
[73, 117]
[61, 116]
[61, 118]
[58, 61]
[61, 63]
[0, 61]
[61, 151]
[56, 61]
[61, 111]
[40, 139]
[13, 40]
[40, 71]
[7, 40]
[25, 40]
[3, 61]
[3, 154]
[3, 148]
[3, 95]
[82, 90]
[82, 155]
[82, 126]
[82, 108]
[78, 82]
[82, 109]
[82, 118]
[82, 104]
[56, 82]
[82, 154]
[82, 111]
[53, 82]
[82, 156]
[37, 82]
[61, 82]
[2, 82]
[82, 122]
[32, 82]
[43, 151]
[43, 59]
[21, 43]
[14, 43]
[33, 43]
[41, 43]
[43, 132]
[24, 43]
[43, 67]
[43, 66]
[43, 77]
[38, 43]
[43, 96]
[13, 43]
[43, 162]
[43, 45]
[43, 139]
[43, 117]
[17, 43]
[42, 43]
[43, 81]
[43, 46]
[43, 135]
[43, 153]
[43, 47]
[43, 163]
[20, 43]
[43, 141]
[43, 64]
[21, 103]
[16, 103]
[22, 73]
[33, 73]
[22, 103]
[71, 103]
[103, 145]
[1, 103]
[77, 103]
[103, 157]
[57, 103]
[57, 74]
[1, 74]
[13, 74]
[13, 103]
[25, 103]
[18, 103]
[103, 123]
[14, 103]
[99, 103]
[103, 130]
[103, 144]
[103, 119]
[44, 103]
[83, 103]
[103, 139]
[103, 117]
[7, 103]
[47, 103]
[103, 160]
[35, 103]
[75, 103]
[70, 103]
[103, 159]
[103, 150]
[72, 103]
[103, 116]
[103, 132]
[59, 103]
[96, 103]
[17, 103]
[46, 103]
[103, 114]
[41, 103]
[94, 103]
[103, 162]
[45, 103]
[103, 164]
[42, 103]
[81, 103]
[93, 103]
[58, 103]
[92, 103]
[103, 107]
[30, 103]
[55, 103]
[20, 103]
[103, 127]
[103, 134]
[3, 103]
[56, 103]
[103, 109]
[54, 103]
[103, 143]
[53, 103]
[55, 104]
[36, 104]
[78, 103]
[103, 108]
[115, 150]
[60, 115]
[38, 115]
[12, 18]
[12, 76]
[12, 13]
[12, 27]
[12, 51]
[12, 157]
[1, 12]
[12, 64]
[12, 67]
[12, 22]
[12, 153]
[8, 12]
[12, 125]
[12, 14]
[12, 144]
[12, 83]
[12, 41]
[12, 162]
[12, 45]
[12, 69]
[69, 105]
[5, 12]
[105, 151]
[12, 113]
[12, 159]
[6, 12]
[12, 48]
[7, 12]
[12, 96]
[11, 12]
[12, 38]
[12, 109]
[12, 124]
[12, 100]
[12, 127]
[12, 72]
[12, 56]
[12, 93]
[12, 39]
[12, 89]
[12, 46]
[12, 116]
[12, 149]
[12, 141]
[12, 50]
[12, 54]
[12, 65]
[12, 104]
[12, 55]
[12, 36]
[12, 111]
[27, 146]
[146, 163]
[28, 146]
[146, 153]
[131, 146]
[120, 146]
[4, 146]
[51, 146]
[70, 146]
[88, 146]
[19, 146]
[64, 146]
[75, 146]
[47, 146]
[35, 146]
[146, 160]
[94, 146]
[107, 146]
[90, 146]
[63, 146]
[0, 146]
[146, 150]
[146, 147]
[25, 146]
[133, 141]
[72, 133]
[72, 146]
[20, 146]
[4, 32]
[32, 45]
[3, 29]
[29, 113]
[29, 96]
[29, 39]
[29, 116]
[29, 146]
[29, 121]
[29, 133]
[29, 148]
[29, 142]
[29, 112]
[29, 61]
[29, 128]
[29, 154]
[29, 156]
[29, 115]
[29, 105]
[29, 140]
[29, 158]
[29, 86]
[29, 91]
[29, 37]
[2, 29]
[29, 95]
[29, 98]
[29, 80]
[29, 43]
[29, 152]
[29, 85]
[29, 138]
[15, 29]
[87, 104]
[87, 109]
[87, 124]
[12, 87]
[13, 32]
[32, 83]
[9, 32]
[1, 32]
[32, 130]
[32, 164]
[32, 151]
[32, 42]
[32, 126]
[32, 120]
[32, 47]
[32, 108]
[32, 149]
[32, 78]
[3, 32]
[32, 77]
[32, 67]
[32, 114]
[32, 162]
[32, 44]
[32, 118]
[32, 131]
[32, 88]
[32, 66]
[27, 32]
[32, 64]
[32, 159]
[32, 124]
[32, 147]
[5, 32]
[32, 89]
[32, 87]
[17, 40]
[33, 40]
[40, 157]
[22, 40]
[32, 55]
[32, 76]
[77, 84]
[1, 84]
[62, 84]
[28, 84]
[84, 143]
[9, 84]
[21, 84]
[84, 123]
[84, 150]
[70, 84]
[33, 84]
[84, 130]
[83, 84]
[4, 84]
[51, 84]
[84, 153]
[35, 84]
[84, 136]
[16, 84]
[84, 110]
[84, 117]
[84, 132]
[81, 84]
[84, 131]
[57, 68]
[57, 140]
[19, 140]
[22, 140]
[62, 140]
[1, 140]
[99, 140]
[140, 144]
[83, 140]
[28, 140]
[140, 160]
[10, 140]
[16, 140]
[110, 140]
[132, 140]
[59, 140]
[41, 140]
[140, 162]
[60, 140]
[135, 140]
[134, 140]
[140, 149]
[77, 140]
[88, 140]
[27, 140]
[140, 159]
[84, 135]
[84, 134]
[72, 101]
[69, 84]
[84, 107]
[84, 90]
[36, 84]
[84, 120]
[47, 84]
[45, 84]
[44, 84]
[64, 84]
[8, 84]
[101, 139]
[101, 150]
[101, 161]
[21, 101]
[101, 157]
[101, 163]
[51, 101]
[10, 101]
[101, 125]
[7, 101]
[101, 114]
[57, 101]
[41, 101]
[101, 135]
[101, 151]
[101, 120]
[47, 101]
[45, 101]
[77, 101]
[27, 101]
[64, 101]
[8, 101]
[92, 101]
[94, 101]
[18, 101]
[49, 101]
[32, 50]
[32, 127]
[32, 56]
[32, 93]
[32, 65]
[32, 141]
[38, 87]
[58, 84]
[24, 84]
[84, 92]
[67, 84]
[0, 84]
[49, 84]
[84, 164]
[84, 108]
[84, 119]
[84, 104]
[84, 124]
[6, 84]
[50, 84]
[84, 127]
[46, 84]
[84, 100]
[65, 84]
[84, 141]
[48, 84]
[84, 87]
[54, 84]
[31, 155]
[31, 63]
[31, 144]
[31, 136]
[31, 151]
[17, 68]
[14, 68]
[10, 68]
[51, 68]
[68, 99]
[68, 153]
[4, 68]
[30, 68]
[8, 68]
[6, 68]
[95, 143]
[66, 95]
[83, 95]
[33, 95]
[11, 68]
[68, 114]
[41, 68]
[60, 68]
[68, 88]
[68, 139]
[68, 90]
[12, 68]
[68, 150]
[42, 68]
[68, 151]
[55, 68]
[9, 68]
[55, 61]
[68, 126]
[68, 147]
[68, 134]
[68, 81]
[0, 68]
[68, 118]
[68, 111]
[59, 68]
[68, 87]
[54, 68]
[3, 68]
[63, 68]
[67, 68]
[68, 164]
[68, 69]
[68, 125]
[68, 92]
[64, 68]
[48, 68]
[87, 113]
[68, 113]
[143, 152]
[32, 116]
[68, 116]
[55, 105]
[87, 96]
[32, 96]
[68, 78]
[68, 96]
[105, 136]
[0, 105]
[5, 68]
[36, 68]
[68, 119]
[105, 125]
[92, 105]
[105, 134]
[105, 108]
[50, 105]
[104, 105]
[12, 122]
[32, 122]
[32, 39]
[87, 122]
[53, 68]
[72, 158]
[81, 158]
[139, 158]
[68, 127]
[13, 158]
[22, 158]
[83, 158]
[30, 158]
[158, 162]
[60, 158]
[88, 158]
[94, 158]
[17, 158]
[90, 158]
[45, 158]
[9, 158]
[117, 158]
[42, 158]
[93, 158]
[89, 158]
[10, 158]
[135, 158]
[126, 158]
[3, 158]
[118, 158]
[111, 158]
[136, 158]
[58, 158]
[92, 158]
[158, 164]
[6, 158]
[0, 158]
[109, 158]
[108, 158]
[50, 158]
[46, 158]
[54, 158]
[76, 158]
[53, 158]
[113, 158]
[116, 158]
[127, 158]
[87, 158]
[68, 158]
[105, 158]
[56, 158]
[39, 158]
[122, 158]
[61, 158]
[154, 158]
[101, 158]
[106, 158]
[95, 158]
[74, 158]
[40, 158]
[115, 158]
[128, 158]
[15, 158]
[121, 158]
[142, 158]
[91, 158]
[138, 158]
[100, 105]
[105, 127]
[56, 68]
[56, 105]
[24, 37]
[33, 37]
[37, 99]
[37, 157]
[37, 83]
[37, 51]
[16, 37]
[37, 41]
[37, 77]
[27, 37]
[37, 139]
[17, 37]
[37, 90]
[37, 117]
[37, 59]
[37, 120]
[37, 47]
[37, 144]
[20, 37]
[37, 78]
[37, 44]
[37, 147]
[39, 105]
[68, 122]
[61, 149]
[61, 69]
[61, 119]
[36, 61]
[12, 61]
[53, 61]
[30, 154]
[2, 155]
[2, 17]
[2, 22]
[2, 21]
[2, 157]
[2, 130]
[2, 83]
[2, 14]
[2, 132]
[2, 52]
[2, 60]
[2, 139]
[2, 107]
[2, 90]
[2, 81]
[2, 117]
[2, 72]
[2, 89]
[2, 126]
[2, 136]
[2, 125]
[2, 92]
[2, 67]
[2, 6]
[2, 159]
[2, 150]
[0, 2]
[2, 8]
[2, 93]
[2, 66]
[2, 63]
[2, 64]
[2, 143]
[2, 108]
[2, 151]
[2, 48]
[2, 46]
[2, 104]
[2, 39]
[2, 69]
[2, 127]
[2, 32]
[2, 55]
[2, 12]
[2, 65]
[2, 56]
[2, 122]
[73, 157]
[70, 73]
[7, 73]
[73, 132]
[52, 73]
[60, 73]
[27, 73]
[73, 94]
[73, 90]
[47, 73]
[44, 154]
[9, 154]
[143, 154]
[134, 154]
[49, 154]
[56, 154]
[100, 154]
[73, 100]
[86, 100]
[34, 100]
[31, 100]
[40, 100]
[100, 133]
[100, 140]
[18, 140]
[66, 140]
[8, 140]
[116, 140]
[38, 140]
[104, 140]
[119, 140]
[140, 141]
[76, 140]
[92, 140]
[46, 140]
[58, 140]
[56, 140]
[2, 140]
[32, 140]
[65, 140]
[78, 140]
[84, 140]
[48, 140]
[122, 140]
[53, 140]
[73, 140]
[86, 140]
[31, 140]
[40, 140]
[115, 140]
[97, 140]
[98, 140]
[133, 140]
[129, 140]
[1, 129]
[21, 129]
[129, 163]
[19, 129]
[129, 160]
[35, 129]
[11, 129]
[16, 129]
[129, 139]
[17, 129]
[107, 129]
[129, 131]
[129, 157]
[70, 129]
[124, 129]
[64, 129]
[24, 129]
[89, 129]
[126, 129]
[118, 129]
[47, 129]
[109, 129]
[90, 129]
[94, 129]
[129, 155]
[125, 129]
[117, 129]
[7, 129]
[81, 129]
[20, 129]
[93, 129]
[54, 129]
[96, 129]
[30, 129]
[106, 129]
[121, 129]
[77, 129]
[129, 159]
[10, 129]
[129, 149]
[113, 129]
[79, 129]
[34, 129]
[18, 129]
[38, 129]
[104, 129]
[46, 129]
[58, 129]
[56, 129]
[2, 129]
[32, 129]
[78, 129]
[84, 129]
[122, 129]
[73, 129]
[31, 129]
[115, 129]
[98, 129]
[1, 98]
[98, 123]
[21, 98]
[98, 130]
[83, 98]
[28, 98]
[98, 163]
[19, 98]
[35, 98]
[98, 110]
[14, 98]
[57, 98]
[98, 139]
[17, 98]
[98, 131]
[98, 120]
[98, 157]
[33, 98]
[70, 98]
[98, 124]
[64, 98]
[24, 98]
[89, 98]
[98, 126]
[6, 98]
[98, 118]
[47, 98]
[98, 109]
[98, 125]
[0, 98]
[98, 117]
[7, 98]
[81, 98]
[20, 98]
[98, 111]
[42, 98]
[93, 98]
[98, 136]
[55, 98]
[12, 98]
[88, 98]
[9, 98]
[49, 98]
[36, 98]
[98, 142]
[98, 144]
[77, 98]
[98, 159]
[10, 98]
[98, 149]
[98, 113]
[98, 128]
[98, 135]
[87, 98]
[79, 98]
[34, 98]
[18, 98]
[8, 98]
[38, 98]
[98, 104]
[98, 119]
[76, 98]
[92, 98]
[46, 98]
[58, 98]
[78, 98]
[84, 98]
[48, 98]
[98, 122]
[73, 98]
[40, 98]
[98, 115]
[54, 115]
[55, 115]
[55, 142]
[55, 128]
[55, 79]
[14, 79]
[79, 114]
[41, 79]
[79, 162]
[79, 107]
[45, 79]
[79, 89]
[107, 121]
[121, 150]
[131, 142]
[105, 133]
[133, 157]
[18, 156]
[18, 106]
[18, 40]
[18, 91]
[18, 80]
[121, 157]
[121, 153]
[83, 121]
[40, 130]
[16, 40]
[40, 94]
[8, 40]
[142, 153]
[123, 142]
[51, 142]
[142, 163]
[63, 142]
[125, 142]
[142, 151]
[9, 142]
[3, 142]
[142, 149]
[30, 142]
[36, 142]
[27, 142]
[117, 142]
[44, 142]
[132, 142]
[77, 142]
[89, 142]
[135, 142]
[69, 142]
[64, 142]
[88, 142]
[134, 142]
[17, 142]
[33, 142]
[16, 142]
[130, 142]
[25, 142]
[50, 142]
[111, 142]
[6, 142]
[116, 142]
[38, 142]
[22, 142]
[37, 125]
[131, 148]
[142, 164]
[105, 142]
[40, 105]
[105, 154]
[105, 128]
[105, 112]
[105, 138]
[105, 106]
[80, 105]
[91, 105]
[34, 105]
[105, 146]
[85, 105]
[37, 105]
[105, 121]
[105, 115]
[73, 105]
[101, 105]
[43, 105]
[44, 156]
[99, 156]
[123, 156]
[1, 156]
[126, 156]
[73, 126]
[63, 73]
[12, 73]
[24, 156]
[132, 156]
[150, 156]
[149, 156]
[10, 156]
[19, 156]
[4, 156]
[156, 163]
[35, 156]
[57, 156]
[63, 156]
[144, 156]
[136, 156]
[135, 156]
[139, 156]
[125, 156]
[156, 159]
[130, 156]
[25, 156]
[94, 156]
[151, 156]
[114, 156]
[27, 156]
[73, 144]
[15, 73]
[15, 20]
[15, 38]
[41, 156]
[41, 74]
[74, 90]
[90, 156]
[117, 156]
[77, 156]
[155, 156]
[134, 156]
[59, 156]
[64, 156]
[147, 156]
[8, 156]
[42, 156]
[108, 156]
[109, 156]
[92, 156]
[156, 162]
[7, 156]
[118, 156]
[141, 156]
[10, 73]
[25, 133]
[63, 148]
[17, 148]
[9, 148]
[4, 148]
[83, 148]
[25, 74]
[74, 122]
[50, 74]
[74, 107]
[74, 143]
[74, 135]
[74, 114]
[74, 134]
[74, 81]
[42, 74]
[74, 109]
[45, 74]
[74, 111]
[74, 124]
[38, 74]
[20, 74]
[49, 74]
[74, 141]
[66, 74]
[74, 126]
[27, 74]
[10, 74]
[64, 74]
[74, 92]
[74, 164]
[48, 74]
[58, 74]
[74, 93]
[54, 74]
[74, 127]
[74, 125]
[74, 155]
[8, 74]
[74, 148]
[74, 156]
[74, 133]
[74, 154]
[74, 97]
[74, 86]
[40, 74]
[37, 74]
[65, 74]
[74, 87]
[15, 74]
[74, 79]
[31, 69]
[31, 89]
[147, 152]
[118, 152]
[108, 152]
[55, 152]
[32, 152]
[134, 152]
[126, 152]
[36, 152]
[111, 152]
[89, 152]
[5, 152]
[78, 152]
[87, 152]
[68, 98]
[98, 152]
[112, 149]
[2, 36]
[31, 125]
[115, 149]
[32, 103]
[76, 103]
[72, 156]
[54, 156]
[68, 140]
[105, 140]
[74, 140]
[127, 140]
[112, 140]
[37, 140]
[6, 156]
[96, 156]
[69, 156]
[65, 156]
[66, 156]
[5, 156]
[76, 156]
[93, 156]
[58, 156]
[46, 156]
[119, 156]
[56, 156]
[108, 154]
[113, 154]
[36, 154]
[122, 156]
[24, 34]
[22, 34]
[17, 34]
[34, 131]
[4, 34]
[21, 34]
[74, 85]
[34, 59]
[27, 34]
[34, 49]
[0, 37]
[15, 141]
[76, 79]
[77, 79]
[74, 128]
[73, 74]
[31, 64]
[104, 142]
[141, 142]
[65, 142]
[31, 38]
[38, 128]
[24, 142]
[73, 149]
[87, 103]
[68, 156]
[11, 146]
[10, 146]
[136, 146]
[116, 146]
[50, 146]
[146, 159]
[146, 155]
[125, 146]
[124, 146]
[49, 146]
[109, 146]
[6, 146]
[141, 146]
[7, 146]
[54, 146]
[3, 146]
[48, 146]
[108, 146]
[65, 146]
[56, 146]
[12, 146]
[39, 146]
[111, 146]
[76, 146]
[32, 146]
[78, 146]
[9, 128]
[28, 128]
[128, 161]
[133, 159]
[19, 133]
[9, 133]
[35, 133]
[21, 133]
[133, 160]
[128, 137]
[21, 128]
[83, 128]
[128, 150]
[107, 128]
[14, 128]
[128, 139]
[25, 128]
[17, 128]
[128, 157]
[57, 128]
[20, 128]
[128, 131]
[128, 143]
[128, 141]
[128, 144]
[88, 128]
[44, 128]
[16, 128]
[94, 128]
[114, 128]
[50, 128]
[77, 128]
[128, 130]
[22, 128]
[128, 164]
[47, 128]
[67, 128]
[104, 128]
[36, 128]
[41, 128]
[128, 151]
[66, 128]
[81, 128]
[3, 128]
[8, 128]
[53, 128]
[113, 128]
[82, 128]
[11, 128]
[84, 113]
[84, 105]
[128, 136]
[124, 128]
[7, 128]
[54, 128]
[56, 128]
[76, 128]
[39, 128]
[122, 128]
[66, 142]
[40, 66]
[40, 120]
[40, 164]
[40, 45]
[120, 142]
[45, 142]
[40, 47]
[40, 67]
[41, 142]
[72, 142]
[5, 142]
[113, 142]
[30, 115]
[92, 115]
[115, 119]
[31, 115]
[15, 115]
[115, 152]
[40, 115]
[43, 115]
[115, 138]
[97, 115]
[104, 115]
[115, 122]
[34, 115]
[73, 115]
[86, 115]
[106, 115]
[84, 115]
[65, 115]
[36, 115]
[87, 115]
[103, 115]
[37, 115]
[101, 115]
[91, 115]
[68, 115]
[85, 115]
[80, 115]
[80, 123]
[80, 99]
[4, 80]
[80, 160]
[35, 80]
[70, 80]
[9, 80]
[19, 80]
[57, 80]
[80, 144]
[80, 131]
[80, 94]
[80, 114]
[33, 80]
[16, 80]
[13, 80]
[80, 162]
[80, 164]
[80, 120]
[24, 80]
[58, 80]
[14, 80]
[21, 80]
[80, 83]
[80, 107]
[80, 117]
[80, 130]
[80, 139]
[17, 80]
[22, 80]
[80, 89]
[80, 108]
[56, 80]
[80, 157]
[11, 80]
[3, 80]
[80, 116]
[80, 124]
[76, 80]
[80, 111]
[42, 80]
[7, 80]
[20, 80]
[80, 100]
[80, 155]
[80, 135]
[67, 80]
[10, 80]
[80, 159]
[53, 80]
[72, 80]
[54, 80]
[30, 80]
[80, 121]
[80, 150]
[80, 136]
[79, 80]
[31, 80]
[39, 80]
[80, 92]
[80, 95]
[80, 156]
[78, 80]
[80, 133]
[80, 98]
[80, 112]
[80, 148]
[50, 80]
[80, 154]
[80, 97]
[65, 80]
[36, 80]
[80, 87]
[80, 140]
[80, 122]
[80, 103]
[80, 101]
[73, 80]
[37, 80]
[68, 80]
[80, 85]
[2, 80]
[80, 158]
[146, 158]
[98, 158]
[112, 158]
[148, 158]
[84, 158]
[140, 158]
[37, 158]
[85, 158]
[1, 85]
[71, 85]
[85, 99]
[85, 163]
[51, 85]
[85, 160]
[85, 110]
[70, 85]
[9, 85]
[57, 85]
[85, 153]
[85, 144]
[85, 131]
[85, 88]
[27, 85]
[33, 85]
[16, 85]
[85, 118]
[45, 85]
[41, 85]
[5, 85]
[24, 85]
[77, 85]
[83, 85]
[85, 107]
[85, 132]
[85, 117]
[85, 130]
[85, 126]
[17, 85]
[22, 85]
[8, 85]
[85, 108]
[66, 85]
[3, 85]
[7, 85]
[25, 85]
[20, 85]
[85, 155]
[49, 85]
[67, 85]
[10, 85]
[85, 159]
[72, 85]
[54, 85]
[81, 85]
[30, 85]
[85, 136]
[32, 85]
[85, 149]
[78, 85]
[85, 104]
[38, 85]
[58, 85]
[85, 151]
[85, 124]
[85, 150]
[55, 85]
[46, 85]
[65, 85]
[36, 85]
[79, 85]
[85, 152]
[85, 86]
[40, 85]
[85, 106]
[85, 156]
[85, 129]
[2, 85]
[73, 85]
[85, 112]
[79, 88]
[18, 79]
[22, 121]
[16, 121]
[13, 121]
[57, 121]
[28, 121]
[121, 123]
[1, 121]
[77, 121]
[121, 130]
[66, 121]
[17, 121]
[121, 144]
[33, 121]
[10, 121]
[58, 121]
[76, 121]
[12, 121]
[88, 121]
[114, 121]
[44, 121]
[59, 121]
[65, 121]
[121, 132]
[117, 121]
[22, 106]
[106, 149]
[11, 106]
[121, 134]
[109, 121]
[20, 121]
[92, 121]
[119, 121]
[24, 121]
[7, 121]
[121, 164]
[86, 94]
[35, 86]
[86, 99]
[86, 123]
[26, 86]
[86, 163]
[51, 86]
[70, 86]
[19, 86]
[86, 130]
[86, 139]
[25, 86]
[8, 86]
[42, 86]
[28, 86]
[83, 86]
[13, 86]
[86, 135]
[57, 86]
[22, 86]
[14, 86]
[16, 86]
[18, 86]
[27, 86]
[41, 86]
[86, 150]
[86, 114]
[86, 120]
[86, 162]
[33, 86]
[58, 86]
[47, 86]
[86, 88]
[86, 93]
[72, 86]
[76, 86]
[86, 113]
[56, 86]
[40, 141]
[40, 41]
[40, 108]
[40, 42]
[40, 78]
[40, 104]
[40, 162]
[40, 124]
[73, 125]
[73, 151]
[0, 73]
[73, 147]
[73, 155]
[55, 73]
[73, 150]
[64, 73]
[6, 73]
[58, 73]
[73, 89]
[73, 116]
[73, 108]
[39, 73]
[73, 164]
[48, 73]
[54, 73]
[5, 73]
[53, 73]
[73, 92]
[73, 146]
[73, 142]
[8, 73]
[73, 78]
[73, 93]
[46, 73]
[65, 73]
[34, 73]
[73, 121]
[73, 128]
[3, 73]
[73, 113]
[73, 103]
[73, 87]
[40, 72]
[40, 49]
[97, 120]
[28, 97]
[58, 97]
[97, 139]
[4, 97]
[62, 97]
[1, 97]
[35, 97]
[21, 97]
[77, 97]
[97, 130]
[11, 97]
[114, 133]
[11, 133]
[57, 106]
[49, 142]
[56, 142]
[142, 156]
[39, 142]
[48, 142]
[122, 146]
[103, 122]
[128, 146]
[127, 146]
[87, 146]
[140, 146]
[34, 47]
[34, 163]
[34, 143]
[34, 132]
[34, 50]
[34, 139]
[34, 135]
[34, 149]
[34, 81]
[34, 107]
[34, 134]
[34, 144]
[12, 34]
[34, 150]
[11, 34]
[34, 157]
[34, 114]
[34, 96]
[34, 76]
[34, 67]
[20, 34]
[34, 124]
[46, 121]
[45, 121]
[121, 141]
[68, 73]
[28, 148]
[1, 148]
[2, 61]
[72, 79]
[79, 118]
[44, 79]
[60, 79]
[79, 155]
[79, 90]
[79, 147]
[64, 79]
[38, 79]
[79, 93]
[6, 79]
[48, 79]
[56, 79]
[79, 117]
[54, 79]
[79, 132]
[79, 81]
[79, 100]
[67, 79]
[5, 79]
[49, 79]
[68, 79]
[39, 79]
[59, 79]
[79, 134]
[66, 79]
[69, 79]
[79, 116]
[79, 96]
[53, 79]
[79, 111]
[46, 79]
[79, 146]
[79, 101]
[79, 127]
[15, 79]
[79, 97]
[79, 112]
[79, 103]
[2, 79]
[79, 122]
[79, 154]
[31, 79]
[79, 84]
[73, 79]
[34, 79]
[79, 152]
[79, 138]
[43, 79]
[61, 79]
[61, 65]
[61, 156]
[61, 87]
[40, 61]
[61, 106]
[61, 133]
[61, 128]
[37, 61]
[61, 122]
[61, 154]
[61, 98]
[61, 74]
[61, 103]
[61, 91]
[61, 148]
[61, 95]
[34, 61]
[61, 101]
[61, 138]
[138, 161]
[123, 138]
[4, 138]
[138, 163]
[35, 138]
[138, 160]
[70, 138]
[130, 138]
[30, 138]
[138, 153]
[83, 138]
[63, 138]
[10, 138]
[113, 138]
[17, 138]
[138, 139]
[138, 143]
[11, 138]
[124, 138]
[22, 138]
[138, 157]
[138, 141]
[58, 138]
[33, 138]
[14, 138]
[18, 138]
[44, 138]
[138, 155]
[38, 138]
[117, 138]
[39, 138]
[114, 138]
[89, 138]
[90, 138]
[127, 138]
[135, 138]
[104, 138]
[93, 138]
[134, 138]
[96, 138]
[138, 151]
[3, 138]
[32, 138]
[36, 138]
[126, 138]
[118, 138]
[64, 138]
[24, 138]
[72, 138]
[138, 147]
[48, 138]
[27, 138]
[5, 138]
[119, 138]
[66, 138]
[56, 138]
[97, 138]
[31, 138]
[138, 152]
[121, 138]
[73, 138]
[87, 138]
[138, 156]
[116, 138]
[138, 140]
[128, 138]
[122, 138]
[138, 154]
[98, 138]
[53, 138]
[138, 148]
[34, 138]
[103, 138]
[95, 138]
[95, 123]
[95, 163]
[51, 95]
[95, 160]
[35, 95]
[95, 130]
[30, 95]
[63, 95]
[9, 95]
[95, 136]
[10, 95]
[95, 108]
[95, 113]
[11, 95]
[95, 157]
[16, 95]
[95, 162]
[14, 95]
[7, 95]
[20, 95]
[41, 95]
[27, 95]
[95, 124]
[42, 95]
[95, 164]
[95, 150]
[92, 95]
[58, 95]
[47, 95]
[54, 95]
[81, 95]
[49, 95]
[45, 95]
[95, 107]
[95, 100]
[89, 95]
[95, 127]
[95, 125]
[93, 95]
[95, 134]
[95, 151]
[95, 149]
[82, 95]
[68, 95]
[55, 95]
[12, 95]
[46, 95]
[69, 95]
[95, 118]
[64, 95]
[24, 95]
[72, 95]
[5, 95]
[15, 95]
[85, 95]
[95, 119]
[95, 146]
[39, 95]
[40, 95]
[56, 95]
[31, 95]
[84, 95]
[95, 152]
[73, 95]
[95, 133]
[37, 95]
[91, 95]
[95, 116]
[2, 95]
[95, 122]
[95, 154]
[53, 95]
[95, 148]
[34, 95]
[34, 109]
[32, 34]
[34, 120]
[34, 86]
[34, 65]
[34, 106]
[34, 128]
[34, 97]
[34, 156]
[7, 34]
[34, 43]
[34, 42]
[34, 92]
[34, 127]
[15, 34]
[34, 119]
[34, 66]
[34, 39]
[34, 40]
[31, 34]
[34, 37]
[34, 116]
[34, 122]
[34, 53]
[34, 133]
[34, 91]
[1, 91]
[91, 161]
[70, 91]
[21, 91]
[91, 94]
[8, 91]
[91, 141]
[57, 91]
[52, 91]
[44, 91]
[38, 91]
[91, 117]
[6, 91]
[90, 91]
[78, 91]
[0, 91]
[3, 91]
[60, 91]
[91, 111]
[83, 91]
[51, 91]
[30, 91]
[91, 140]
[10, 91]
[22, 91]
[91, 114]
[59, 91]
[91, 135]
[91, 136]
[16, 91]
[91, 162]
[45, 91]
[91, 151]
[72, 91]
[91, 93]
[64, 91]
[2, 91]
[91, 132]
[91, 126]
[50, 91]
[91, 103]
[91, 144]
[91, 107]
[9, 91]
[24, 91]
[91, 134]
[91, 154]
[91, 150]
[27, 91]
[87, 91]
[91, 146]
[20, 91]
[91, 152]
[91, 148]
[74, 91]
[68, 91]
[91, 120]
[65, 91]
[91, 142]
[91, 106]
[91, 128]
[91, 97]
[42, 91]
[49, 91]
[91, 92]
[85, 91]
[91, 129]
[12, 91]
[31, 91]
[37, 91]
[91, 116]
[91, 122]
[91, 127]
[73, 91]
[39, 91]
[43, 91]
[43, 94]
[43, 88]
[43, 90]
[116, 121]
[103, 121]
[87, 121]
[21, 148]
[148, 159]
[8, 148]
[57, 148]
[44, 148]
[6, 148]
[60, 148]
[48, 148]
[93, 148]
[11, 148]
[148, 149]
[148, 150]
[27, 148]
[120, 148]
[148, 153]
[139, 148]
[77, 148]
[41, 148]
[148, 163]
[47, 148]
[135, 148]
[148, 164]
[55, 148]
[107, 148]
[65, 148]
[92, 148]
[119, 148]
[117, 148]
[90, 148]
[64, 148]
[78, 148]
[0, 148]
[111, 148]
[108, 148]
[118, 148]
[50, 148]
[89, 148]
[143, 148]
[49, 148]
[68, 148]
[134, 148]
[7, 148]
[69, 148]
[140, 148]
[132, 148]
[109, 148]
[54, 148]
[146, 148]
[116, 148]
[103, 148]
[98, 148]
[121, 122]
[103, 128]
[20, 148]
[24, 148]
[122, 148]
[21, 112]
[33, 112]
[16, 112]
[52, 112]
[1, 112]
[112, 147]
[51, 112]
[112, 130]
[112, 160]
[112, 125]
[30, 112]
[88, 112]
[112, 113]
[94, 112]
[36, 112]
[112, 126]
[67, 112]
[104, 112]
[112, 124]
[57, 112]
[60, 112]
[112, 155]
[11, 112]
[112, 153]
[5, 112]
[112, 159]
[8, 112]
[44, 112]
[41, 112]
[6, 112]
[27, 112]
[77, 112]
[112, 163]
[112, 117]
[112, 150]
[112, 132]
[45, 112]
[48, 112]
[40, 56]
[40, 53]
[40, 58]
[96, 133]
[31, 58]
[118, 133]
[78, 154]
[87, 154]
[128, 154]
[121, 156]
[2, 121]
[31, 39]
[31, 124]
[31, 92]
[31, 76]
[12, 31]
[31, 93]
[5, 31]
[31, 122]
[140, 152]
[152, 155]
[31, 78]
[31, 119]
[31, 146]
[37, 150]
[85, 87]
[85, 122]
[55, 112]
[20, 112]
[24, 112]
[49, 133]
[130, 133]
[16, 133]
[133, 151]
[120, 133]
[133, 134]
[126, 133]
[133, 164]
[20, 133]
[111, 133]
[133, 153]
[59, 133]
[44, 133]
[133, 147]
[36, 133]
[113, 133]
[67, 133]
[55, 133]
[24, 40]
[40, 65]
[40, 46]
[142, 146]
[40, 54]
[40, 109]
[40, 92]
[20, 40]
[40, 87]
[40, 156]
[15, 28]
[73, 127]
[45, 86]
[86, 117]
[31, 56]
[31, 142]
[103, 142]
[31, 128]
[15, 31]
[68, 129]
[54, 86]
[53, 86]
[65, 86]
[86, 164]
[20, 86]
[24, 86]
[86, 127]
[40, 127]
[127, 154]
[103, 152]
[86, 128]
[40, 128]
[32, 37]
[37, 50]
[39, 86]
[86, 116]
[37, 141]
[48, 86]
[66, 86]
[12, 86]
[68, 86]
[86, 146]
[86, 148]
[148, 154]
[86, 87]
[86, 122]
[86, 103]
[86, 152]
[40, 48]
[40, 93]
[40, 119]
[5, 40]
[40, 121]
[40, 146]
[40, 113]
[40, 103]
[40, 86]
[2, 152]
[2, 86]
[2, 40]
[85, 154]
[152, 154]
[37, 159]
[6, 37]
[37, 118]
[37, 67]
[37, 76]
[37, 151]
[36, 37]
[37, 64]
[37, 38]
[37, 58]
[37, 46]
[37, 39]
[37, 87]
[37, 56]
[37, 119]
[5, 37]
[37, 122]
[37, 121]
[37, 146]
[37, 113]
[37, 103]
[2, 37]
[37, 86]
[37, 128]
[142, 148]
[129, 146]
[127, 129]
[32, 133]
[64, 133]
[8, 133]
[133, 155]
[125, 133]
[3, 133]
[12, 133]
[76, 133]
[56, 133]
[93, 133]
[119, 133]
[5, 133]
[108, 133]
[48, 133]
[121, 133]
[68, 133]
[103, 133]
[122, 133]
[133, 146]
[2, 133]
[86, 133]
[40, 133]
[133, 142]
[127, 133]
[133, 148]
[15, 133]
[37, 129]
[1, 15]
[15, 139]
[15, 39]
[15, 44]
[15, 162]
[15, 77]
[15, 153]
[15, 55]
[15, 50]
[15, 72]
[15, 104]
[15, 135]
[15, 157]
[9, 15]
[15, 136]
[15, 81]
[8, 15]
[15, 58]
[15, 140]
[15, 46]
[15, 114]
[15, 65]
[12, 15]
[15, 76]
[15, 87]
[15, 56]
[5, 15]
[15, 121]
[15, 68]
[15, 122]
[15, 146]
[15, 152]
[15, 154]
[15, 128]
[15, 142]
[15, 127]
[15, 129]
[81, 97]
[97, 157]
[97, 149]
[97, 141]
[97, 131]
[13, 97]
[16, 97]
[24, 97]
[25, 97]
[60, 97]
[20, 97]
[97, 117]
[97, 147]
[97, 162]
[55, 97]
[27, 97]
[10, 97]
[97, 104]
[97, 135]
[97, 118]
[90, 97]
[32, 97]
[30, 97]
[44, 97]
[49, 97]
[36, 97]
[64, 97]
[97, 124]
[8, 97]
[97, 155]
[97, 114]
[59, 97]
[78, 97]
[97, 134]
[65, 97]
[97, 164]
[12, 97]
[87, 97]
[56, 97]
[93, 97]
[97, 119]
[53, 97]
[97, 113]
[97, 122]
[97, 146]
[97, 128]
[31, 97]
[97, 142]
[97, 127]
[37, 97]
[97, 148]
[97, 133]
[112, 152]
[112, 141]
[63, 112]
[50, 112]
[109, 112]
[111, 112]
[64, 112]
[92, 112]
[54, 112]
[69, 112]
[112, 128]
[66, 112]
[12, 112]
[76, 112]
[112, 156]
[112, 119]
[108, 112]
[112, 121]
[68, 112]
[103, 112]
[112, 146]
[2, 112]
[112, 154]
[112, 142]
[112, 127]
[15, 43]
[12, 43]
[10, 43]
[43, 126]
[0, 43]
[43, 118]
[32, 43]
[43, 143]
[36, 43]
[43, 136]
[43, 124]
[43, 89]
[3, 43]
[43, 78]
[43, 74]
[43, 56]
[5, 43]
[43, 53]
[43, 63]
[43, 50]
[43, 111]
[43, 54]
[43, 152]
[43, 73]
[43, 76]
[43, 122]
[43, 108]
[43, 68]
[2, 43]
[43, 86]
[43, 154]
[31, 43]
[43, 142]
[43, 127]
[43, 97]
[41, 106]
[51, 106]
[106, 123]
[28, 106]
[94, 106]
[88, 106]
[21, 106]
[29, 106]
[19, 106]
[4, 106]
[35, 106]
[82, 106]
[25, 106]
[106, 110]
[17, 106]
[47, 106]
[106, 163]
[43, 106]
[106, 120]
[106, 131]
[106, 160]
[27, 106]
[106, 147]
[106, 132]
[55, 106]
[106, 130]
[6, 106]
[96, 106]
[106, 150]
[106, 157]
[90, 106]
[42, 106]
[106, 144]
[9, 106]
[7, 106]
[106, 114]
[65, 106]
[24, 106]
[106, 116]
[87, 106]
[93, 106]
[106, 113]
[106, 109]
[64, 106]
[92, 106]
[69, 106]
[10, 106]
[32, 106]
[106, 136]
[106, 124]
[89, 106]
[3, 106]
[48, 106]
[106, 121]
[63, 106]
[106, 111]
[103, 106]
[54, 106]
[76, 106]
[106, 146]
[106, 122]
[106, 108]
[68, 106]
[106, 148]
[2, 106]
[86, 106]
[31, 106]
[84, 85]
[106, 127]
[37, 106]
[15, 106]
[31, 101]
[39, 101]
[46, 101]
[100, 101]
[101, 104]
[6, 101]
[101, 140]
[101, 164]
[101, 119]
[101, 116]
[87, 101]
[93, 101]
[101, 113]
[101, 129]
[66, 101]
[101, 124]
[78, 101]
[101, 111]
[101, 103]
[36, 101]
[54, 101]
[12, 101]
[101, 108]
[74, 101]
[43, 101]
[101, 121]
[101, 128]
[2, 101]
[101, 146]
[101, 122]
[86, 101]
[101, 154]
[101, 148]
[101, 133]
[101, 127]
[101, 142]
[101, 106]
[97, 106]
[106, 112]
[101, 112]
[84, 156]
[74, 84]
[68, 84]
[84, 121]
[84, 122]
[84, 148]
[31, 84]
[84, 142]
[84, 97]
[84, 112]
